target,prediction_0,prediction_1,prediction_2
2,0.028524032796060646,0.026644150240284017,0.9448318169636554
0,0.9473694326676804,0.012338373566423233,0.040292193765896364
0,0.9707656027810978,0.008478122713967326,0.02075627450493485
2,0.10806139917601035,0.12531602947775128,0.7666225713462385
0,0.8892000466268637,0.017679588511454868,0.09312036486168135
0,0.8438938783516864,0.0024651450157625312,0.15364097663255108
0,0.863329661361976,0.03393066060271536,0.10273967803530848
2,0.027699986450878712,0.03021773040819096,0.9420822831409303
0,0.9853897335746908,0.0007960815736091353,0.013814184851700061
1,0.3441680701683105,0.03659603221032541,0.6192358976213641
2,0.028767377018729747,0.016759781316271687,0.9544728416649986
0,0.8649682760010345,0.014491589327449962,0.1205401346715155
0,0.9254011323487868,0.01265714837672751,0.06194171927448573
0,0.8933050575872027,0.013075317530710102,0.09361962488208729
0,0.8601805795674847,0.06213389988385327,0.07768552054866194
2,0.2385551387951938,0.12002882367411861,0.6414160375306875
0,0.910283199483869,0.006898102588237667,0.08281869792789333
2,0.788148200410691,0.04748036985046965,0.1643714297388394
0,0.9357196641305847,0.01848624263596531,0.04579409323344992
2,0.1791429532091521,0.07388444369948532,0.7469726030913625
0,0.9369694584028146,0.024916734135215963,0.03811380746196936
1,0.4287634674565202,0.09300050392400357,0.47823602861947606
2,0.026614699870777837,0.006233840863796622,0.9671514592654255
0,0.9560561121827009,0.008075057114387706,0.035868830702911275
0,0.6441150610406301,0.0438584785499744,0.31202646040939563
0,0.9024040448659597,0.017714901970660925,0.07988105316337933
0,0.948079713062343,0.008273420598975808,0.043646866338681256
0,0.9762617561270015,0.01009607493054675,0.013642168942451684
0,0.3284334678220631,0.033423755431813286,0.6381427767461236
0,0.9264057697169731,0.01328922801943659,0.06030500226359042
2,0.050482101641311526,0.035573396197524795,0.9139445021611637
2,0.4466283011829841,0.02377172154447491,0.529599977272541
0,0.27857768013100753,0.21651388733671023,0.5049084325322822
2,0.3794400866068038,0.03938515376892138,0.5811747596242748
0,0.7820741468477888,0.06689564643662045,0.15103020671559084
2,0.03162314386641219,0.016957227477477337,0.9514196286561104
2,0.3314695672649773,0.04020597988434692,0.6283244528506757
0,0.9280365760853795,0.03540829145843206,0.036555132456188424
0,0.24395784504897167,0.06406452312306617,0.6919776318279622
0,0.6943066410321496,0.06506633602228405,0.24062702294556634
0,0.8189608035911545,0.006281771316244271,0.17475742509260125
2,0.09962908133651717,0.5417412505033292,0.35862966816015357
0,0.8424384763190683,0.014371901060867562,0.14318962262006418
0,0.9743934243756771,0.004330963216912091,0.021275612407410827
0,0.9301495512622113,0.005422743827802798,0.06442770490998587
0,0.7974828078041243,0.0517487898888074,0.15076840230706828
0,0.9092476972346198,0.005315375032575458,0.0854369277328047
2,0.8534854223989836,0.014448865982218909,0.1320657116187975
0,0.8986738713979976,0.005082688983168333,0.0962434396188341
2,0.46466494228771366,0.06328708050723778,0.4720479772050486
0,0.9299001435211758,0.04113246047418876,0.028967396004635527
0,0.9760541715844817,0.007250555128414038,0.01669527328710422
2,0.07346630841434403,0.0057713208000209635,0.9207623707856349
2,0.4364318908631432,0.04060041301584952,0.5229676961210074
2,0.18934203743952246,0.022449053487510525,0.788208909072967
0,0.8110860129309517,0.006106028677667168,0.18280795839138123
0,0.8483012133800345,0.1019009716828092,0.049797814937156216
0,0.818115818085789,0.06540072849195877,0.1164834534222522
0,0.9489173720356519,0.005026253793188823,0.04605637417115935
0,0.848053584127688,0.04292993834246212,0.10901647752985
1,0.7483787210781471,0.05116355440480508,0.20045772451704788
2,0.8486925802726288,0.019213484917031214,0.1320939348103398
0,0.9524496956166157,0.011663511593176345,0.03588679279020811
2,0.1518833139152963,0.016326549569463607,0.8317901365152401
2,0.07137123242582828,0.04961356580790041,0.8790152017662713
2,0.016443757771535086,0.006825625856474565,0.9767306163719904
1,0.9182848107617991,0.002904172781577722,0.07881101645662325
2,0.3220165849724436,0.041603353223726935,0.6363800618038294
2,0.08834114626718842,0.11895916019685022,0.7926996935359614
0,0.9521402629294873,0.004976610831317861,0.04288312623919477
0,0.9861726133517188,0.0017724357429160997,0.012054950905365291
0,0.6783065917464884,0.011751149886409823,0.30994225836710176
0,0.9586922298492719,0.0075782598459201485,0.03372951030480782
0,0.9430377213777682,0.021793096485082677,0.03516918213714914
2,0.0033826811038606204,0.0029232935190718254,0.9936940253770675
2,0.03115395709138711,0.008392792002361954,0.9604532509062509
0,0.9817609286744056,0.0007605594988416639,0.01747851182675259
0,0.6550578699855178,0.03485690950090865,0.3100852205135735
0,0.9539851152007408,0.0064933421857972075,0.03952154261346211
0,0.782722313843355,0.010901550140194503,0.20637613601645055
0,0.8381273450073238,0.05111035970352607,0.11076229528915023
2,0.7153647963996034,0.018319186458872896,0.2663160171415238
1,0.5623734182228027,0.00440173911626131,0.433224842660936
0,0.8580670534895855,0.01606186087559698,0.12587108563481747
0,0.8434343768224153,0.018964766777946944,0.1376008563996377
2,0.6073268505146341,0.06724470529696414,0.3254284441884018
0,0.9604210163774688,0.0055650573089902735,0.03401392631354075
2,0.05215137769222134,0.02859398996059555,0.9192546323471831
0,0.9593749497251639,0.008348380373935057,0.032276669900901014
0,0.8602660317528935,0.018226741302640632,0.12150722694446589
0,0.8767249246929026,0.005960583828005951,0.11731449147909144
0,0.8612409478446785,0.02504834802989953,0.11371070412542195
0,0.9232705485342592,0.03029857146238705,0.04643088000335396
0,0.975499553388665,0.008203464380050648,0.01629698223128436
0,0.9565395862385672,0.007580346759095498,0.03588006700233715
0,0.948473087620477,0.019772833916233308,0.03175407846328982
0,0.9738056404710013,0.003584946612687414,0.022609412916311265
2,0.007523895563211677,0.026794766346243084,0.9656813380905452
0,0.9512157064696692,0.02528101358751804,0.023503279942812833
0,0.47909862512044965,0.0413103126644696,0.4795910622150807
2,0.03173422200492923,0.0639986415378314,0.9042671364572394
2,0.004713252589848821,0.0011113342137202354,0.994175413196431
2,0.03984038442741679,0.026817993206475287,0.9333416223661078
2,0.015347418124866875,0.05689124737683531,0.9277613344982977
0,0.9502994483923182,0.01694981943131333,0.03275073217636856
0,0.9498411450609889,0.026929166629408006,0.02322968830960296
0,0.9560338404731193,0.008805344463770334,0.03516081506311031
2,0.46452559256913994,0.03744087199609249,0.4980335354347675
0,0.5011042784176247,0.0356536380892171,0.46324208349315815
2,0.16492625050477286,0.08886581324172094,0.7462079362535061
0,0.9324774941624141,0.025652780214277207,0.04186972562330867
2,0.18423045882408667,0.09367292389096525,0.722096617284948
0,0.9334151103664422,0.013308452342723423,0.053276437290834484
2,0.04145945016325102,0.058382223498228865,0.9001583263385202
0,0.9401365702602401,0.0019247836853166723,0.0579386460544434
0,0.6905746779591933,0.02727911705918788,0.2821462049816189
0,0.9668958954645643,0.0036770910778969315,0.029427013457538804
0,0.9515490501800913,0.004258951326690626,0.044191998493218046
0,0.942356303672243,0.015446428497379813,0.04219726783037722
2,0.6360332420275954,0.01167313914309246,0.3522936188293122
0,0.8641736534631912,0.017701877128747344,0.1181244694080614
0,0.9487553507268119,0.014600738940433648,0.03664391033275453
0,0.8297941980823152,0.03889124241395126,0.13131455950373358
0,0.9624796249766842,0.0022079729701956962,0.03531240205312014
0,0.48154492006417865,0.010800101555399132,0.5076549783804222
0,0.5766198566689,0.055627731623134266,0.36775241170796574
0,0.9477292382071747,0.008119751044211016,0.0441510107486144
0,0.9152220484958091,0.01075425318736058,0.07402369831683021
2,0.26348280276001196,0.07480943501370045,0.6617077622262877
0,0.9396304804556433,0.01816025651531681,0.042209263029039955
2,0.1261924084186226,0.012482356964890662,0.8613252346164867
0,0.8936633988985407,0.009328727845237646,0.09700787325622154
2,0.028133879803193464,0.03567412321760535,0.9361919969792013
0,0.9455472210712041,0.016616194549750194,0.037836584379045586
2,0.551079841765021,0.12974378366311823,0.3191763745718607
2,0.48691695841770316,0.029915657332830404,0.48316738424946637
0,0.8235180666592113,0.009661755811808623,0.16682017752898
0,0.984306915920535,0.002754086262720728,0.012938997816744414
0,0.8948147702941075,0.045033650684880536,0.060151579021011974
2,0.5216886800469649,0.02200164107551284,0.4563096788775222
0,0.48618973198989174,0.10520179290254403,0.4086084751075642
0,0.2174549436794857,0.1005029218970502,0.6820421344234641
0,0.9152565711430786,0.023993385598616572,0.06075004325830488
0,0.6159709666864347,0.011841909317121837,0.3721871239964436
0,0.7868808661057874,0.048738910695119826,0.1643802231990928
0,0.9243697493297816,0.0015441502315449306,0.07408610043867363
2,0.08791793552932312,0.06305489492559183,0.8490271695450851
0,0.9280071648699074,0.018296164449684547,0.05369667068040803
0,0.9500106943182091,0.019270493959806793,0.030718811721984218
2,0.21922936081922287,0.15882256692629093,0.6219480722544862
0,0.9607973547506892,0.004463568944953423,0.034739076304357255
2,0.4661197511447118,0.04360252319387102,0.49027772566141725
0,0.95973921448781,0.011949098558888604,0.02831168695330138
0,0.934804692923032,0.007130436801583507,0.058064870275384525
0,0.6120030488609342,0.02294438942148663,0.36505256171757927
0,0.8912248293013847,0.007374141198528099,0.10140102950008728
2,0.012378583844247797,0.0060289157220569465,0.9815925004336953
2,0.030963318582943444,0.011774536798576459,0.9572621446184801
2,0.69541092247268,0.011584808039292498,0.2930042694880276
0,0.9414975736968282,0.005391341203188732,0.053111085099983184
0,0.026403851373279327,0.019761611864191078,0.9538345367625296
0,0.9883146239263089,0.0012888057502167542,0.010396570323474241
2,0.8414234087938797,0.010742826037683213,0.1478337651684372
2,0.7758861584573913,0.034849527963937005,0.18926431357867166
0,0.856209325357415,0.004347121504248068,0.13944355313833698
2,0.3731202518268463,0.13188076804997034,0.4949989801231832
0,0.9561972642978361,0.016204820269077755,0.027597915433086165
2,0.014749626948671987,0.009749329159460302,0.9755010438918678
2,0.8051597954735094,0.01646688568834856,0.17837331883814206
0,0.9025967268325522,0.007306142575511985,0.09009713059193578
0,0.7285233894162968,0.10870268298718923,0.16277392759651405
1,0.20319276558361662,0.09012106590728491,0.7066861685090986
2,0.23833811916297315,0.04001684426303504,0.7216450365739918
0,0.832782794735584,0.059332835937594745,0.10788436932682129
2,0.09625838409197368,0.08869433350640146,0.8150472824016249
2,0.04460654611193774,0.03438436597109749,0.9210090879169649
0,0.9746397874942164,0.005299778386897937,0.020060434118885626
0,0.13109913841254406,0.03509059457198201,0.833810267015474
2,0.12086680172146991,0.027312101429980584,0.8518210968485495
0,0.9257429761502558,0.002304811700072876,0.0719522121496714
0,0.3229624220613657,0.05819662769782406,0.6188409502408102
0,0.5666989755268453,0.06844066669224591,0.3648603577809087
2,0.006787919022594127,0.0026085707105210896,0.9906035102668846
0,0.9692963180782488,0.0033279579252139054,0.027375723996537375
2,0.23114004906123786,0.08196626979960416,0.6868936811391579
2,0.4248536790016631,0.06155626301665528,0.5135900579816817
1,0.39278117021334064,0.15708267065139234,0.4501361591352671
0,0.6670498267850901,0.02168084985101764,0.31126932336389235
2,0.31315180300469175,0.009004517415833153,0.6778436795794751
2,0.36571333352340685,0.10396770327892384,0.5303189631976692
0,0.747633961461374,0.07796101149010914,0.174405027048517
0,0.9683182794437517,0.004429583149546396,0.027252137406701894
0,0.7751884928449543,0.03560466372822237,0.18920684342682337
2,0.18510703568683526,0.023294176113480995,0.7915987881996837
2,0.4020919354803301,0.02522622714714022,0.5726818373725296
0,0.9576874263211914,0.009386799097678806,0.03292577458112975
0,0.6835138829589948,0.057947344689013684,0.25853877235199146
0,0.9533580392509718,0.01153552788889991,0.03510643286012818
2,0.9194366804376833,0.01464424141838117,0.06591907814393551
0,0.9705978959708085,0.005075616880641063,0.024326487148550572
0,0.9140576742391477,0.004207284654453105,0.08173504110639916
0,0.9776963111821734,0.003305936782905099,0.018997752034921527
2,0.8079803746739884,0.02000074940244082,0.17201887592357087
0,0.9660750536743183,0.012750126329775296,0.02117481999590645
0,0.9143468684780907,0.0037361319354709773,0.08191699958643843
0,0.14887722607394388,0.025959699610622847,0.8251630743154332
0,0.9156547625510658,0.0033106965407353897,0.08103454090819891
2,0.39776658540211834,0.03736459861070642,0.5648688159871752
0,0.9607042379641061,0.007025062026949526,0.03227070000894434
2,0.11220658923121543,0.01806498237940984,0.8697284283893748
0,0.8929474412088767,0.044740309167688556,0.062312249623434735
2,0.8829356979353105,0.04005818554613955,0.07700611651855
2,0.09315041646262717,0.13558221492730815,0.7712673686100646
2,0.07065621772002104,0.02649213616099648,0.9028516461189824
0,0.4391886040167027,0.09241480263665786,0.46839659334663947
0,0.9222665262707432,0.014106660759539058,0.06362681296971771
0,0.9437743524740173,0.005293673599359479,0.05093197392662321
0,0.931351089256281,0.024719666415150165,0.043929244328568984
2,0.6545949304821822,0.01228848306448467,0.3331165864533331
0,0.9667622181079963,0.005580687150752187,0.027657094741251605
0,0.29057759316789017,0.17369611780287533,0.5357262890292345
0,0.9736100861659087,0.0015002444439208488,0.02488966939017053
2,0.9359054525345174,0.01003011384047859,0.054064433625004016
2,0.7488824559945547,0.01079012935232633,0.24032741465311894
2,0.011903069546015638,0.01902565572931548,0.9690712747246688
0,0.9725079402547085,0.0036211469701510337,0.023870912775140363
0,0.945657286674854,0.027648854123593452,0.026693859201552553
2,0.39291613665126335,0.06883043147326663,0.53825343187547
2,0.11571469636826709,0.03938228717258292,0.84490301645915
2,0.05205213537772617,0.035209867633869636,0.9127379969884042
0,0.8904001953409696,0.005403385831536367,0.104196418827494
2,0.058976327911849216,0.010105643019125164,0.9309180290690255
0,0.738209409509138,0.06278388740521906,0.1990067030856428
0,0.9587802791614668,0.009013123388328255,0.03220659745020496
0,0.3611982182769786,0.0850255738029125,0.5537762079201088
0,0.7718757645765829,0.025331211364845386,0.20279302405857175
2,0.37002806386488796,0.01666942806194895,0.6133025080731631
2,0.8175877632930477,0.005072807400824194,0.177339429306128
0,0.9856538207430228,0.0038196085880259256,0.01052657066895142
2,0.27924796442636,0.02736005673925477,0.6933919788343852
2,0.058874668168591986,0.029493978351510873,0.9116313534798971
0,0.7426917001397807,0.011308228253965465,0.2460000716062539
0,0.9272959981358008,0.005523467767983904,0.06718053409621519
0,0.9831940706503833,0.0009144537956868024,0.015891475553929744
0,0.7534649441172528,0.020965002517253365,0.22557005336549374
2,0.011267174688697073,0.005105197666966889,0.9836276276443361
0,0.3043947719994862,0.053365736385733394,0.6422394916147802
0,0.875604541664998,0.010234185643062029,0.1141612726919401
2,0.0365683323145523,0.013632462276006162,0.9497992054094416
0,0.918783823710622,0.0025892325138746008,0.0786269437755034
0,0.16272043909944742,0.07181186074951561,0.7654677001510369
2,0.1031906722575424,0.01846415583695804,0.8783451719054997
2,0.02227360614066491,0.01444725860052963,0.9632791352588055
1,0.5219109990020173,0.004744474107536019,0.47334452689044676
0,0.9792019872177989,0.005366194357117294,0.015431818425083847
0,0.9350739720097382,0.014626934239904868,0.05029909375035704
2,0.1636603047908593,0.030113770418033158,0.8062259247911074
0,0.93934371059635,0.00566464871575263,0.054991640687897414
0,0.9847502807598943,0.0016417203971313247,0.013607998842974294
1,0.18275786039876743,0.477328962349716,0.3399131772515165
0,0.8889457652310877,0.013805063315276301,0.09724917145363599
2,0.35914566073233184,0.09527286698480457,0.5455814722828636
0,0.4046266482702192,0.04493476332354338,0.5504385884062374
0,0.9672506412833958,0.007880093619287766,0.02486926509731653
2,0.1457110973827382,0.1654891680243102,0.6887997345929515
0,0.5197930100477246,0.0918029718724074,0.3884040180798681
0,0.45528740927337774,0.1565783776895883,0.388134213037034
0,0.5655050332626936,0.05688286962033539,0.377612097116971
2,0.596596438808023,0.06712455003798687,0.33627901115399006
2,0.09109626367219778,0.015869861395005794,0.8930338749327965
0,0.8968175525774157,0.07366881812031402,0.02951362930227027
2,0.07880305883674649,0.017086578120150058,0.9041103630431034
0,0.9008815352519932,0.009059542604755905,0.09005892214325087
2,0.2791258135550698,0.17600500670034086,0.5448691797445894
0,0.8771273331585743,0.00535099417551424,0.1175216726659114
0,0.8196419673960587,0.03769598936027895,0.14266204324366236
2,0.8669012321258321,0.03562019074541963,0.09747857712874827
0,0.5771723089892924,0.09706486460895615,0.3257628264017514
2,0.43529233706087833,0.03109826802398237,0.5336093949151394
0,0.9657890226762728,0.007723600147119471,0.026487377176607818
2,0.9307478689303614,0.005666478280024283,0.0635856527896143
0,0.9310633458789177,0.023476483081507755,0.04546017103957464
0,0.935159805686506,0.0073860307128489995,0.05745416360064482
0,0.5883245126580327,0.17218474579724644,0.239490741544721
0,0.9183925003991937,0.012005900106606349,0.06960159949420011
2,0.06241741329970074,0.040189956910284055,0.8973926297900152
0,0.7166760320359934,0.03641604200576848,0.24690792595823816
0,0.8849683803057725,0.006464164522344052,0.1085674551718834
2,0.01775418775988962,0.0031361806512513477,0.979109631588859
0,0.9677477884831557,0.012177217580546556,0.020074993936297882
0,0.9387260318807211,0.01585130091329143,0.04542266720598758
0,0.9352334495837048,0.01816924250919491,0.04659730790710028
2,0.02826570593947501,0.008928170638389701,0.9628061234221352
2,0.010074658746969034,0.004332159639710794,0.9855931816133202
2,0.19360337521084253,0.024007093103823412,0.7823895316853341
2,0.10949052958652415,0.05615969630856755,0.8343497741049083
2,0.22939134873940634,0.010321455642559773,0.7602871956180339
2,0.581766409066072,0.043941684276509234,0.37429190665741874
0,0.9131957914909753,0.012958727826322779,0.07384548068270202
0,0.9568099783044209,0.0018626394879795907,0.04132738220759953
0,0.9431828212317503,0.009215319876482534,0.04760185889176698
1,0.48531495350351944,0.31364882517597314,0.2010362213205073
1,0.873159367677301,0.022803645938746283,0.10403698638395276
0,0.9014422931242871,0.025916520529072413,0.07264118634664031
2,0.0391597852678052,0.05331783073102892,0.9075223840011659
2,0.6091511683179053,0.01649123549149396,0.3743575961906008
0,0.6283177316654851,0.12748442421629955,0.24419784411821546
0,0.985930181398605,0.0022272415198549,0.011842577081540228
0,0.9542701743092958,0.009334855848293341,0.03639496984241075
2,0.01819189900331365,0.01894865690213242,0.962859444094554
0,0.23944172640930092,0.007965097444752291,0.7525931761459467
0,0.8118837999775604,0.0166072794551753,0.17150892056726424
0,0.8934537927446081,0.01887008718439465,0.08767612007099734
2,0.4687576948831661,0.0065740993415439215,0.5246682057752899
0,0.9337682174433776,0.029592347773060242,0.03663943478356217
0,0.9627007771585746,0.009244525582459752,0.028054697258965634
0,0.5087825091067614,0.3393155081828946,0.1519019827103439
0,0.8748230189303725,0.006967082586918742,0.11820989848270884
0,0.8126510737055014,0.008570235220567693,0.17877869107393105
2,0.590234385135662,0.08308214264355775,0.32668347222078015
0,0.971369902959401,0.0032834724804638523,0.025346624560134978
0,0.9014403287526414,0.01493197710186913,0.08362769414548966
0,0.9576535612997056,0.01399699574358666,0.028349442956707837
2,0.7044173724462602,0.030873227131173783,0.264709400422566
0,0.328951041826418,0.012904034249167941,0.6581449239244141
0,0.7640783072762005,0.03323412113992131,0.20268757158387832
2,0.030653508286756483,0.015158090988098323,0.9541884007251451
0,0.8498595786278705,0.01398935292997476,0.13615106844215477
2,0.1167450689187462,0.11609777947051265,0.7671571516107412
2,0.4084695611898809,0.058252426267868654,0.5332780125422504
0,0.8843657188532904,0.011662222368202272,0.10397205877850742
0,0.8442653493227046,0.024378345865145454,0.13135630481214997
0,0.7114654132869532,0.02452896024427108,0.2640056264687757
2,0.33797062802491723,0.10048947096307313,0.5615399010120097
0,0.8894820274799895,0.061173748945928745,0.04934422357408184
2,0.9354395593552767,0.014743952894862581,0.04981648774986071
2,0.2222611041816215,0.015901605395329962,0.7618372904230486
0,0.9818387088630132,0.0016684234946197712,0.016492867642367147
0,0.9479571260625608,0.007436492431476755,0.04460638150596268
2,0.056835547889121214,0.09983430669758989,0.8433301454132889
0,0.6185063729010447,0.09250742141111398,0.28898620568784134
0,0.4577369246108729,0.005788203816625408,0.5364748715725016
0,0.6605199777275887,0.025982666650107795,0.31349735562230346
0,0.9268806027907273,0.011581453745642092,0.0615379434636307
0,0.7474893838021304,0.022935101239237837,0.22957551495863165
2,0.07211051013860205,0.06205869631070757,0.8658307935506904
0,0.9516606242539366,0.004109796538773455,0.04422957920729009
0,0.874132888217952,0.0304936368860655,0.09537347489598252
1,0.35894442681721744,0.075347453163678,0.5657081200191046
0,0.4196023084910989,0.011253889533531635,0.5691438019753694
2,0.2898027381330219,0.017828397581109018,0.6923688642858691
2,0.22701918574186847,0.06778659625034089,0.7051942180077906
0,0.8838331403964792,0.01713072604239941,0.0990361335611215
0,0.9776336890255938,0.0014258829258269338,0.020940428048579367
2,0.020086291633170553,0.00321399966668952,0.97669970870014
0,0.8586083148269973,0.012062969872180517,0.1293287153008222
2,0.03571719243967575,0.012514021497774266,0.95176878606255
0,0.9840348093399501,0.0011264320833457519,0.014838758576704048
0,0.8965897290202851,0.017334113583935325,0.08607615739577965
0,0.7775625548240568,0.014189819525831595,0.20824762565011162
0,0.9818254567161669,0.005271595132815598,0.012902948151017512
2,0.3588718329473881,0.017928968849094278,0.6231991982035175
0,0.9660400061563825,0.004779582031990615,0.029180411811626894
0,0.9585575314349859,0.007878669716613074,0.03356379884840115
0,0.8130811857280421,0.009711430203858779,0.17720738406809902
0,0.8945526468456756,0.019760695748995347,0.08568665740532898
2,0.3915186220693379,0.039287751819207406,0.5691936261114547
0,0.7026896626396524,0.09361412489488442,0.20369621246546324
0,0.4849769326605885,0.03443732668661338,0.4805857406527982
0,0.7453737913514774,0.04975252823011981,0.20487368041840281
0,0.8145164996900667,0.031027867992502234,0.154455632317431
2,0.1829991811406978,0.03393084881605083,0.7830699700432514
2,0.16876472634547515,0.05201269189641223,0.7792225817581127
0,0.45461461643384254,0.02514854969192487,0.5202368338742327
0,0.9453116617447941,0.01568211904379312,0.03900621921141279
2,0.31684255602950145,0.3206978249028259,0.36245961906767266
0,0.892221708258774,0.04440938371706705,0.06336890802415882
0,0.9565732661203414,0.005249708677499042,0.03817702520215941
0,0.8923112798832419,0.01641409768342655,0.09127462243333158
0,0.9765775761557552,0.004421807243178878,0.01900061660106587
0,0.9840595390652316,0.0038539117862382457,0.01208654914853039
0,0.5508230470474754,0.03676199911082179,0.4124149538417027
2,0.03570814312997364,0.02435897595910103,0.9399328809109253
0,0.7918145790857964,0.016789412170630895,0.1913960087435728
0,0.8531049342118615,0.042642816912440845,0.1042522488756977
2,0.23955595248266667,0.04298456867034062,0.7174594788469927
2,0.5011968635262606,0.027265271683849516,0.47153786478988985
2,0.34749794309344595,0.07233450606491071,0.5801675508416433
0,0.5738184519263647,0.00968415735749123,0.4164973907161441
0,0.821122466533464,0.0351482561800078,0.14372927728652835
0,0.9331902226470491,0.016256285752995536,0.050553491599955425
0,0.7846955933980027,0.029874131725615066,0.18543027487638225
2,0.8808875520054457,0.007825689588307887,0.1112867584062465
0,0.9704659651657059,0.01071394286956297,0.01882009196473106
2,0.05673689202885414,0.056325982081906305,0.8869371258892395
0,0.9278390938245314,0.009643651436877575,0.06251725473859096
0,0.900530589156975,0.014305541514490056,0.08516386932853495
0,0.33143797818263204,0.04436335088662959,0.6241986709307383
0,0.8299257881392954,0.010176305426544938,0.15989790643415966
2,0.7373441530302709,0.08147401462722238,0.18118183234250657
0,0.8347279210699575,0.08918461092504866,0.07608746800499377
0,0.7809591063194719,0.005855538859159707,0.2131853548213683
0,0.5099453592796089,0.02762053649254682,0.46243410422784426
2,0.931096016468444,0.003024206158343947,0.06587977737321221
0,0.8158102897323569,0.0023645631344138764,0.18182514713322911
0,0.5166736965105919,0.10658320844503928,0.3767430950443689
1,0.07472441474033537,0.3585067426553852,0.5667688426042794
0,0.9508476735870136,0.018346446439416023,0.03080587997357051
0,0.9465186834221888,0.017229489320818348,0.03625182725699278
0,0.9212787572738477,0.016204203164129682,0.06251703956202259
0,0.8454855684183092,0.008963146905456677,0.14555128467623404
0,0.9375955115355354,0.011525261425622864,0.05087922703884162
0,0.9574098262818784,0.0034778644581052866,0.03911230926001611
2,0.12809952587677492,0.008711965667371716,0.8631885084558534
2,0.26473986553669876,0.07886307687250924,0.6563970575907919
0,0.9324331089904463,0.014826999204680886,0.052739891804872645
2,0.5573877837455423,0.027101838075081094,0.41551037817937647
2,0.1260680433989007,0.04987164733369709,0.8240603092674023
0,0.8706259103920154,0.0038016047180303215,0.1255724848899544
0,0.9595522739344612,0.015340235504634958,0.025107490560903757
2,0.17180602670506218,0.026151309729818148,0.8020426635651197
0,0.5514997984429406,0.024673944710413252,0.42382625684664615
2,0.07798277725427755,0.0234758158530265,0.898541406892696
0,0.5996964577232234,0.04086652921407098,0.35943701306270553
2,0.1608414785129884,0.046810056005372226,0.7923484654816394
2,0.02199117889864891,0.005335590612622403,0.9726732304887287
2,0.002347212242113094,0.0038274788481245207,0.9938253089097624
2,0.01998189606759062,0.008561468972670365,0.9714566349597391
0,0.963947206939941,0.008929228439516502,0.027123564620542634
0,0.8611977658005009,0.011029612450437482,0.12777262174906168
1,0.25693347414933065,0.046755957606561704,0.6963105682441076
2,0.09100641508383076,0.06488037036287933,0.8441132145532899
0,0.9550969935182853,0.008319378959559242,0.03658362752215553
2,0.6242862727817908,0.04861650207711579,0.3270972251410934
0,0.1869814464624408,0.010921791940431582,0.8020967615971276
0,0.7902760414484578,0.022326083429470654,0.1873978751220716
0,0.7570701681760206,0.02155063354854253,0.2213791982754369
0,0.9567753071638313,0.0030165010945495943,0.04020819174161923
0,0.9258695691990444,0.006664869569308837,0.06746556123164675
0,0.1775269036369217,0.022565225080544815,0.7999078712825335
2,0.2687889161876969,0.09830327130955031,0.6329078125027529
0,0.9430564799157678,0.010603235365085764,0.04634028471914651
2,0.8957947235526912,0.026553629290379792,0.07765164715692903
2,0.020137205907871457,0.024335407937176548,0.955527386154952
0,0.9816039092598647,0.0039253663866235956,0.014470724353511714
0,0.9644955549713278,0.008404999810915966,0.02709944521775622
0,0.950938396462435,0.008346397388641822,0.040715206148923
0,0.9639077714521613,0.016162669634186937,0.01992955891365172
0,0.938604973450129,0.011861269117169232,0.049533757432701615
0,0.9619737417847943,0.014150623967463812,0.023875634247742056
0,0.9159620067738511,0.02914443791092038,0.05489355531522843
0,0.9422031779459722,0.007473907590964725,0.05032291446306312
2,0.08303597848375331,0.06413595188389135,0.8528280696323552
0,0.7693213404598633,0.0962812962150832,0.13439736332505345
2,0.03452037466029893,0.03316381303374047,0.9323158123059605
0,0.923338053423958,0.0063360585375037285,0.07032588803853837
2,0.2220182950290455,0.022357569081837843,0.7556241358891167
0,0.5664924550817931,0.35344224294866583,0.08006530196954104
2,0.013634239513101557,0.012860153046529136,0.9735056074403694
2,0.5631945742391838,0.09309271828874444,0.34371270747207167
0,0.8873109996595142,0.013488471877226235,0.09920052846325947
2,0.13247213182293868,0.020856413364117435,0.8466714548129439
0,0.9604226851725101,0.004432286112457556,0.03514502871503234
0,0.9537029061905877,0.004717980152697443,0.04157911365671484
0,0.8654950932864954,0.010163168486099015,0.12434173822740542
2,0.6261936328059304,0.12607474523916506,0.24773162195490447
0,0.9618792535592764,0.016144899512434436,0.021975846928289088
0,0.4571189949964988,0.018059572030150697,0.5248214329733506
2,0.057166934428178745,0.06864639632428708,0.8741866692475342
2,0.04283336314698896,0.10270652827972969,0.8544601085732813
2,0.10651979868413812,0.026868399933449392,0.8666118013824126
2,0.032816835560323956,0.010801124940620606,0.9563820394990554
2,0.010470430061545398,0.0038865915001425146,0.9856429784383121
0,0.8769127863332948,0.0055212393136391666,0.11756597435306594
2,0.0076271003656384105,0.020670609132114198,0.9717022905022473
2,0.5536422495723834,0.11261926948940933,0.3337384809382073
2,0.009678235905203158,0.009008523428631765,0.981313240666165
2,0.02619270771408289,0.007002162562189656,0.9668051297237275
0,0.9428649340024879,0.028929204791884357,0.02820586120562764
2,0.8152356203603534,0.016114051019505256,0.16865032862014143
0,0.926092261373886,0.014951586390487073,0.05895615223562679
0,0.8884869277302344,0.016647176429848556,0.09486589583991722
0,0.9382118537696322,0.012541226613762457,0.04924691961660535
0,0.6480607842927982,0.04652352193273344,0.3054156937744682
0,0.7726135225030862,0.01495859165677227,0.21242788584014147
0,0.9819311469033102,0.0046652382863842665,0.013403614810305463
2,0.07488221632340233,0.09136739785434835,0.8337503858222494
2,0.3329031932967524,0.056509604080900305,0.6105872026223473
2,0.708929817571447,0.047095531690991184,0.2439746507375618
2,0.12957958883971699,0.03362298176743651,0.8367974293928465
2,0.008582047627635744,0.010830895175955074,0.9805870571964092
0,0.9748804671104062,0.006535646487479021,0.01858388640211479
2,0.09318863098880026,0.06054221561052677,0.846269153400673
2,0.01757799313850418,0.022205567798799127,0.9602164390626967
0,0.953372156982208,0.005498090164840763,0.041129752852951264
0,0.9521803954003567,0.015343193154905899,0.0324764114447374
0,0.9312184794789856,0.009525972916333005,0.05925554760468133
2,0.008617910688519748,0.006117800316289215,0.985264288995191
2,0.02509737070319539,0.01027827727620735,0.9646243520205974
1,0.6659362293595348,0.1351980991325285,0.19886567150793666
0,0.09652096541552659,0.010462051705374896,0.8930169828790986
0,0.7863619348665132,0.005421183292080337,0.2082168818414065
2,0.6437999918089673,0.030750390208376773,0.3254496179826561
0,0.9271008153387776,0.02000636734995582,0.05289281731126655
0,0.4381355851521167,0.1745531646026709,0.3873112502452125
0,0.9208951407556141,0.001368454282068788,0.07773640496231696
0,0.5448104042483055,0.08415174653626184,0.3710378492154326
2,0.03143341681867222,0.012122867728934944,0.9564437154523928
2,0.0031858371174658252,0.004327982494939249,0.9924861803875948
2,0.09015437250280046,0.061555627673095976,0.8482899998241035
2,0.9082562652836182,0.011133873765887795,0.08060986095049402
0,0.7342920484978603,0.05885665495503579,0.20685129654710396
0,0.5671342885947294,0.16134809842488826,0.27151761298038235
2,0.4509986581322109,0.033076059479853454,0.5159252823879357
0,0.900757469281547,0.011664510587606104,0.08757802013084698
2,0.8320981260215918,0.005612956188694725,0.16228891778971352
0,0.9322437406003455,0.005550319863337859,0.062205939536316576
0,0.8397812843901435,0.010047738364224906,0.15017097724563153
2,0.5469671522549271,0.06394863666528362,0.3890842110797893
2,0.72493313151807,0.025931537729470436,0.24913533075245956
0,0.925298138859986,0.03853373555231528,0.03616812558769879
0,0.5789210542445282,0.01744533695509899,0.40363360880037286
2,0.1883030478705138,0.06274712549604076,0.7489498266334456
1,0.4862715647846383,0.0768488566760043,0.4368795785393573
0,0.7782298774454621,0.014460421198804769,0.20730970135573318
2,0.01467353243168404,0.03978117262605637,0.9455452949422596
0,0.9164960015191271,0.01377409137776651,0.06972990710310645
0,0.09766291930366754,0.040838345579947005,0.8614987351163855
0,0.9344918466897899,0.006925353252769922,0.058582800057440244
2,0.021174616630419908,0.025283192198103155,0.9535421911714769
1,0.4191562185564852,0.07705175141392649,0.5037920300295883
0,0.960429515757525,0.008054261515081304,0.031516222727393677
2,0.19510846588097774,0.014957837668487167,0.7899336964505351
0,0.9394660922778933,0.0013356391748069317,0.05919826854729958
0,0.9082084865748347,0.006355066099956903,0.08543644732520848
0,0.5791735161687799,0.039290984030703364,0.38153549980051676
1,0.7800082224248399,0.08002129058790597,0.13997048698725403
2,0.010174701547160351,0.0024208789918383424,0.9874044194610012
2,0.20287847445225185,0.10418316451668215,0.692938361031066
2,0.242317985775079,0.03672978730097922,0.7209522269239419
2,0.1894778910957693,0.009493461657433304,0.8010286472467975
2,0.11910332136314657,0.17578295235769908,0.7051137262791543
0,0.8526931405243676,0.012771128749569106,0.1345357307260633
2,0.4162047919221138,0.019155796378996875,0.5646394116988893
0,0.5786591647463397,0.018233801387509258,0.4031070338661509
1,0.2626532073863674,0.11835854227606037,0.6189882503375723
2,0.07359491964200225,0.024127958292813754,0.902277122065184
0,0.8567261659656581,0.04621978544331088,0.09705404859103098
2,0.12167111891418973,0.02234170114046935,0.855987179945341
0,0.8700379139412794,0.019118159083753757,0.11084392697496703
0,0.674843875521048,0.03530998223244316,0.289846142246509
0,0.9471589332649174,0.01562321256125522,0.03721785417382723
2,0.027091187469234,0.026686243553982025,0.9462225689767839
0,0.9411841156636432,0.006419327284839633,0.052396557051517106
2,0.022771028243877847,0.016237051016521974,0.9609919207396
0,0.8345525269810771,0.006250922124666522,0.15919655089425633
0,0.9546779848030956,0.011174980917995323,0.03414703427890895
2,0.24661684181947305,0.14257663457206662,0.6108065236084604
2,0.02862160070798122,0.019004472357356684,0.952373926934662
0,0.7266689371579806,0.07766716286243107,0.1956638999795883
0,0.9115710104289616,0.03470355138622077,0.05372543818481758
0,0.9760960301306438,0.009252675327350864,0.014651294542005179
0,0.9169470694503845,0.0017978970291856154,0.08125503352042988
2,0.9614560648933304,0.0026679462954256852,0.035875988811243896
0,0.973669248247204,0.011201148114832105,0.01512960363796389
0,0.7525018439381361,0.08696481091479967,0.1605333451470642
0,0.6357327649348359,0.16518342705894812,0.19908380800621595
0,0.8340185084980046,0.008313437081495572,0.15766805442049964
1,0.4385605886851796,0.3476840670187588,0.21375534429606155
0,0.9676496803851586,0.0096520230041307,0.022698296610710694
0,0.16752538233833233,0.039933898501872116,0.7925407191597955
0,0.19222931688326267,0.051526844440508146,0.7562438386762291
0,0.9200153271605421,0.009009267718694139,0.07097540512076364
0,0.2179659583178719,0.02456664156507838,0.7574674001170497
0,0.8563371508097214,0.04311053069307446,0.10055231849720413
2,0.6589755049061419,0.041216437368886964,0.29980805772497116
2,0.02705240214726917,0.0076594389659381205,0.9652881588867926
2,0.9267549107748374,0.027911192177173832,0.04533389704798888
2,0.08407340310229942,0.01653212635384312,0.8993944705438575
2,0.9124998983769042,0.016645127016550236,0.07085497460654545
0,0.971129218316483,0.003658973380057952,0.025211808303458837
2,0.28210758438336825,0.16439904181153633,0.5534933738050954
0,0.6988265375857865,0.0988557771935612,0.20231768522065235
0,0.9605857614175081,0.003289037087986606,0.036125201494505266
0,0.9404896212424402,0.01336519177159852,0.046145186985961324
0,0.9283499230802327,0.0108101913787614,0.06083988554100614
2,0.03154503199575535,0.03237999663599098,0.9360749713682537
2,0.8176465515414297,0.0751823182491693,0.1071711302094011
0,0.9738399120349942,0.002269773529561464,0.023890314435444437
1,0.6414541557054002,0.25285139932294515,0.10569444497165452
0,0.9722858164565935,0.0033369555665731026,0.024377227976833213
0,0.7854054594631972,0.03877361659004389,0.17582092394675874
0,0.9554571029644572,0.0046093196170646335,0.03993357741847826
2,0.07193492958626685,0.02389963898145893,0.9041654314322742
0,0.9233087189642639,0.014348583867618343,0.0623426971681177
2,0.06105582874364499,0.00936637170092215,0.9295777995554328
2,0.7611257438513654,0.02634900940626079,0.21252524674237383
2,0.11262089040032475,0.18485978977499928,0.702519319824676
0,0.05882452041847379,0.0059573936813172405,0.9352180859002089
2,0.017568372790984565,0.004740134120357682,0.9776914930886578
2,0.5830143291563369,0.09361593987385443,0.3233697309698087
0,0.90381129353943,0.022873425247856214,0.07331528121271366
0,0.48443880184999255,0.028528258836596963,0.48703293931341046
0,0.8549340429156002,0.0154536543240492,0.1296123027603507
0,0.07973734686387442,0.0339862723174811,0.8862763808186445
0,0.9660177310899553,0.00545533683983769,0.02852693207020692
0,0.362827474723412,0.03586488189329878,0.6013076433832892
1,0.12701009273455222,0.11059805179865556,0.7623918554667921
0,0.5936462411664831,0.010485508593341537,0.39586825024017536
0,0.8956526792140764,0.015993803492505395,0.08835351729341813
2,0.3261610991772649,0.10182194597613281,0.5720169548466023
0,0.43054824793642443,0.038364581155529716,0.5310871709080459
0,0.9207936314856582,0.013085117824324359,0.06612125069001747
0,0.9588003902703751,0.008164446212455951,0.03303516351716888
2,0.962085516474499,0.005882370629915177,0.032032112895586
0,0.965062975770639,0.005493506423789613,0.029443517805571463
2,0.15800000453903942,0.024449002107333393,0.8175509933536272
2,0.6229352897231442,0.05663928480723592,0.32042542546961994
2,0.03216681980397956,0.05663859933555396,0.9111945808604663
2,0.014420186197400034,0.02948060960418733,0.9560992041984125
0,0.9242057571538953,0.012132258356837167,0.06366198448926746
0,0.9164630676361458,0.011263023121532097,0.07227390924232202
2,0.008055115729655964,0.0037678713622124192,0.9881770129081318
2,0.3942036156419816,0.16523511390966766,0.44056127044835075
0,0.9375653444389658,0.011526127181701066,0.050908528379333254
0,0.950431145884382,0.005285522203409301,0.04428333191220865
0,0.7921890182293021,0.029255588608150272,0.17855539316254762
0,0.28644241693339695,0.11401056951354867,0.5995470135530544
0,0.5145428549873408,0.16772439373521547,0.3177327512774437
0,0.6800098393684948,0.013586192515902828,0.3064039681156024
0,0.9802958370516301,0.006685640073226276,0.013018522875143648
0,0.855404974448066,0.004826175670051755,0.13976884988188223
1,0.40561153812921225,0.3313064661871974,0.26308199568359036
0,0.35389874045602737,0.10344804380974404,0.5426532157342286
0,0.8965050230423257,0.025084717570191012,0.07841025938748343
0,0.8200954719187133,0.057609621538456154,0.12229490654283039
2,0.006366700662095227,0.012753167079235973,0.9808801322586687
2,0.8130631451775733,0.06621577415363342,0.12072108066879327
0,0.37006837513237406,0.016770653576588152,0.6131609712910379
0,0.9379020767082223,0.008163820575282116,0.053934102716495715
2,0.14902766433706874,0.08568054057083108,0.7652917950921002
0,0.9383656432144586,0.00474944601368344,0.05688491077185801
2,0.007605174547974886,0.0047011467674641155,0.987693678684561
0,0.8588067037247574,0.0034748378461229848,0.13771845842911953
2,0.9320693515033955,0.014430364914185855,0.05350028358241856
0,0.5896115138464565,0.17290676524575496,0.2374817209077887
0,0.6163728129510907,0.04228498446773099,0.34134220258117837
2,0.010665984302320968,0.015484642990314374,0.9738493727073646
0,0.9562421752239328,0.0032994774826091626,0.0404583472934578
0,0.9770058883739859,0.004322588760110229,0.018671522865903796
