target,prediction_0,prediction_1,prediction_2
2,0.16237209188617016,0.053143805587722255,0.7844841025261077
0,0.8109904596594459,0.019462841609844534,0.16954669873070957
0,0.9022021614322616,0.01803698230931854,0.07976085625841975
2,0.2644713654209525,0.12080735915174824,0.6147212754272992
0,0.6051936926932654,0.031585498398091195,0.36322080890864344
0,0.8020339836774736,0.021006037956387925,0.17695997836613836
0,0.8978672068361379,0.020792515116175084,0.08134027804768688
2,0.050375967804596716,0.034596078518988625,0.9150279536764147
0,0.9272468482054077,0.013692304118104992,0.059060847676487165
1,0.38437876384151565,0.053112078367921096,0.5625091577905633
2,0.0683915700114239,0.021988986684096892,0.9096194433044793
0,0.8123467386651164,0.018806940985699395,0.16884632034918431
0,0.7815895334543955,0.023542358940239073,0.19486810760536535
0,0.9146553175406892,0.015530135013292663,0.06981454744601809
0,0.8930686594486431,0.019319151646654997,0.08761218890470196
2,0.40091415535332803,0.06887918692249498,0.5302066577241767
0,0.8178024056513599,0.028739521070771542,0.15345807327786867
2,0.5298975037741808,0.09607856515881366,0.3740239310670059
0,0.9168915220640991,0.01356949998580117,0.06953897795009979
2,0.3953629814230559,0.06360234493478797,0.5410346736421561
0,0.784802847755028,0.023933550723370663,0.19126360152160146
1,0.45723038139658584,0.07391608017966735,0.46885353842374683
2,0.1997334495479402,0.04471446529136463,0.755552085160695
0,0.9263242078763672,0.015518030220485738,0.0581577619031471
0,0.5389836365601144,0.10416516782913021,0.35685119561075535
0,0.9104478497249654,0.01652502095603543,0.07302712931899917
0,0.9272468482054077,0.013692304118104992,0.059060847676487165
0,0.9283332947855527,0.012804166205978226,0.05886253900846974
0,0.5862093202479829,0.05424736766868146,0.35954331208333584
0,0.9116740873936287,0.013166222236305319,0.07515969037006599
2,0.2669151104182626,0.08982193138587742,0.64326295819586
2,0.29853145060214115,0.044525736967756975,0.656942812430102
0,0.4497603728807865,0.11564088507317913,0.43459874204603427
2,0.51820284918975,0.0583835932991565,0.42341355751109344
0,0.798756434067635,0.044720901146044684,0.1565226647863201
2,0.22294951429341542,0.04927004986473384,0.7277804358418507
2,0.5831478287047215,0.03530408574322842,0.38154808555205016
0,0.8595638770896137,0.029210431838093402,0.11122569107229313
0,0.4372832131106194,0.04677823989176965,0.5159385469976107
0,0.48606396873450436,0.04022528152485449,0.47371074974064115
0,0.9026488936518569,0.013454127072725919,0.08389697927541725
2,0.23020611806958946,0.18548326092858633,0.5843106210018242
0,0.7729765306117179,0.02327052033370512,0.2037529490545769
0,0.931058984674357,0.01244301676028995,0.05649799856535313
0,0.9234282576081873,0.015260295269335929,0.06131144712247689
0,0.6999636358587635,0.03720320135282158,0.26283316278841495
0,0.9041032468234916,0.015660126929538984,0.08023662624696906
2,0.7692509010402993,0.028836879025524724,0.20191221993417582
0,0.7503051752800647,0.01746766101121973,0.23222716370871538
2,0.48377677624399484,0.07493636070357561,0.4412868630524294
0,0.8906727367403572,0.02492284675841275,0.08440441650123011
0,0.9320030057506833,0.013656675616491316,0.05434031863282542
2,0.227306385115215,0.058914166787120324,0.7137794480976645
2,0.41869501013753485,0.05488137359373413,0.526423616268731
2,0.46025239930700296,0.06210446390202301,0.477643136790974
0,0.9194622824105827,0.015922439265958273,0.06461527832345908
0,0.8091010878453889,0.037929430138739666,0.15296948201587207
0,0.7586605707321082,0.06702864084292741,0.17431078842496447
0,0.9206462120234845,0.013283069470276392,0.06607071850623925
0,0.9205755420067568,0.017874578185302775,0.0615498798079404
1,0.6577866542107803,0.04458963040086096,0.2976237153883588
2,0.7155617603684973,0.033939953146657015,0.2504982864848456
0,0.7661214568347632,0.03434116887443242,0.19953737429080426
2,0.09090581764494808,0.015610311398354875,0.893483870956697
2,0.1711982546767596,0.05801375662111753,0.770787988702123
2,0.0020209366312551936,0.002560070830236984,0.995418992538508
1,0.8061362626988375,0.021505554186720687,0.17235818311444132
2,0.46944757256072045,0.02897910531775227,0.5015733221215272
2,0.1815075878552597,0.07463074256333353,0.7438616695814066
0,0.7659185415397556,0.028734948904341816,0.20534650955590272
0,0.9308384550063202,0.012873196209308315,0.05628834878437156
0,0.7062926921600472,0.05200054157669476,0.24170676626325802
0,0.9305209641694014,0.012639771345802483,0.05683926448479587
0,0.9270178074520355,0.014675493337906048,0.05830669921005832
2,0.0006684491978609625,0.0007836990595611285,0.9985478517425779
2,0.1022683910243297,0.019317017528629972,0.8784145914470406
0,0.922226206067716,0.014902130645186772,0.06287166328709724
0,0.5034137195189577,0.03131529336754713,0.46527098711349524
0,0.8055608617923056,0.010669296769747243,0.18376984143794717
0,0.8722549725895518,0.014961032379581744,0.11278399503086635
0,0.5559607710011307,0.03885832234919575,0.40518090664967343
2,0.8521936893645791,0.023191915676589483,0.12461439495883164
1,0.7225660541064782,0.017089333363372677,0.2603446125301491
0,0.8393713195780569,0.02631166580221589,0.13431701461972737
0,0.7825480786426943,0.027998822040918286,0.18945309931638718
2,0.5906037049389201,0.04075518628988111,0.36864110877119854
0,0.9265845578958657,0.01450324614265856,0.05891219596147569
2,0.35663879284348066,0.08568626654122904,0.5576749406152903
0,0.9320030057506833,0.013656675616491316,0.05434031863282542
0,0.6918677128852547,0.03242335254506334,0.2757089345696819
0,0.7935040185213437,0.02000605367797891,0.18648992780067733
0,0.5428319516513206,0.054145942267244666,0.4030221060814348
0,0.8382125037108079,0.019643959086258354,0.14214353720293388
0,0.9255952335416106,0.015201956312970654,0.05920281014541886
0,0.9288528166388639,0.014752244766973382,0.0563949385941626
0,0.9028429699628433,0.00394280285779331,0.09321422717936338
0,0.9255822566299041,0.013057204667915616,0.06136053870218078
2,0.03287768085656333,0.03277583673366105,0.9343464824097757
0,0.9052871384492058,0.024837555473436492,0.06987530607735777
0,0.7066423379664974,0.0336666221921448,0.2596910398413578
2,0.09491915533776053,0.059911347922353635,0.8451694967398856
2,0.06571023041021798,0.006705435435182684,0.9275843341545993
2,0.04919701724459723,0.0637937445701575,0.8870092381852451
2,0.10338901643932073,0.030475413273246432,0.8661355702874327
0,0.9244052040727273,0.013544732562371648,0.062050063364902
0,0.9234577750234545,0.016120399835630496,0.06042182514091482
0,0.9259097147481307,0.01519618796844145,0.05889409728342771
2,0.562055309022154,0.06854900801999673,0.36939568295784936
0,0.5151275057030075,0.050263125453200004,0.4346093688437926
2,0.19297343622472238,0.06107976146434823,0.7459468023109289
0,0.8956867248679393,0.020258935306110486,0.08405433982595044
2,0.2787042585872087,0.061029315763873826,0.6602664256489175
0,0.7570208528970881,0.025347272271223128,0.21763187483168878
2,0.16697972043008374,0.05300373296309515,0.7800165466068211
0,0.9277281060233661,0.015156492478457212,0.0571154014981766
0,0.48877839125208367,0.03422165748347788,0.4769999512644384
0,0.9272029970660638,0.01383544760259521,0.05896155533134106
0,0.9272468482054077,0.013692304118104992,0.059060847676487165
0,0.9235167431309308,0.01595115944721154,0.06053209742185781
2,0.5085544797738307,0.06274493543467077,0.42870058479149886
0,0.9272468482054077,0.013692304118104992,0.059060847676487165
0,0.9214424208239927,0.01661634275153965,0.06194123642446751
0,0.7727539277505046,0.031515909723951324,0.19573016252554398
0,0.9255952335416106,0.015201956312970654,0.05920281014541886
0,0.7361954554517914,0.02788080113585115,0.2359237434123574
0,0.6517045824592517,0.05369291577698931,0.29460250176375896
0,0.810645388534454,0.023372321985851124,0.16598228947969493
0,0.824399496654002,0.017774447473672593,0.15782605587232548
2,0.19303358320386182,0.10673808389752663,0.7002283328986115
0,0.8912290649611382,0.024999700855243973,0.08377123418361782
2,0.17864704588620248,0.02920624732654845,0.7921467067872491
0,0.7102504410030545,0.025852685740884954,0.2638968732560605
2,0.05963425382945754,0.03045910182418114,0.9099066443463613
0,0.9063326899078997,0.017534734414966363,0.07613257567713368
2,0.7290190900369522,0.1148640997416757,0.15611681022137205
2,0.5198834533308838,0.03889176263544953,0.44122478403366644
0,0.7895053669991942,0.06030697567433922,0.15018765732646663
0,0.9308384550063202,0.012873196209308315,0.05628834878437156
0,0.914343497815237,0.015470793250267185,0.07018570893449576
2,0.690129795163936,0.012476992877093352,0.2973932119589706
0,0.5094336628767402,0.08719765208818839,0.40336868503507134
0,0.34542328015815144,0.06362703999749737,0.5909496798443513
0,0.7646496360329271,0.03252137806908562,0.20282898589798717
0,0.344981438464702,0.05547756090880544,0.5995410006264926
0,0.8420535220264731,0.026433696131046416,0.13151278184248108
0,0.8723512381408566,0.016448722007826624,0.1112000398513168
2,0.22719773027114612,0.05403310727816478,0.7187691624506891
0,0.9078072943936043,0.016785155052537575,0.07540755055385806
0,0.7871154837043076,0.05387864078513654,0.159005875510556
2,0.28378166603818133,0.07106035593277822,0.6451579780290403
0,0.9283315890245916,0.013061927000374538,0.05860648397503383
2,0.3671667108748873,0.05996695875572356,0.5728663303693892
0,0.9288528166388639,0.014752244766973382,0.0563949385941626
0,0.8852323068211593,0.015105281848596601,0.09966241133024446
0,0.6581719375669529,0.015636936982396373,0.3261911254506509
0,0.7066290637425668,0.031117721449740385,0.2622532148076928
2,0.13664108606889494,0.06339826270374735,0.7999606512273577
2,0.061945343825139484,0.015558781536064189,0.9224958746387961
2,0.7107724661211875,0.023416037636740637,0.2658114962420719
0,0.9200572638231886,0.016839438834855003,0.06310329734195629
0,0.11686193072340091,0.07302626777854739,0.8101118014980517
0,0.9278514489547268,0.013951676755789911,0.058196874289483315
2,0.8155353128685351,0.024027921340525293,0.16043676579093974
2,0.7480179648798698,0.03081253745787556,0.22116949766225458
0,0.7575856167077875,0.02366711765097953,0.21874726564123295
2,0.3108342054259497,0.0539205163115465,0.6352452782625038
0,0.9214424208239927,0.01661634275153965,0.06194123642446751
2,0.043662538796020445,0.019519946648179406,0.9368175145558002
2,0.7932774412823793,0.023154467753343247,0.18356809096427745
0,0.9235167431309308,0.01595115944721154,0.06053209742185781
0,0.6595062607540151,0.05719888710966947,0.2832948521363154
1,0.4113292698194083,0.07225662603175914,0.5164141041488325
2,0.23638831988844203,0.048775233587369744,0.7148364465241882
0,0.7078717793224796,0.042458457845928894,0.24966976283159106
2,0.38565994021240224,0.07529917908283754,0.5390408807047603
2,0.1516077894595177,0.053675635947959106,0.7947165745925234
0,0.9271620902750612,0.012950590270255607,0.05988731945468367
0,0.222601832117451,0.050641864843849346,0.7267563030386998
2,0.30046098419459855,0.058374240480162355,0.6411647753252391
0,0.9272468482054077,0.013692304118104992,0.059060847676487165
0,0.3597239961777476,0.047766020518987484,0.5925099833032649
0,0.6098571360715418,0.05885259946506431,0.3312902644633939
2,0.021132540358881596,0.010208344395542185,0.9686591152455762
0,0.9183466506266525,0.015456125654672182,0.06619722371867519
2,0.3298919056773285,0.0660255069868722,0.6040825873357993
2,0.49838676775469354,0.05234148780376675,0.4492717444415397
1,0.6742596420208303,0.07808117487510753,0.2476591831040621
0,0.40255409219930494,0.046742084183790826,0.5507038236169042
2,0.4956760168870409,0.03690129912672364,0.46742268398623543
2,0.4921686800552081,0.11626007681324714,0.3915712431315448
0,0.6673183457565535,0.05849761078502815,0.274184043458418
0,0.9260989143555695,0.014145405018315134,0.059755680626115505
0,0.5300033113863531,0.05400883464553211,0.41598785396811466
2,0.31703410128830767,0.0601307630319611,0.6228351356797315
2,0.371392314119458,0.03882306746430223,0.5897846184162397
0,0.9021049963553567,0.01691354489486711,0.08098145874977603
0,0.6172703764159752,0.04902945404385095,0.33370016954017384
0,0.9270178074520355,0.014675493337906048,0.05830669921005832
2,0.7274816198080911,0.02481896027824422,0.2476994199136645
0,0.9270178074520355,0.014675493337906048,0.05830669921005832
0,0.8351836245467605,0.022494207516139793,0.14232216793709956
0,0.919430255922066,0.01604761407203473,0.06452213000589933
2,0.7686529182321415,0.034625403260869395,0.19672167850698913
0,0.9254305884705357,0.014596938708478932,0.059972472820985265
0,0.7987703647518671,0.018798979854141248,0.18243065539399175
0,0.32205125216209834,0.03556784748464527,0.6423809003532565
0,0.9049547799474059,0.013453826565046208,0.08159139348754779
2,0.40479153901105647,0.06391047104235244,0.531297989946591
0,0.9256223337501094,0.015152560897480254,0.059225105352410636
2,0.14517755342033242,0.015465886684665595,0.839356559895002
0,0.9207967451608774,0.015108225657865541,0.06409502918125691
2,0.8625776157149497,0.02299310858521914,0.11442927569983127
2,0.1942615113333633,0.052118922064566094,0.7536195666020706
2,0.13096262079679524,0.028019173564011405,0.8410182056391936
0,0.6947252818178272,0.04169329208526804,0.2635814260969049
0,0.8542183356904348,0.028778780179549,0.11700288413001624
0,0.9147804733861117,0.01586693001063291,0.06935259660325548
0,0.6932076778042187,0.04299717094805825,0.2637951512477231
2,0.9071869345371213,0.013797705816455265,0.07901535964642342
0,0.9293746592623146,0.014690328552081413,0.05593501218560407
0,0.3397489806481521,0.08325756655372835,0.5769934527981195
0,0.8128867549493258,0.026228529151515,0.16088471589915884
2,0.8929841301471079,0.017173771123941136,0.08984209872895102
2,0.36217187628366515,0.05423223089635214,0.5835958928199827
2,0.18247072054342336,0.03617735284576805,0.7813519266108085
0,0.9277281060233661,0.015156492478457212,0.0571154014981766
0,0.919028107982803,0.014849838011968375,0.06612205400522848
2,0.38972414369302544,0.05215311433373798,0.5581227419732366
2,0.12845675436211407,0.04112130666513039,0.8304219389727555
2,0.24584812118644916,0.06069140863904526,0.6934604701745057
0,0.8295123587033545,0.021669496279170468,0.1488181450174749
2,0.00552995391705069,0.05982964404017035,0.934640402042779
0,0.8953103747468356,0.023038171076102402,0.08165145417706215
0,0.9176337250813599,0.013400671774484695,0.06896560314415603
0,0.2616532536098698,0.052584782498286645,0.6857619638918432
0,0.6053706788819121,0.02710515430697221,0.36752416681111566
2,0.5125127336322665,0.022662904342565363,0.4648243620251681
2,0.9272468482054077,0.013692304118104992,0.059060847676487165
0,0.9259097147481307,0.01519618796844145,0.05889409728342771
2,0.6655308101090269,0.024387513465023446,0.3100816764259493
2,0.2819276650421102,0.05910777488417837,0.6589645600737114
0,0.799641731068963,0.03593101534629393,0.16442725358474317
0,0.9288528166388639,0.014752244766973382,0.0563949385941626
0,0.9235431782166362,0.012393686928415961,0.06406313485494843
0,0.903054615067851,0.01898076424799424,0.07796462068415475
2,0.028414934381385638,0.04932617486061483,0.9222588907579995
0,0.4504884871486038,0.06377865746210067,0.4857328553892955
0,0.7597788004166502,0.03326616342454918,0.20695503615880062
2,0.18339664649183585,0.03940346978472545,0.7771998837234387
0,0.8886086203244653,0.019852578333771638,0.09153880134176297
0,0.29869827200007176,0.0850551569645499,0.6162465710353783
2,0.18105625946973775,0.022626887625994477,0.7963168529042677
2,0.09983694766668375,0.02586269733929668,0.8743003549940196
1,0.4219740149526191,0.026109018916801133,0.5519169661305798
0,0.9277248883806753,0.01308901255808499,0.05918609906124028
0,0.8661628910563162,0.020744036626795553,0.11309307231688831
2,0.33401506016569216,0.05848379078364856,0.6075011490506593
0,0.9207967451608774,0.015108225657865541,0.06409502918125691
0,0.9253243779960993,0.011931697851451198,0.06274392415244928
1,0.33599041711835825,0.0893769022969316,0.5746326805847101
0,0.747681881993827,0.034726944460385024,0.21759117354578789
2,0.3365445701868293,0.08809078190389506,0.5753646479092757
0,0.356523765453441,0.059124744210769214,0.5843514903357899
0,0.9273389187482117,0.014777655843494544,0.057883425408293734
2,0.22004849177259583,0.05930746918892861,0.7206440390384755
0,0.5120803505604093,0.042534364665450665,0.4453852847741392
0,0.6457653870856938,0.06394469725085986,0.2902899156634466
0,0.6349859319132418,0.03402327215069629,0.330990795936062
2,0.5280652625807499,0.07553331518341955,0.39640142223583036
2,0.04368320791814,0.01668512094635037,0.9396316711355097
0,0.8525074098875749,0.03797900893430045,0.10951358117812479
2,0.1985613986393133,0.0296067889020535,0.7718318124586332
0,0.9163036836936994,0.01660558180692441,0.06709073449937623
2,0.29489376653976557,0.07346849469260185,0.6316377387676327
0,0.8979801379430534,0.016234006198637792,0.08578585585830878
0,0.797159252736028,0.09057077093655597,0.11226997632741606
2,0.7625262562454991,0.02907517453639995,0.20839856921810088
0,0.575458183967961,0.07661696567194859,0.3479248503600905
2,0.4611128718578031,0.06416187107267171,0.47472525706952523
0,0.9272029970660638,0.01383544760259521,0.05896155533134106
2,0.9255952335416106,0.015201956312970654,0.05920281014541886
0,0.8336890327450699,0.037024708333838044,0.12928625892109197
0,0.9276798088539369,0.012779687476513183,0.059540503669549945
0,0.5919024412927637,0.05234169898550489,0.35575585972173135
0,0.9299421512494263,0.014048710217344242,0.056009138533229315
2,0.14123946804799167,0.04382207348039239,0.814938458471616
0,0.3399206998163186,0.05700732870523751,0.6030719714784438
0,0.8383193813015716,0.0112374255334688,0.1504431931649594
2,0.08316579412653452,0.031117861924068124,0.8857163439493974
0,0.9320030057506833,0.013656675616491316,0.05434031863282542
0,0.908204071270185,0.017695944470910812,0.07409998425890402
0,0.89236476069079,0.024774069928306053,0.08286116938090425
2,0.1776971378943498,0.112170263177206,0.7101325989284442
2,0.010285292193186931,0.031710074989468026,0.9580046328173452
2,0.28343525151802945,0.04137643983535865,0.6751883086466118
2,0.17303261607220416,0.03985325102260739,0.7871141329051885
2,0.5409027990434937,0.037803513433451896,0.42129368752305496
2,0.6089676484948771,0.04927273553852098,0.341759615966602
0,0.8007243471723763,0.026699319476824912,0.1725763333507991
0,0.9272029970660638,0.01383544760259521,0.05896155533134106
0,0.9228436592276076,0.01561864390463408,0.06153769686775832
1,0.6594559637145466,0.0863559921467447,0.2541880441387086
1,0.8198090209439195,0.02306534473006048,0.15712563432602009
0,0.8304739529517728,0.02045752516205584,0.14906852188617112
2,0.1350605445970146,0.04234334918626248,0.822596106216723
2,0.8926751926219522,0.01361567098020728,0.09370913639784086
0,0.5736343339001674,0.07836764964723379,0.3479980164525988
0,0.9207627440632336,0.01673024183025015,0.06250701410651624
0,0.912717396266975,0.015516162296740443,0.07176644143628452
2,0.12274618298878895,0.12345613645361499,0.7537976805575959
0,0.4920500055842599,0.043600604352063206,0.46434939006367676
0,0.8991228385042362,0.017891713470503612,0.08298544802526073
0,0.9078961467703489,0.016202374269631788,0.07590147896001925
2,0.7132619651009836,0.025154807526291758,0.2615832273727245
0,0.9046177526277814,0.020091870955079822,0.07529037641713875
0,0.9282281317133525,0.014605571353679424,0.05716629693296796
0,0.576757302887399,0.06974912784525197,0.35349356926734915
0,0.8898703013682419,0.01792221816638249,0.09220748046537558
0,0.7877208582292217,0.02676174978361994,0.18551739198715825
2,0.5167075679004836,0.07063906944510825,0.41265336265440816
0,0.9272029970660638,0.01383544760259521,0.05896155533134106
0,0.9028097248535855,0.02203988397036411,0.07515039117605062
0,0.7974950249552877,0.024820055731098464,0.17768491931361388
2,0.6502067583586174,0.042688096574135824,0.30710514506724684
0,0.5167758514898606,0.051648859050820804,0.43157528945931856
0,0.6130804741340031,0.04179445390950565,0.3451250719564913
2,0.16785896083555696,0.08386228077763229,0.7482787583868108
0,0.7959031546517271,0.021187239483873344,0.1829096058643994
2,0.4376015657640663,0.0791833101855833,0.48321512405035033
2,0.4995118049878112,0.06767828104128415,0.43280991397090474
0,0.9239544800390063,0.013016910826340804,0.06302860913465277
0,0.8481473382326697,0.03154122581442637,0.12031143595290376
0,0.7420822129312676,0.024914649669250753,0.23300313739948206
2,0.6913663486962477,0.044130246049453176,0.26450340525429916
0,0.8819364828203964,0.027556819182357764,0.09050669799724617
2,0.7574836442335661,0.03494091599597879,0.20757543977045506
2,0.5523479435194759,0.04949644557830659,0.39815561090221746
0,0.9189222933535369,0.015573189153014018,0.06550451749344914
0,0.838568734909268,0.03243470205340791,0.12899656303732418
2,0.1675858523659387,0.09628548444523537,0.736128663188826
0,0.4601907153260286,0.05874768240479433,0.48106160226917705
0,0.5626590945837502,0.022008961927910742,0.4153319434883392
0,0.7816766385345713,0.031325701317674266,0.18699766014775465
0,0.9193309268949125,0.015235128735108502,0.06543394436997989
0,0.6007742621726131,0.02610684010021133,0.37311889772717555
2,0.16579690285988105,0.059866768112989986,0.774336329027129
0,0.9268162888863724,0.012803329082769347,0.060380382030858805
0,0.7234375158322135,0.060127405376721434,0.21643507879106538
1,0.2385971234103516,0.05895182373807911,0.7024510528515693
0,0.6417771591890751,0.0257261793897163,0.3324966614212086
2,0.5392213306553089,0.03105803512179656,0.4297206342228946
2,0.35179916979402537,0.05958919348293508,0.5886116367230396
0,0.8938106365623107,0.014987264532406458,0.09120209890528265
0,0.9277281060233661,0.015156492478457212,0.0571154014981766
2,0.10485039197815987,0.025274598446711125,0.8698750095751292
0,0.9128858040488894,0.016193279388185912,0.07092091656292461
2,0.15637281587928478,0.03126708056604174,0.8123601035546736
0,0.9223842529515196,0.012621311426853991,0.06499443562162634
0,0.8431311797857328,0.020992908743988143,0.13587591147027914
0,0.7247698232846486,0.03808386134423302,0.23714631537111847
0,0.9301163812836156,0.012790147285652106,0.057093471430732144
2,0.2642015897686472,0.04979251118385605,0.6860058990474965
0,0.9260989143555695,0.014145405018315134,0.059755680626115505
0,0.8335366966197626,0.021857661056498782,0.14460564232373863
0,0.7622238287978211,0.02260981948465828,0.21516635171752055
0,0.9021220745901583,0.014272187617772363,0.08360573779206948
2,0.38998710772072587,0.05586867732510818,0.554144214954166
0,0.871896512289689,0.03010744689306056,0.09799604081725041
0,0.37636347393299874,0.06868283866164548,0.5549536874053558
0,0.6624509764101572,0.04988913887052005,0.28765988471932274
0,0.8758789249051159,0.030398860519109516,0.09372221457577468
2,0.4822188190339851,0.05314370833664564,0.4646374726293692
2,0.33334955568228647,0.05370177163074208,0.6129486726869714
0,0.4872110904068472,0.028064565441383308,0.48472434415176957
0,0.7841966663668479,0.04194721699118225,0.17385611664196987
2,0.5245196850202041,0.06109622284527503,0.41438409213452077
0,0.896448039380276,0.02174924420896647,0.08180271641075779
0,0.9263198014356766,0.014424854218663812,0.059255344345659496
0,0.9235167431309308,0.01595115944721154,0.06053209742185781
0,0.928301737756713,0.014829094633662984,0.05686916760962395
0,0.9241414344394274,0.014013102107614838,0.06184546345295812
0,0.653777330936063,0.040304567384882896,0.30591810167905414
2,0.12353297691363406,0.049365661439632856,0.8271013616467334
0,0.7650295445565294,0.022279241178297382,0.2126912142651731
0,0.7432389260224771,0.037487809698446596,0.21927326427907623
2,0.3478824087347581,0.04855532445081363,0.6035622668144284
2,0.4115382064484716,0.0427322780917019,0.5457295154598266
2,0.4500680554085585,0.0663673637187723,0.48356458087266924
0,0.4197062985019484,0.05118134291951353,0.5291123585785379
0,0.7181662885708696,0.04204884752319607,0.23978486390593437
0,0.9237494163753037,0.015640782441478276,0.06060980118321801
0,0.4138491514935887,0.05752723884871011,0.528623609657701
2,0.5750546956604285,0.01750227701338146,0.40744302732619003
0,0.9241193803768453,0.013818564323172716,0.06206205529998218
2,0.3004724814958679,0.1372975464549806,0.5622299720491516
0,0.8335366966197626,0.021857661056498782,0.14460564232373863
0,0.8993681071274011,0.01852798878652662,0.08210390408607232
0,0.3966554960456537,0.05190142989812693,0.5514430740562197
0,0.6276558539821153,0.028169156195744182,0.3441749898221404
2,0.6709923369964064,0.03389714882805715,0.2951105141755366
0,0.592177679854467,0.09487435694602174,0.3129479631995112
0,0.899253697374162,0.01235040450339865,0.08839589812243928
0,0.47267618990488774,0.07259752696873688,0.4547262831263754
2,0.9288528166388639,0.014752244766973382,0.0563949385941626
0,0.663389842369625,0.01792975728882808,0.31868040034154693
0,0.5699260704306511,0.09999591800108307,0.33007801156826583
1,0.20014358591892362,0.08707115145401358,0.7127852626270628
0,0.81931051235693,0.023375383555245467,0.15731410408782454
0,0.9217367116848901,0.015385139342228337,0.0628781489728812
0,0.8392853997643429,0.017898499429812188,0.14281610080584503
0,0.7711058387897877,0.022581327402406183,0.2063128338078058
0,0.9146832500536525,0.017288582007878774,0.06802816793846866
0,0.919028107982803,0.014849838011968375,0.06612205400522848
2,0.36637918070344766,0.04314612554812556,0.5904746937484268
2,0.27137538910036263,0.04061963998843399,0.6880049709112034
0,0.8771067757700993,0.02511629098995948,0.09777693323994137
2,0.7129462555560238,0.07627077683445366,0.21078296760952264
2,0.3412247299315913,0.06693547876998988,0.5918397912984187
0,0.9123888050979848,0.012816763312423672,0.07479443158959194
0,0.9119333869990854,0.015958157305022883,0.07210845569589261
2,0.6206995702472504,0.07224444874281093,0.3070559810099388
0,0.8089443038603843,0.03419369006873551,0.15686200607088038
2,0.2865536875399982,0.036192019870274594,0.6772542925897274
0,0.5845892036934073,0.06953086567221717,0.3458799306343755
2,0.1737566802950743,0.03776810734436384,0.7884752123605617
2,0.0684652609435886,0.029566222785178103,0.9019685162712334
2,0.0009195870607158405,0.0034204579549285486,0.9956599549843557
2,0.08175782004690788,0.05564151269063293,0.8626006672624591
0,0.9307447525093373,0.012787041795743333,0.05646820569491923
0,0.9002209284004178,0.021616107863971393,0.07816296373561085
1,0.4311233623769226,0.09673096891866989,0.4721456687044074
2,0.17780040933458457,0.047023686576812974,0.7751759040886024
0,0.9085030709113137,0.0175378445877631,0.07395908450092405
2,0.5282736073884875,0.05111853051501069,0.4206078620965018
0,0.23853436466295563,0.02825359159148489,0.7332120437455595
0,0.6906377767253996,0.0339884450106387,0.27537377826396164
0,0.7222961971727947,0.07789444007438952,0.19980936275281574
0,0.9288528166388639,0.014752244766973382,0.0563949385941626
0,0.7979745142769467,0.026772742234116756,0.17525274348893657
0,0.5176758659646811,0.042878807499286825,0.4394453265360318
2,0.17551038596895216,0.04747932463392839,0.7770102893971192
0,0.9184611906769322,0.014252429974552309,0.06728637934851542
2,0.8408686109224793,0.019668840949301845,0.13946254812821887
2,0.10458773303964454,0.03786262768855666,0.8575496392717991
0,0.9252499971861271,0.01423384861875345,0.0605161541951193
0,0.9270178074520355,0.014675493337906048,0.05830669921005832
0,0.9170420552014922,0.015394656173390316,0.06756328862511746
0,0.9277281060233661,0.015156492478457212,0.0571154014981766
0,0.8155382664316532,0.022045370678482515,0.16241636288986402
0,0.9250705494633469,0.015155005825867863,0.059774444710785364
0,0.9037400310626433,0.013696602712152367,0.08256336622520433
0,0.9255952335416106,0.015201956312970654,0.05920281014541886
2,0.2624139409118371,0.06065945059134679,0.6769266084968162
0,0.9127493217168073,0.015252662989108282,0.07199801529408431
2,0.1357183702418033,0.03223856253579934,0.8320430672223975
0,0.8020339836774736,0.021006037956387925,0.17695997836613836
2,0.2326620376157184,0.031080666546562174,0.7362572958377194
0,0.8636925197609407,0.02667912087912088,0.10962835935993831
2,0.010869958244195949,0.006632487827491421,0.9824975539283126
2,0.46220623629359264,0.07162033060296265,0.4661734331034444
0,0.9173363362939901,0.013884089192344158,0.06877957451366587
2,0.19962350478322918,0.04079905704006645,0.7595774381767045
0,0.9270178074520355,0.014675493337906048,0.05830669921005832
0,0.8452266116742709,0.01636846189898286,0.13840492642674615
0,0.8980371831194757,0.019029387158728612,0.08293342972179579
2,0.2750213902912614,0.06990070993777299,0.6550778997709656
0,0.9191969908006704,0.014754033890881101,0.06604897530844865
0,0.5606573542015992,0.11876435058748888,0.32057829521091186
2,0.10473063406889646,0.0603270643676506,0.8349423015634531
2,0.1709023192010945,0.05439514327673207,0.7747025375221737
2,0.08875291375291375,0.07198946886446886,0.8392576173826175
2,0.16972204164478352,0.02629609805868534,0.8039818602965311
2,0.04786851695021229,0.032207672516661866,0.9199238105331259
0,0.6711686652363154,0.032926690066168066,0.29590464469751643
2,0.044463431305536566,0.0,0.9555365686944634
2,0.39824040519959414,0.07086579991084364,0.5308937948895621
2,0.003848764539554013,0.002360669301458775,0.9937905661589873
2,0.032661081351431295,0.01005475584279932,0.9572841628057693
0,0.7318901387800764,0.03702386965318908,0.23108599156673454
2,0.7243741841884854,0.0214676702144397,0.2541581455970749
0,0.8714909099746618,0.03053201124663348,0.09797707877870454
0,0.9192223632938203,0.014054411155954002,0.06672322555022583
0,0.7370059359349401,0.06692194982177872,0.19607211424328125
0,0.8178335032419367,0.03480775468987723,0.14735874206818603
0,0.6093350549198332,0.037804768635501286,0.35286017644466566
0,0.9256223337501094,0.015152560897480254,0.059225105352410636
2,0.189778666266629,0.06997386596494666,0.7402474677684244
2,0.400555207115527,0.09515051168649881,0.5042942811979741
2,0.6811475257036931,0.032822522893958574,0.2860299514023484
2,0.31419288182636496,0.037667280234728706,0.6481398379389064
2,0.005714839209608679,0.008426966292134831,0.9858581944982565
0,0.9278514489547268,0.013951676755789911,0.058196874289483315
2,0.21456300906329298,0.04663148178683659,0.7388055091498704
2,0.00802732364145771,0.004721690325273575,0.9872509860332684
0,0.9259097147481307,0.01519618796844145,0.05889409728342771
0,0.7375533710183707,0.037811945919671554,0.2246346830619577
0,0.804616964349464,0.02383836732590414,0.17154466832463197
2,0.05188254523658237,0.027867921357939147,0.9202495334054783
2,0.18916417315591408,0.03804170050232029,0.7727941263417657
1,0.7601480411579501,0.04938019881314534,0.1904717600289045
0,0.30389784852038537,0.04982114979565922,0.6462810016839554
0,0.7253361972920136,0.019515647694618728,0.25514815501336774
2,0.5796637139916093,0.03443742560408245,0.38589886040430826
0,0.9214424208239927,0.01661634275153965,0.06194123642446751
0,0.5299766832343737,0.09982756585109673,0.37019575091452955
0,0.9222119063392293,0.013830947468803166,0.0639571461919677
0,0.45301913216791034,0.052437876523241694,0.49454299130884805
2,0.16431232365782047,0.047663465899155544,0.788024210443024
2,0.023276098254259775,0.007414033665291674,0.9693098680804487
2,0.20741332576919327,0.05221144411023019,0.7403752301205765
2,0.9055711559376877,0.012685724281980212,0.08174311978033245
0,0.4376595160192469,0.04559633718914728,0.516744146791606
0,0.6990570575849784,0.07323132802861192,0.2277116143864095
2,0.5102931852109021,0.0465015239541267,0.44320529083497123
0,0.7890718752544614,0.027099634949033002,0.18382848979650543
2,0.7280495216843366,0.027040747570903505,0.2449097307447601
0,0.9202267224394908,0.014932170688682946,0.06484110687182652
0,0.5500851207936903,0.03672750716913315,0.41318737203717654
2,0.4065894782374384,0.04175117402557629,0.5516593477369853
2,0.5268103396624485,0.04816728843012075,0.4250223719074308
0,0.9025610837474243,0.019191969791514857,0.07824694646106058
0,0.5075791965271488,0.03891480552723838,0.45350599794561286
2,0.6393407691195173,0.07330234343554057,0.28735688744494187
1,0.41682813859945667,0.06139839052222428,0.521773470878319
0,0.7341889916527156,0.01681503413420344,0.24899597421308087
2,0.05655311191075705,0.04087654653854882,0.9025703415506939
0,0.9045323022386472,0.013663177167457262,0.08180452059389552
0,0.2997385705377533,0.06486620918571977,0.6353952202765268
0,0.9127015547705518,0.014861329018539912,0.07243711621090791
2,0.1127489149219036,0.030551971303452607,0.8566991137746439
1,0.404127636753022,0.0675466130518917,0.5283257501950863
0,0.9292030191615246,0.013518339272804684,0.0572786415656707
2,0.23359916605696454,0.030023973227693557,0.7363768607153419
0,0.9234921582460225,0.013978734633629768,0.06252910712034772
0,0.8354909889377523,0.03352552832852761,0.13098348273372007
0,0.6344073018479379,0.03892022788588243,0.32667247026617946
1,0.5132115190512161,0.07654573890716054,0.41024274204162336
2,0.008345662674830105,0.002156514983308293,0.9894978223418617
2,0.343920008671247,0.04813394974922537,0.6079460415795277
2,0.2750229376593024,0.043265116132593116,0.6817119462081046
2,0.5125628308197657,0.06702531225450761,0.4204118569257267
2,0.24534591766391603,0.06680796870659568,0.6878461136294883
0,0.9272468482054077,0.013692304118104992,0.059060847676487165
2,0.5109622449698251,0.038070370533295726,0.45096738449687906
0,0.36748299108776394,0.038192964917341,0.594324043994895
1,0.2910913309298954,0.051463142293687265,0.6574455267764173
2,0.24565372079765457,0.0639898749000908,0.6903564043022545
0,0.8679377312057676,0.027548079700359468,0.10451418909387311
2,0.08914784666833454,0.0538607193191163,0.8569914340125492
0,0.9050542590085163,0.022636931018805612,0.07230880997267818
0,0.5861259869796435,0.07120149673841346,0.3426725162819426
0,0.8987624983652567,0.02099256923506368,0.08024493239967974
2,0.0837655863885956,0.044433364223633934,0.8718010493877706
0,0.9255952335416106,0.015201956312970654,0.05920281014541886
2,0.3862404445605478,0.04471476052988464,0.5690447949095675
0,0.9263242078763672,0.015518030220485738,0.0581577619031471
0,0.8985747357715522,0.024503884547526913,0.07692137968092078
2,0.39917272163290707,0.12127444796848036,0.47955283039861246
2,0.1164207153881487,0.04017386271517342,0.8434054218966778
0,0.6119697266068035,0.050920386636706894,0.33710988675648973
0,0.9109745025478069,0.022314544198710037,0.06671095325348315
0,0.9223747571286214,0.013542134197029331,0.06408310867434928
0,0.8979930588238639,0.01229228825330609,0.08971465292283042
2,0.9196461498677223,0.015365305883954225,0.06498854424832354
0,0.9255952335416106,0.015201956312970654,0.05920281014541886
0,0.6354244762736044,0.07767792901653914,0.28689759470985643
0,0.6393252528832012,0.09860014348509878,0.2620746036317002
0,0.5074411187655372,0.03394756234867428,0.4586113188857883
1,0.6493768832036548,0.07442673266592875,0.27619638413041636
0,0.9273389187482117,0.014777655843494544,0.057883425408293734
0,0.3828676601432067,0.06894220436462423,0.5481901354921689
0,0.23651171458591308,0.04199097041219579,0.7214973150018912
0,0.9293746592623146,0.014690328552081413,0.05593501218560407
0,0.3526047617726305,0.03250471552176342,0.6148905227056062
0,0.9105296586453407,0.018481945371694803,0.07098839598296441
2,0.4805693696365772,0.03764214360375579,0.48178848675966696
2,0.12425451431689007,0.033345180409146385,0.8424003052739636
2,0.8108266865706948,0.025630791212782597,0.16354252221652238
2,0.29863823168509235,0.041686307284232,0.6596754610306756
2,0.8846514147436508,0.027019216905790983,0.08832936835055813
0,0.9293746592623146,0.014690328552081413,0.05593501218560407
2,0.17166611229633352,0.1461253879171193,0.6822084997865472
0,0.4540579773862815,0.0762173365835133,0.4697246860302052
0,0.9305321060021425,0.012524118495677564,0.056943775502180057
0,0.9121094109170699,0.015297498879257484,0.07259309020367243
0,0.9080380230972054,0.017304778388633094,0.07465719851416157
2,0.13383808695170915,0.04972599984598936,0.8164359132023018
2,0.6913111542978526,0.0664056219364243,0.24228322376572314
0,0.9288528166388639,0.014752244766973382,0.0563949385941626
1,0.6504135411877321,0.07997999046713816,0.2696064683451297
0,0.9262660702809116,0.013402880083293886,0.06033104963579492
0,0.6926016401867083,0.04069999125984288,0.26669836855344864
0,0.9270781559026423,0.012968206676794103,0.05995363742056403
2,0.023073818929690865,0.0131701665268497,0.9637560145434594
0,0.9090152149417582,0.016987333175005555,0.0739974518832368
2,0.22634159730897724,0.03807337155104867,0.7355850311399741
2,0.771972904106022,0.020127112367988993,0.207899983525989
2,0.33722214904947806,0.08467469533371647,0.5781031556168054
0,0.20887963863372033,0.013300111637032996,0.7778202497292468
2,0.0035762288786482335,0.0020881336405529955,0.9943356374807988
2,0.5987843252041494,0.07642714697117296,0.3247885278246777
0,0.9005767239172013,0.01993762357942252,0.07948565250337615
0,0.43954996304956223,0.055471807854228644,0.5049782290962092
0,0.8002511339210129,0.036568270248254715,0.16318059583073247
0,0.11282394757893849,0.003148897885739991,0.8840271545353215
0,0.9260989143555695,0.014145405018315134,0.059755680626115505
0,0.3672679359900202,0.0864173387350372,0.5463147252749426
1,0.2956871569842908,0.055489854616220184,0.6488229883994888
0,0.5919472279251164,0.02944147730482198,0.37861129477006167
0,0.7764907273190857,0.024691773340992488,0.19881749933992185
2,0.32671441855622607,0.03581060302720222,0.6374749784165716
0,0.5682975490389777,0.08482406816003508,0.34687838280098754
0,0.9118956554124631,0.014661345886663329,0.07344299870087365
0,0.9202267224394908,0.014932170688682946,0.06484110687182652
2,0.9272468482054077,0.013692304118104992,0.059060847676487165
0,0.9202267224394908,0.014932170688682946,0.06484110687182652
2,0.40609272489231535,0.043960044820440504,0.549947230287244
2,0.7230256007430858,0.03496652539024882,0.24200787386666528
2,0.10073887915779989,0.1210208056568296,0.7782403151853706
2,0.04702855979150488,0.02427795671987701,0.928693483488618
0,0.8915628667662725,0.014072801932604873,0.09436433130112282
0,0.9288528166388639,0.014752244766973382,0.0563949385941626
2,0.0008741258741258741,0.0017564595029383762,0.9973694146229358
2,0.41390492407448204,0.07923417540476424,0.5068609005207538
0,0.81931051235693,0.023375383555245467,0.15731410408782454
0,0.9234120839296319,0.015744528327074344,0.060843387743293974
0,0.7876695160529837,0.03227835761232273,0.18005212633469359
0,0.4624131797011108,0.07054680060940098,0.46704001968948844
0,0.7639618946144627,0.056591110788057064,0.17944699459748034
0,0.838006598090327,0.027876267578982695,0.13411713433069053
0,0.9260989143555695,0.014145405018315134,0.059755680626115505
0,0.849630091094543,0.027056010046681303,0.12331389885877576
1,0.4887077806399164,0.1237426208378877,0.38754959852219584
0,0.4166935032200967,0.06807474235096658,0.5152317544289368
0,0.7681965223934837,0.03024995265160494,0.20155352495491136
0,0.8558813248234309,0.03122399865535928,0.11289467652120981
2,0.034053409170778974,0.03425806907298444,0.9316885217562365
2,0.5840355330731225,0.062300034047995334,0.3536644328788823
0,0.6645525836656822,0.046892026860967675,0.28855538947335
0,0.9192223632938203,0.014054411155954002,0.06672322555022583
2,0.430696806099063,0.03647834147449041,0.5328248524264466
0,0.9248131526857496,0.013378560774404823,0.06180828653984647
2,0.0,0.0,1.0
0,0.9259097147481307,0.01519618796844145,0.05889409728342771
2,0.8019336429063838,0.026873648732313918,0.1711927083613023
0,0.5985259689567788,0.06413246996211398,0.3373415610811071
0,0.403910277246904,0.03882214692726681,0.5572675758258292
2,0.0,0.0007451564828614009,0.9992548435171387
0,0.9207967451608774,0.015108225657865541,0.06409502918125691
0,0.9118292879131605,0.0152874380052529,0.07288327408158693
0,0.8370411487844792,0.030419215840607156,0.13253963537491392
2,0.19799548406023335,0.08023120583365605,0.7217733101061108
0,0.6238640055288859,0.03735324909718811,0.33878274537392594
2,0.13694619371492522,0.02872049783524553,0.8343333084498292
