target,prediction_0,prediction_1,prediction_2
2,0.022131959247155764,0.04738662028851132,0.9304814204643327
0,0.9080026629869278,0.01425362173674346,0.07774371527632874
0,0.9398780103854676,0.011590742396210022,0.04853124721832252
2,0.05058358533835812,0.03494426793609068,0.9144721467255511
0,0.8312035372042508,0.01997487864959702,0.14882158414615235
0,0.8360656676604385,0.016354418382995933,0.14757991395656567
0,0.8935148300238903,0.018640515237485694,0.08784465473862424
2,0.013634212110345375,0.012700353450103638,0.973665434439551
0,0.9424164037418186,0.010278149634369762,0.047305446623811906
1,0.39691181313834967,0.08202337768357681,0.5210648091780734
2,0.026495661200958368,0.059859518958585406,0.9136448198404562
0,0.8375442218392254,0.01757611896766167,0.144879659193113
0,0.8830849118157018,0.016526532253970515,0.10038855593032761
0,0.8752568117264885,0.010107789092710208,0.11463539918080118
0,0.9308311128647517,0.016115530765353187,0.053053356369895055
2,0.15543031421793418,0.07252920280157837,0.7720404829804872
0,0.8380490211317165,0.05298141714068773,0.10896956172759577
2,0.6634489111897814,0.11115111911674781,0.22539996969347095
0,0.9368363390330983,0.01337686897126043,0.04978679199564139
2,0.2363397586479206,0.04917009427208873,0.7144901470799908
0,0.8683448260580462,0.019627962902923887,0.11202721103902974
1,0.5371723586892424,0.08718974728027125,0.3756378940304861
2,0.1918457382899787,0.02586356162081567,0.7822907000892056
0,0.9437319802907995,0.01243804592538375,0.043829973783816666
0,0.43212958187829476,0.07125831989799071,0.49661209822371477
0,0.9108301541412545,0.029714444992463743,0.0594554008662821
0,0.947865642672176,0.01036404628695925,0.04177031104086495
0,0.9465187105015161,0.01117319145932791,0.04230809803915583
0,0.4974478932903524,0.0632177120178381,0.4393343946918095
0,0.9460963490135182,0.0106348154444299,0.04326883554205184
2,0.0725582760581181,0.07217729996867539,0.8552644239732066
2,0.14157893635109176,0.03774164686318518,0.8206794167857232
0,0.2679083779856789,0.08032059892744016,0.6517710230868811
2,0.29611170750384547,0.06805991700595816,0.6358283754901963
0,0.7420714076149689,0.06658623342140686,0.19134235896362442
2,0.08006092992775063,0.02932792980403813,0.8906111402682111
2,0.5279462276208812,0.025320123716336115,0.4467336486627828
0,0.9064330416851639,0.024011549866251824,0.06955540844858435
0,0.5729530748685278,0.02667714016428814,0.400369784967184
0,0.6590998889641199,0.027163358577243873,0.3137367524586358
0,0.9271573255192493,0.014917164298279606,0.05792551018247083
2,0.11933475253453561,0.2591230074727374,0.6215422399927272
0,0.8883582416877148,0.016633144911346983,0.09500861340093823
0,0.9484612531708773,0.010723988497712098,0.04081475833141078
0,0.9513752185978813,0.010670893170516744,0.037953888231601854
0,0.6984776987521151,0.040946607782401445,0.2605756934654834
0,0.8540285558884748,0.010223663954293884,0.1357477801572316
2,0.7921050446862216,0.01777627768518116,0.1901186776285974
0,0.8031163798767634,0.01490399024347282,0.1819796298797636
2,0.4700478875835749,0.11100838611387262,0.41894372630255233
0,0.9251252155646431,0.017499468395923392,0.05737531603943331
0,0.9442075467705137,0.010777671553825635,0.04501478167566074
2,0.11886594038465975,0.07350997857454959,0.8076240810407903
2,0.3458229936746869,0.07756837064449647,0.5766086356808166
2,0.2407875356512293,0.042793762563783436,0.7164187017849877
0,0.8557636087571784,0.011830701453883876,0.1324056897889377
0,0.766061114549111,0.06359928228537036,0.17033960316551838
0,0.5818049802384089,0.10920510612044776,0.3089899136411434
0,0.9384620368417751,0.012271831386134266,0.04926613177209087
0,0.9205741208144146,0.015941020578196706,0.06348485860738867
1,0.7800753250680512,0.05272115752903732,0.16720351740291142
2,0.8335920043495829,0.021054574219392993,0.14535342143102406
0,0.883958278841647,0.017565754678669332,0.09847596647968371
2,0.21305720841828857,0.04337995215124469,0.7435628394304667
2,0.05611149413840434,0.034070123875177216,0.9098183819864181
2,0.021730359676772257,0.008871318985273489,0.9693983213379542
1,0.8916507783177543,0.015876501082939348,0.09247272059930646
2,0.48293870418211055,0.03884777032635558,0.47821352549153395
2,0.029524135676324142,0.04311691030612894,0.927358954017547
0,0.8481529889547691,0.025277350807026342,0.1265696602382048
0,0.9478432174520622,0.010891182658872463,0.041265599889065335
0,0.8477762454281733,0.028179819956494837,0.1240439346153323
0,0.9477493419268702,0.010532599547313977,0.04171805852581596
0,0.9434395044072008,0.011552206300035311,0.04500828929276398
2,0.003930592836078834,0.004414509809122667,0.991654897354798
2,0.025128903140399204,0.03233639524246291,0.9425347016171379
0,0.9487416910217029,0.011013879276711583,0.04024442970158539
0,0.3726718640210102,0.03692056143430858,0.5904075745446812
0,0.9372129742693642,0.012286239917485706,0.050500785813150144
0,0.8189004591569677,0.01073730358731382,0.17036223725571828
0,0.640759267403582,0.029587799304529032,0.3296529332918888
2,0.7221411163142882,0.0381885156007546,0.2396703680849571
1,0.6678362667087032,0.014673279079726476,0.31749045421157035
0,0.8400218440239876,0.030307544526163147,0.12967061144984965
0,0.8611588785658846,0.018981948231788635,0.11985917320232702
2,0.7330283573113647,0.045011828344874015,0.22195981434376133
0,0.9430990444075771,0.012812803074765185,0.044088152517657984
2,0.008949243758612401,0.007434711901795016,0.9836160443395925
0,0.9469066318790273,0.010271941848701805,0.04282142627227103
0,0.7987946069970335,0.020193584151168793,0.18101180885179752
0,0.8593642265903293,0.010230594880892273,0.13040517852877856
0,0.723435915333017,0.06947390872332374,0.20709017594365922
0,0.8198154919750175,0.021851199367083983,0.15833330865789866
0,0.9513752185978813,0.010670893170516744,0.037953888231601854
0,0.9538125244022357,0.01033726664651975,0.03585020895124482
0,0.938315362146519,0.011930384361815972,0.049754253491664985
0,0.9444560501755407,0.011065985186477311,0.04447796463798182
2,0.014210373786674778,0.02418817632303729,0.9616014498902882
0,0.9043234488563731,0.02182002988255899,0.07385652126106797
0,0.4266831433952368,0.041188350567178705,0.5321285060375844
2,0.012477049483509634,0.038115042337971757,0.9494079081785185
2,0.004118107478383429,0.005511510294475894,0.9903703822271404
2,0.009132573506515043,0.012952087788915085,0.9779153387045697
2,0.01539681510965756,0.03389905901354702,0.9507041258767954
0,0.9455738309592091,0.011355491041004263,0.043070677999786366
0,0.9443880474814121,0.014554082739094523,0.04105786977949349
0,0.9106868540519079,0.017687578487808935,0.07162556746028304
2,0.5117401706596986,0.09041186214729977,0.39784796719300175
0,0.6503663906647573,0.041103054710334375,0.30853055462490825
2,0.26120081638148157,0.10885076072575793,0.6299484228927607
0,0.9119975919398827,0.01926482040109764,0.0687375876590199
2,0.08900332697468183,0.053130397078599435,0.8578662759467188
0,0.847915574944026,0.022408879662582135,0.129675545393392
2,0.030760349380232106,0.07098024542679925,0.8982594051929685
0,0.9480626271585367,0.01109886535483454,0.0408385074866284
0,0.7070340310084384,0.026209752837039805,0.26675621615452144
0,0.9344114801474525,0.011937426973015232,0.0536510928795323
0,0.9473228840312391,0.01035085359147602,0.042326262377285005
0,0.9488624599842729,0.01167656176085135,0.039460978254875906
2,0.6537953476646042,0.030532993651120575,0.31567165868427544
0,0.897505470191193,0.0112715334046651,0.09122299640414192
0,0.9403247420159242,0.010650591995790529,0.04902466598828552
0,0.8233884746348411,0.028584138604916067,0.1480273867602428
0,0.9495937983691923,0.011350581053914692,0.03905562057689311
0,0.6266764664197305,0.017406736297332897,0.35591679728293674
0,0.43085151132856836,0.0900310424316343,0.4791174462397975
0,0.8741332312262207,0.016826847912925512,0.10903992086085397
0,0.7516742629605176,0.011018132258916695,0.23730760478056556
2,0.13751698642210722,0.07470071907813489,0.7877822944997578
0,0.8889229088550454,0.019936236280852126,0.09114085486410256
2,0.1944380467282993,0.043505363403520965,0.7620565898681797
0,0.7351283232223675,0.02834289499829733,0.2365287817793351
2,0.013798014832126582,0.019415640788579644,0.9667863443792938
0,0.9296671081633864,0.012267911606698706,0.05806498022991477
2,0.4200441882134673,0.06208940626031016,0.5178664055262225
2,0.5976289999278955,0.03839626028395752,0.36397473978814676
0,0.7101870844143064,0.06274751687443188,0.2270653987112611
0,0.9478432174520622,0.010891182658872463,0.041265599889065335
0,0.9466662830778705,0.009992135814520265,0.043341581107609446
2,0.6928615141737928,0.015612028983720801,0.2915264568424864
0,0.6205953300745244,0.09125822181548915,0.2881464481099864
0,0.3006084898413958,0.062081654595931415,0.6373098555626725
0,0.8417352901647105,0.024928172126758266,0.13333653770853127
0,0.5469479950844178,0.04892583844983999,0.40412616646574184
0,0.8099040536252549,0.0327122601864044,0.1573836861883403
0,0.8888593335664079,0.005196335282202147,0.1059443311513901
2,0.034931913706073146,0.022892427499819144,0.9421756587941078
0,0.9370817638633386,0.012638792451855518,0.05027944368480588
0,0.8884980162843705,0.025471640970098807,0.08603034274553072
2,0.3141036871139997,0.09778784673211921,0.5881084661538811
0,0.9455152530726654,0.010495770090815194,0.0439889768365194
2,0.4133560316824793,0.10062837186308234,0.48601559645443837
0,0.9556048441043915,0.009868282079174527,0.03452687381643428
0,0.8758413554865899,0.008263620974557375,0.11589502353885257
0,0.49138700813327846,0.0249851911823141,0.4836278006844074
0,0.8887570378132883,0.017514039373297197,0.09372892281341465
2,0.008555770332792933,0.008110136580709339,0.983334093086498
2,0.04924037734212625,0.026484481058231823,0.924275141599642
2,0.8552330865182233,0.008551716713162407,0.13621519676861432
0,0.9380764263302438,0.011263336917633109,0.050660236752123125
0,0.10875693929390377,0.05426449782021079,0.8369785628858853
0,0.953754093065502,0.009260771448189535,0.03698513548630846
2,0.84570517469584,0.019114101712455613,0.1351807235917046
2,0.8011429828323818,0.03326015779541711,0.16559685937220114
0,0.7763537412852115,0.02735258510744139,0.19629367360734704
2,0.54513163841528,0.1412791133159063,0.31358924826881374
0,0.9461140438890285,0.010665620240168126,0.043220335870803435
2,0.03260809596257011,0.008187694830048357,0.9592042092073815
2,0.7829975317283099,0.02613477785471964,0.1908676904169707
0,0.9299168705269074,0.011206205157757915,0.058876924315334575
0,0.5921291417929592,0.1089947789464069,0.29887607926063403
1,0.3392650896864413,0.04936425617543952,0.611370654138119
2,0.2631751220964381,0.056004259704655085,0.6808206181989066
0,0.7887136618497907,0.041672232868981814,0.16961410528122745
2,0.23892617715140738,0.22494562045946392,0.5361282023891288
2,0.05863553366366293,0.050547439631383126,0.8908170267049536
0,0.9481327741884485,0.010807989156877794,0.04105923665467359
0,0.16484264898812384,0.1160692299287079,0.7190881210831681
2,0.1493522549753761,0.04249636565143469,0.8081513793731891
0,0.9397809817008032,0.009882092874132102,0.05033692542506487
0,0.4056061991578571,0.08784988526190594,0.5065439155802369
0,0.595223643644553,0.08565374254548831,0.3191226138099586
2,0.010673669748383751,0.024233611662239123,0.9650927185893772
0,0.9411450756752925,0.013454336281915669,0.04540058804279212
2,0.3291156660616928,0.0947539002250347,0.5761304337132725
2,0.451789425337132,0.038361507291007735,0.5098490673718602
1,0.38182343871207114,0.08057671439522807,0.5375998468927009
0,0.3341115875970176,0.07250424896304707,0.5933841634399353
2,0.5610557335157047,0.02403443576347022,0.41490983072082516
2,0.1924174956333847,0.1390337572163716,0.6685487471502437
0,0.5557982112574364,0.04916578460025732,0.395036004142306
0,0.9476235978961064,0.010538907720754742,0.04183749438313892
0,0.800970985235301,0.037267765459802725,0.1617612493048965
2,0.22844842208375396,0.06531466689655634,0.7062369110196893
2,0.4034110274130019,0.09139812838710012,0.505190844199898
0,0.9373245618640338,0.010514959731247742,0.052160478404718436
0,0.723025770886038,0.02621274955857377,0.2507614795553882
0,0.9491664560989292,0.010541607243061118,0.04029193665800968
2,0.8625810533484918,0.018655018574242746,0.1187639280772658
0,0.9218918594227286,0.009840580940554247,0.06826755963671718
0,0.9001322503383602,0.02151555501310958,0.07835219464853052
0,0.9476235978961064,0.010538907720754742,0.04183749438313892
2,0.6014470104557308,0.09931020269772846,0.2992427868465407
0,0.9497646253958295,0.011268083208344453,0.03896729139582632
0,0.7905500040596276,0.02086444594769182,0.1885855499926811
0,0.2157620347978559,0.04981441276696243,0.7344235524351814
0,0.8644802862670447,0.007700214312927623,0.12781949942002765
2,0.35342860358458256,0.05857053921606568,0.588000857199352
0,0.9513752185978813,0.010670893170516744,0.037953888231601854
2,0.23646514465951865,0.021612000374283433,0.7419228549661976
0,0.9350461404928971,0.011558253671681255,0.0533956058354218
2,0.9154518683041264,0.020646794512043966,0.06390133718382976
2,0.048787039823663135,0.04922399744621626,0.9019889627301205
2,0.04193026581241318,0.018560612488916915,0.93950912169867
0,0.6213893878067988,0.05379146355447857,0.3248191486387227
0,0.8803782025112202,0.030821996391547594,0.08879980109723223
0,0.9439804748041706,0.010174812822147659,0.045844712373681665
0,0.8455215467270019,0.02200562121129394,0.132472832061704
2,0.764245944026077,0.004394762501807078,0.23135929347211592
0,0.9284579716439487,0.01673792426526453,0.054804104090786725
0,0.4259298378872816,0.11966473112718971,0.45440543098552866
0,0.9191666912613834,0.01391856030086074,0.06691474843775547
2,0.9209302288594242,0.013756656809480221,0.0653131143310955
2,0.5339194106828878,0.04992679904947274,0.4161537902676392
2,0.014853211125630412,0.07024761429850622,0.9148991745758633
0,0.9459780635024377,0.011217816984716217,0.04280411951284581
0,0.9366425645239218,0.01186890517665829,0.051488530299419785
2,0.35710825317219286,0.11258932260536653,0.5303024242224407
2,0.09815818075692212,0.026254289003784143,0.8755875302392937
2,0.11303945432963212,0.05572800747459621,0.8312325381957717
0,0.867350568729891,0.020586687983725486,0.11206274328638384
2,0.245162120490709,0.045726546868826407,0.7091113326404647
0,0.8981011210836234,0.021298853382033172,0.08060002553434366
0,0.9390640900447198,0.010506504831075295,0.05042940512420494
0,0.40503375840915334,0.036695254667033626,0.5582709869238129
0,0.6530045838552321,0.030462981126982865,0.31653243501778494
2,0.6801122847813561,0.025365585058020775,0.29452213016062284
2,0.8991948062706466,0.00889046978780909,0.09191472394154428
0,0.9468733136681688,0.011312550416043916,0.0418141359157871
2,0.42667161627184735,0.01707179494703418,0.5562565887811184
2,0.0405281271855297,0.013890627895306753,0.9455812449191634
0,0.8943235905073739,0.01804996452381696,0.08762644496880927
0,0.9556048441043915,0.009868282079174527,0.03452687381643428
0,0.8340844409269984,0.009115253760757728,0.1568003053122439
0,0.8309387680000411,0.01567720969107768,0.15338402230888165
2,0.007275522247882887,0.017852841960655574,0.9748716357914616
0,0.39676596148287174,0.07544187983524325,0.5277921586818851
0,0.8352041923856656,0.025364249520204638,0.1394315580941299
2,0.213758473967648,0.025552034088406988,0.760689491943945
0,0.9292716955798104,0.015518760147204807,0.05520954427298476
0,0.06447217581181575,0.05637700522004407,0.8791508189681404
2,0.21560504688538829,0.02256962933664617,0.7618253237779657
2,0.02115859886327069,0.024664141459597926,0.9541772596771312
1,0.3729096074461359,0.025633309614289976,0.6014570829395741
0,0.9481327741884485,0.010807989156877794,0.04105923665467359
0,0.7619427280007681,0.0074360434117220755,0.23062122858750983
2,0.1824503965611973,0.056908178438392756,0.7606414250004105
0,0.8880488709352986,0.009509252822457704,0.1024418762422437
0,0.9402995875181747,0.010362357830999825,0.049338054650825545
1,0.19592108701079086,0.12255288945296464,0.6815260235362444
0,0.8444892844417387,0.023476676212964852,0.13203403934529653
2,0.29094452254776665,0.1060729726754807,0.6029825047767526
0,0.23979292959888782,0.07901381412005219,0.6811932562810599
0,0.9502180188281257,0.01120456309355064,0.038577418078323975
2,0.17830374373242902,0.1257039643479432,0.6959922919196276
0,0.5257861195734576,0.035170800882856235,0.4390430795436862
0,0.6306056468074296,0.06901496058982327,0.30037939260274754
0,0.7289765400087388,0.01908249347079117,0.2519409665204701
2,0.5055527307522244,0.07802526473433129,0.41642200451344424
2,0.09741860812425329,0.016578947368421054,0.8860024445073257
0,0.8236757049216632,0.04911473925193372,0.12720955582640314
2,0.09185507312417313,0.02051327716074202,0.8876316497150849
0,0.942353735655629,0.011690955891488388,0.045955308452882544
2,0.3100709269827856,0.14746656658013574,0.5424625064370786
0,0.8419181652481923,0.012655945472237976,0.14542588927956995
0,0.4450156261703348,0.05630393787403021,0.4986804359556351
2,0.8651581586845151,0.019937878373321023,0.11490396294216403
0,0.518529734722721,0.10462614311594629,0.37684412216133256
2,0.5363022242657217,0.06738855706587568,0.3963092186684027
0,0.9476235978961064,0.010538907720754742,0.04183749438313892
2,0.9513752185978813,0.010670893170516744,0.037953888231601854
0,0.8260303515208445,0.030536235819956053,0.14343341265919965
0,0.9500985694670298,0.00983159829842607,0.04006983223454428
0,0.407283101613095,0.0826052964204099,0.5101116019664952
0,0.9456480059514026,0.01197915628196265,0.04237283776663471
2,0.07067840320303541,0.0776688626169233,0.8516527341800413
0,0.7444579199453231,0.032947969900892014,0.22259411015378458
0,0.7521178350655833,0.016216055331363118,0.23166610960305353
2,0.04506744935516695,0.013651861970553975,0.941280688674279
0,0.947865642672176,0.01036404628695925,0.04177031104086495
0,0.9361327683501781,0.009407459210938714,0.05445977243888335
0,0.8744039737328774,0.030404362281914208,0.09519166398520847
2,0.04640257510930409,0.04201044042445468,0.9115869844662412
2,0.005807966877013076,0.00822114019442223,0.9859708929285647
2,0.23390854320938725,0.043387248184322685,0.7227042086062903
2,0.17301942499699186,0.0324869146246986,0.7944936603783097
2,0.5328178984181375,0.018983032568653815,0.4481990690132085
2,0.5583836133320471,0.0749639922545525,0.3666523944134005
0,0.8945664163296959,0.014822200626715534,0.09061138304358862
0,0.9281954932250281,0.011878971037409876,0.05992553573756197
0,0.9476235978961064,0.010538907720754742,0.04183749438313892
1,0.41392691467969284,0.10034791781313222,0.48572516750717487
1,0.76294819485649,0.011504540182161708,0.22554726496134844
0,0.9033485597847054,0.015672996862727464,0.08097844335256728
2,0.03856131217691322,0.04117086104781536,0.9202678267752713
2,0.6662188441734672,0.003078367247998345,0.3307027885785345
0,0.6826273060147245,0.08579706913976576,0.23157562484550953
0,0.945373633254729,0.011513714695986308,0.04311265204928441
0,0.9267310826531284,0.012456262338420843,0.060812655008450726
2,0.10288119584320073,0.036470488270378375,0.8606483158864209
0,0.4810647255744029,0.12260609612658999,0.3963291782990071
0,0.8946371832401998,0.016832148399088698,0.08853066836071194
0,0.9243704132891792,0.014294443406773555,0.061335143304047234
2,0.6766787007224564,0.029765343592704583,0.29355595568483894
0,0.9409204318724931,0.015224235972549162,0.04385533215495768
0,0.9463982311895573,0.011086525059278634,0.04251524375116432
0,0.696265034198233,0.07958508397716568,0.22414988182460122
0,0.9364801937921644,0.011746130455314885,0.05177367575252059
0,0.8132582637856273,0.02824464140429651,0.15849709481007618
2,0.5562758393203133,0.09951253912231108,0.3442116215573755
0,0.9476235978961064,0.010538907720754742,0.04183749438313892
0,0.8980907338603082,0.02432467276719492,0.07758459337249712
0,0.9414163288832781,0.010369386422881183,0.04821428469384053
2,0.6726697429625669,0.03233509330657666,0.29499516373085644
0,0.392303614299166,0.05466749970088743,0.5530288859999465
0,0.7209932133435722,0.01912382297585376,0.25988296368057406
2,0.05530545982224446,0.008858829347718552,0.9358357108300368
0,0.7957001033240654,0.022057120595115283,0.18224277608081926
2,0.12618024812141337,0.08378023473855176,0.7900395171400348
2,0.6550467403530181,0.041018467650027514,0.3039347919969541
0,0.9406858177113774,0.011147307560733889,0.04816687472788898
0,0.8128122331197581,0.025949490005347367,0.16123827687489442
0,0.7674710229323046,0.02179657454714291,0.2107324025205523
2,0.38270540117388857,0.06837766160419337,0.5489169372219179
0,0.8766637537233053,0.02880882562108128,0.09452742065561379
2,0.8282747995234139,0.02229696924093524,0.14942823123565088
2,0.3342183092285673,0.035476947938733704,0.630304742832699
0,0.9476235978961064,0.010538907720754742,0.04183749438313892
0,0.8250479953319972,0.03924792423882415,0.13570408042917823
2,0.05317451568149529,0.13538591633388009,0.8114395679846247
0,0.7111723007362547,0.03518903883328949,0.25363866043045585
0,0.7211983068950676,0.017016766843580947,0.2617849262613514
0,0.6013181031602598,0.06360522865482465,0.3350766681849153
0,0.9456079728963318,0.011071183816674266,0.04332084328699378
0,0.5886472235941463,0.01722145291109887,0.3941313234947546
2,0.032580049962484744,0.013606244516964919,0.9538137055205499
0,0.9371234266782769,0.010098755132636522,0.05277781818908636
0,0.714826575297268,0.05802481980209259,0.22714860490063915
1,0.42063506941500534,0.09856342507215486,0.48080150551283973
0,0.5646552789665357,0.027452421653417866,0.40789229938004634
2,0.29652198115491046,0.04412167386943295,0.6593563449756566
2,0.23241053825826852,0.07584697105170737,0.691742490690024
0,0.7624603558647182,0.005946190986036077,0.23159345314924587
0,0.9458608655197736,0.011234059453791837,0.04290507502643436
2,0.025442084646084308,0.009602323326147999,0.9649555920277677
0,0.9346492169038609,0.010039224466977865,0.05531155862916117
2,0.026692332240066806,0.053687464658882064,0.9196202031010512
0,0.9470996354210943,0.010628785574207553,0.04227157900469829
0,0.7814410756262128,0.08131976802191762,0.13723915635186965
0,0.7518965773375712,0.036238749224340186,0.2118646734380885
0,0.9484612531708773,0.010723988497712098,0.04081475833141078
2,0.2944011537431763,0.06125824648752465,0.6443405997692992
0,0.9464367543538843,0.009547194747382437,0.044016050898733304
0,0.8865610569216955,0.018153841162393408,0.09528510191591116
0,0.780683449385191,0.027897521827369674,0.1914190287874393
0,0.9107438135225325,0.01233621944126682,0.07691996703620083
2,0.5237972937169293,0.033528196046164666,0.44267451023690607
0,0.8155325267825024,0.049180546013313155,0.13528692720418461
0,0.318470748595304,0.08951782322022106,0.5920114281844749
0,0.729151341979016,0.041192692787592654,0.22965596523339138
0,0.8982255604958173,0.017805616721239634,0.08396882278294314
2,0.14531410735361355,0.06677752920541401,0.7879083634409724
2,0.17678141442604242,0.035688485534986276,0.7875301000389714
0,0.4480784093804884,0.030730429080850077,0.5211911615386616
0,0.8831164405172052,0.018428001626869434,0.09845555785592547
2,0.6842613768311615,0.06691479239112078,0.24882383077771766
0,0.899123959392439,0.020928170629713763,0.07994786997784703
0,0.9437862685647983,0.010923419947553137,0.04529031148764884
0,0.9506438802129619,0.010996873877453399,0.038359245909584644
0,0.9490761069808757,0.011361527316442589,0.03956236570268193
0,0.9495199916091454,0.010637947305800149,0.0398420610850545
0,0.40153078073045356,0.03182728214406862,0.5666419371254776
2,0.024199856696329757,0.03332319076512401,0.942476952538546
0,0.7960188399632564,0.018066517124745097,0.1859146429119986
0,0.8022873361907276,0.028943843382351352,0.16876882042692096
2,0.4226220356061723,0.06481824853607479,0.5125597158577527
2,0.3863209552361362,0.052418227301727224,0.5612608174621366
2,0.47460602961035436,0.07857511887179919,0.44681885151784656
0,0.38235128978186655,0.06428485634930178,0.5533638538688314
0,0.8229697113494903,0.033220058230928,0.1438102304195817
0,0.9477487900847593,0.010489039132762213,0.04176217078247848
0,0.5106756111542916,0.12330390013815044,0.36602048870755816
2,0.6348086445349411,0.03020999611890706,0.3349813593461518
0,0.9392469472119557,0.01056322037812985,0.05018983240991436
2,0.030153189119891354,0.06387226739243265,0.9059745434876756
0,0.8838316903343579,0.018238760566689525,0.09792954909895267
0,0.9222007584013595,0.015151035104572271,0.0626482064940681
0,0.3122029077892836,0.0815461607035423,0.6062509315071742
0,0.7759255821239219,0.014694735604092785,0.20937968227198483
2,0.69632441053002,0.021095515804044774,0.2825800736659351
0,0.7849096034628125,0.05683654932766727,0.15825384720952032
0,0.9219903804861445,0.012739773396919894,0.06526984611693555
0,0.600650506886846,0.06777168491955343,0.3315778081936005
2,0.9556048441043915,0.009868282079174527,0.03452687381643428
0,0.824946058936786,0.0127763242184653,0.1622776168447488
0,0.4352102307207923,0.08585015610904063,0.47893961317016714
1,0.0997030631416055,0.28310585490839385,0.6171910819500008
0,0.8763119178108547,0.020073120487275713,0.1036149617018696
0,0.9433210594538465,0.010701226884859484,0.045977713661294196
0,0.8996736287760894,0.010467586561626956,0.08985878466228372
0,0.8851105785398873,0.016702568802742762,0.0981868526573701
0,0.943457199282711,0.011583011095773537,0.044959789621515575
0,0.9463432893447632,0.010939353632593869,0.042717357022642725
2,0.20041315478587188,0.027478571771367092,0.772108273442761
2,0.4118451215802039,0.11882602052466612,0.46932885789512996
0,0.9342781178325331,0.015425669022558257,0.0502962131449085
2,0.42547107058513783,0.07874968054180573,0.49577924887305647
2,0.3503041345755014,0.11443256629949879,0.5352632991249999
0,0.8711889907908691,0.00993829555917211,0.11887271364995909
0,0.9271436262045347,0.015142317838906886,0.05771405595655862
2,0.3832625278045826,0.042654212769231724,0.5740832594261854
0,0.7296921623836252,0.035203276665859255,0.23510456095051518
2,0.1372013947516833,0.04944031722414825,0.8133582880241684
0,0.5773005331783986,0.09784972552028673,0.3248497413013147
2,0.032423433788599104,0.024234436466630354,0.9433421297447706
2,0.007630739581429935,0.004039582509883837,0.9883296779086863
2,0.01447501044355361,0.025650518009825367,0.9598744715466208
2,0.007735722658272656,0.008851391241255975,0.9834128861004715
0,0.9487627170058297,0.010558196207663873,0.04067908678650642
0,0.8763038984341982,0.009504770341426019,0.11419133122437584
1,0.45820659433069894,0.06519219112922564,0.4766012145400753
2,0.027659013060980182,0.05525741771809375,0.917083569220926
0,0.9338773311036722,0.013383176548225014,0.052739492348103004
2,0.45695639549771594,0.05576850087553856,0.48727510362674564
0,0.24043996470354012,0.03605018694072319,0.7235098483557368
0,0.7783530341200732,0.02068447654824707,0.20096248933167982
0,0.8563412351605635,0.024157777026060014,0.11950098781337655
0,0.9528702085793876,0.010172313898787085,0.036957477521825516
0,0.9370817638633386,0.012638792451855518,0.05027944368480588
0,0.4830841887975696,0.027232542871580584,0.4896832683308498
2,0.106295093382665,0.05704598323987763,0.8366589233774574
0,0.9460963490135182,0.0106348154444299,0.04326883554205184
2,0.8798321278357542,0.010877039779542486,0.10929083238470318
2,0.022217866240376145,0.02461581250077979,0.953166321258844
0,0.9483795890610736,0.010742676687397203,0.04087773425152943
0,0.9422322650000049,0.00932878294438995,0.04843895205560513
0,0.9470466727610874,0.010468428228969564,0.04248489900994325
0,0.9475732217320049,0.011094436932359307,0.04133234133563556
0,0.8854843066440956,0.018354660007490305,0.09616103334841389
0,0.9372841282049866,0.012985793728048613,0.04973007806696482
0,0.9012124260352402,0.02728263508293599,0.07150493888182387
0,0.9513752185978813,0.010670893170516744,0.037953888231601854
2,0.12504486425210004,0.08273751666445966,0.7922176190834403
0,0.8225201960607593,0.007861968375502855,0.16961783556373794
2,0.14065674068417816,0.025810659418048724,0.8335325998977728
0,0.8643762438694246,0.0179313714316265,0.11769238469894913
2,0.2816359941579894,0.05044987702310843,0.667914128818902
0,0.937956415160644,0.01281629370309948,0.04922729113625689
2,0.06385484058828983,0.012576561109038374,0.9235685983026722
2,0.43570671665162963,0.08206841946467042,0.4822248638837002
0,0.9196885715055294,0.009804638436440399,0.07050679005803025
2,0.24702269530126997,0.07051620110457592,0.6824611035941539
0,0.9460963490135182,0.0106348154444299,0.04326883554205184
0,0.9020411704112621,0.014123305858396086,0.08383552373034192
0,0.8772593778952668,0.012360253458267705,0.11038036864646553
2,0.6608200632683002,0.08897887553848204,0.25020106119321767
0,0.9401779050563412,0.011504006716035632,0.04831808822762322
0,0.4009852989392619,0.05954260269422351,0.5394720983665144
2,0.19158395906282938,0.06470634620877833,0.7437096947283925
2,0.04776784497590398,0.07876258444307503,0.8734695705810208
2,0.06106022417475683,0.01892681919919649,0.9200129566260469
2,0.03385638315473616,0.055373117504669736,0.910770499340594
2,0.006130504555505994,0.02229737538548119,0.9715721200590127
0,0.8319147581429653,0.021192566217179673,0.14689267563985506
2,0.015800118024168867,0.03315506884756832,0.9510448131282627
2,0.446759405544476,0.07796233722135101,0.47527825723417294
2,0.0027370125370394906,0.005156164361817339,0.9921068231011432
2,0.07248215152148006,0.02171830629308146,0.9057995421854383
0,0.8359819288546582,0.033555019212515066,0.13046305193282673
2,0.8314076779730353,0.016295116677567115,0.15229720534939797
0,0.8840552921892109,0.03403221101811806,0.08191249679267133
0,0.9475296678334281,0.011554881320034096,0.04091545084653808
0,0.8378973102825444,0.014218415115974496,0.14788427460148057
0,0.6406108953333537,0.04903671857596648,0.3103523860906799
0,0.5554000314568284,0.03571056535941855,0.40888940318375316
0,0.9513752185978813,0.010670893170516744,0.037953888231601854
2,0.0745317025670292,0.09662453115378616,0.8288437662791848
2,0.308899714391764,0.08281377054045375,0.6082865150677824
2,0.6853314238267306,0.010580112246878794,0.3040884639263906
2,0.13857423742323915,0.0713106584392285,0.7901151041375323
2,0.007362634677010332,0.006767025364817797,0.985870339958172
0,0.9469103799909082,0.010414017568200278,0.04267560244089154
2,0.2027777665910414,0.05392018562467734,0.7433020477842809
2,0.009021037240403516,0.021112934620810184,0.9698660281387862
0,0.9480522519901884,0.010993699474952295,0.040954048534859115
0,0.8774421785241937,0.020026926706148192,0.10253089476965808
0,0.8509865797810868,0.021949814118135506,0.12706360610077774
2,0.015014793037359324,0.016948090026300072,0.9680371169363404
2,0.12517732796566836,0.021332094314757615,0.853490577719574
1,0.8635813555643735,0.024666699157859746,0.11175194527776648
0,0.12125707307881874,0.025716060882000808,0.8530268660391803
0,0.8468875598923614,0.009728648925703716,0.14338379118193473
2,0.6241702546453852,0.03502774468844601,0.3408020006661688
0,0.942824343314405,0.011586254431933979,0.04558940225366124
0,0.42327836333637003,0.10155684717002385,0.4751647894936062
0,0.9410062479159945,0.01019411232177816,0.04879963976222745
0,0.5482438415347235,0.10066986110040084,0.3510862973648756
2,0.029152227981564346,0.023963105193852897,0.9468846668245825
2,0.004797587015565002,0.012930865808683436,0.9822715471757514
2,0.031967402622865536,0.024965526527572317,0.943067070849562
2,0.8718202561281474,0.007381941853920629,0.12079780201793228
0,0.6156511486678194,0.04208065051309022,0.34226820081909
0,0.28756496033706064,0.18598623759927388,0.5264488020636657
2,0.5737906851647013,0.0349853333144437,0.39122398152085514
0,0.863161358885542,0.02570023242988679,0.11113840868457113
2,0.7526215697457671,0.017159167283848562,0.23021926297038414
0,0.9504292788272831,0.010727146239816791,0.038843574932899985
0,0.6881849116324795,0.023058589686010586,0.2887564986815094
2,0.5313882998835454,0.052902391484970744,0.4157093086314841
2,0.6212423861473506,0.021565744713899875,0.35719186913874956
0,0.9421051180352117,0.01258952112596212,0.04530536083882638
0,0.6093002485573122,0.024502132611673895,0.3661976188310138
2,0.24617061828631034,0.04001551634625517,0.7138138653674344
1,0.3243197296233922,0.0737166747161711,0.6019635956604363
0,0.7560796716847032,0.02251063896722935,0.22140968934806748
2,0.0069108367659663356,0.006741182669870982,0.9863479805641625
0,0.881782948444484,0.00957652540943499,0.10864052614608077
0,0.1740284595387841,0.057022254620848124,0.7689492858403678
0,0.9446261432663672,0.011205728780909202,0.044168127952723686
2,0.290291679557082,0.14055720584647208,0.5691511145964459
1,0.5002130755617697,0.1373979399722352,0.36238898446599466
0,0.9488694648817343,0.010515144045629105,0.040615391072636675
2,0.24450431952029647,0.04382533268269002,0.7116703477970134
0,0.8921560725094217,0.008243119051183311,0.0996008084393949
0,0.9028184838286092,0.023000644731059543,0.07418087144033139
0,0.6629472366324418,0.019110226174598267,0.3179425371929598
1,0.6273319714286407,0.13895994476055448,0.2337080838108048
2,0.008051056211464763,0.013493642806774515,0.9784553009817607
2,0.2487812920018347,0.09045819766070447,0.6607605103374607
2,0.2908805397504204,0.07300548370931069,0.6361139765402687
2,0.1087805878855959,0.0349507923676347,0.8562686197467694
2,0.06788378272784139,0.05600808566648025,0.8761081316056784
0,0.944179689669088,0.010136889992177312,0.045683420338734786
2,0.558849498029411,0.021047591780628205,0.4201029101899606
0,0.5342873278689906,0.04260187303766066,0.42311079909334887
1,0.4693911196001505,0.12581402902204875,0.40479485137780064
2,0.0551482828840534,0.03283600924876809,0.9120157078671783
0,0.8770942097075805,0.027417941098097257,0.09548784919432249
2,0.1384130575307046,0.1337324236221295,0.727854518847166
0,0.9165423085353264,0.018213715633863797,0.06524397583080989
0,0.6276318249008789,0.0816181343695197,0.29075004072960164
0,0.9370817638633386,0.012638792451855518,0.05027944368480588
2,0.056994519600468814,0.09575681133054152,0.8472486690689895
0,0.9513752185978813,0.010670893170516744,0.037953888231601854
2,0.3624246034231077,0.05512903662065599,0.5824463599562362
0,0.9407096598427207,0.009757711428462502,0.04953262872881671
0,0.8754714053676756,0.025010606588594112,0.0995179880437303
2,0.12405714698972883,0.10008799846384815,0.7758548545464229
2,0.11573448396712031,0.04602051702600425,0.8382449990068753
0,0.8013042937316398,0.055170356814491874,0.14352534945386838
0,0.9326092783601989,0.016850661844915085,0.0505400597948862
0,0.9481645483149245,0.010380569988093365,0.04145488169698232
0,0.8780810213539539,0.00907584475624148,0.11284313388980453
2,0.9165423085353264,0.018213715633863797,0.06524397583080989
0,0.94493525839661,0.014494664938604945,0.04057007666478531
0,0.5144310810527096,0.11714793130554793,0.36842098764174247
0,0.512329050354989,0.13527663795044848,0.3523943116945624
0,0.7637626411204014,0.021898009001591025,0.2143393498780076
1,0.5292430938665278,0.08733503994392457,0.38342186618954754
0,0.9502180188281257,0.01120456309355064,0.038577418078323975
0,0.3758212736321709,0.08423835445102142,0.5399403719168079
0,0.18441651480377752,0.035504693994400656,0.780078791201822
0,0.8969204772922897,0.011783227174931606,0.09129629553277868
0,0.1941120012528966,0.06139656518240687,0.7444914335646967
0,0.9149597810768587,0.01905922107639884,0.06598099784674237
2,0.44968644362656446,0.04672122517875764,0.503592331194678
2,0.15967157030457818,0.052079941636195046,0.7882484880592266
2,0.9023705874923846,0.01550245287800321,0.08212695962961211
2,0.09558246972159033,0.05912743750560794,0.8452900927728016
2,0.8851071613819995,0.026792326897032398,0.08810051172096835
0,0.9491323855131473,0.010255311964946614,0.04061230252190604
2,0.5619534552417921,0.05304198604245071,0.38500455871575706
0,0.6306234182802043,0.08513423315185527,0.28424234856794045
0,0.9444116787616789,0.01084032276166028,0.04474799847666098
0,0.942549740216535,0.011253649152952993,0.04619661063051213
0,0.9411783043297264,0.012849291170567632,0.04597240449970605
2,0.024655170483328447,0.028500954431839455,0.9468438750848321
2,0.824373814718313,0.03736244562148525,0.13826373966020175
0,0.9556048441043915,0.009868282079174527,0.03452687381643428
1,0.6948374686729644,0.07836278907530765,0.22679974225172822
0,0.942505122930229,0.010398506580778785,0.04709637048899205
0,0.6740215825180477,0.03497495713618777,0.2910034603457644
0,0.946079964630378,0.010857429012501368,0.043062606357120586
2,0.16260135204461854,0.019430016432577094,0.8179686315228042
0,0.9338773311036722,0.013383176548225014,0.052739492348103004
2,0.28653382514340764,0.037892649069315505,0.6755735257872767
2,0.7587438710082984,0.010551227648150432,0.2307049013435511
2,0.06512404216758798,0.0655014167919436,0.8693745410404682
0,0.19544983063322255,0.04741471161437373,0.7571354577524033
2,0.011459598478332167,0.01762724439456214,0.9709131571271057
2,0.5959977571194504,0.11617337278224511,0.2878288700983044
0,0.9059493889852221,0.017509318721257952,0.07654129229351977
0,0.41821022137596164,0.06937969215890145,0.5124100864651369
0,0.9028968753052236,0.018048543502462433,0.0790545811923142
0,0.19582869659586824,0.02031416170566809,0.7838571416984639
0,0.9344114801474525,0.011937426973015232,0.0536510928795323
0,0.37740497124989236,0.02833750064026762,0.5942575281098399
1,0.15321853470480054,0.07853243986578323,0.7682490254294163
0,0.639178394288844,0.013669011791003955,0.34715259392015196
0,0.8401949814059076,0.02157415824874373,0.13823086034534882
2,0.1759571290950186,0.05814666802985398,0.7658962028751275
0,0.3541210646871335,0.07045121899965022,0.5754277163132161
0,0.873074844660046,0.004748570391313115,0.12217658494864068
0,0.9513752185978813,0.010670893170516744,0.037953888231601854
2,0.947865642672176,0.01036404628695925,0.04177031104086495
0,0.9513752185978813,0.010670893170516744,0.037953888231601854
2,0.20313878636624771,0.06516472083178572,0.7316964928019666
2,0.705421582177506,0.08059135265666095,0.21398706516583313
2,0.06634604450682363,0.2251230759628413,0.708530879530335
2,0.0181617154865611,0.08387461314163619,0.8979636713718026
0,0.7922112361231437,0.014224715818417734,0.19356404805843835
0,0.7592821575853291,0.01731266243632168,0.22340517997834944
2,0.0011016255520024366,0.0018844221105527637,0.9970139523374448
2,0.3817179444881319,0.07852279487023593,0.5397592606416323
0,0.8671113155238944,0.020614074558389425,0.11227460991771607
0,0.9494973503972955,0.011091590654388741,0.03941105894831568
0,0.6370918887784287,0.041438275908929956,0.32146983531264134
0,0.43523608796418134,0.07530908325936028,0.4894548287764586
0,0.2566776271000386,0.15868093410246303,0.5846414387974984
0,0.8135684534146936,0.029591919581601536,0.15683962700370482
0,0.9476235978961064,0.010538907720754742,0.04183749438313892
0,0.775957491047026,0.01431031776399432,0.2097321911889796
1,0.537222688565022,0.135391892534622,0.32738541890035633
0,0.23197011515708657,0.11435417101899896,0.6536757138239141
0,0.9057231520178453,0.018515815276479723,0.07576103270567516
0,0.7867958472379165,0.05771605093569311,0.1554881018263904
2,0.004098872711887847,0.00729748329552635,0.9886036439925855
2,0.7138014597716568,0.04919184139004926,0.23700669883829398
0,0.40373831587383197,0.07849840897073086,0.5177632751554372
0,0.9449309770247322,0.010495653226390973,0.044573369748877024
2,0.08071700218101775,0.05364885288204882,0.8656341449369335
0,0.9446335932589908,0.011507584971061375,0.04385882176994772
2,0.0031353371572325267,0.003360458929878199,0.9935042039128892
0,0.9471609267173848,0.01081263961868611,0.042026433663928685
2,0.893577107793772,0.01627383145766868,0.09014906074855947
0,0.6069545048889328,0.0936183978633494,0.2994270972477176
0,0.46251092017752665,0.04866860579334473,0.4888204740291287
2,0.006573216037207039,0.004970305561230601,0.9884564784015625
0,0.9470466727610874,0.010468428228969564,0.04248489900994325
0,0.9316664563099344,0.009179192224697671,0.05915435146536776
0,0.86293786244653,0.027913697076959853,0.10914844047651005
2,0.016057576980662715,0.019424760278808146,0.9645176627405292
