target,prediction_0,prediction_1,prediction_2
2,0.039798166198437485,0.03534585014931331,0.9248559836522492
0,0.8324404124072257,0.017496252353293603,0.15006333523948087
0,0.9171493056084665,0.013748718320675564,0.06910197607085776
2,0.11513321230124317,0.07426019645402006,0.810606591244737
0,0.7927415687778074,0.020200462795114813,0.18705796842707792
0,0.7570593306537736,0.022129973436932033,0.22081069590929436
0,0.8686982192104015,0.020861793691730714,0.11043998709786773
2,0.023468317715305664,0.020960508701472553,0.9555711735832219
0,0.9325800740138632,0.011389295390824313,0.05603063059531249
1,0.4302368706359379,0.09062936145603682,0.4791337679080252
2,0.04323287176901169,0.028077858937703752,0.9286892692932845
0,0.8334080458059364,0.017789740696915978,0.1488022134971478
0,0.8420330824801879,0.018050294995011137,0.13991662252480075
0,0.8540150784058972,0.012437026896889265,0.1335478946972135
0,0.8984762333310751,0.014815089606092213,0.08670867706283264
2,0.17714638451231385,0.07761027349633026,0.7452433419913558
0,0.8767747495474038,0.01689668805359097,0.10632856239900519
2,0.5325475428106682,0.07783436891813375,0.389618088271198
0,0.8910617642940105,0.017620287157013765,0.09131794854897568
2,0.3439864006903233,0.06166204448935353,0.5943515548203231
0,0.8420330824801879,0.018050294995011137,0.13991662252480075
1,0.5190960730872228,0.08505453978841404,0.39584938712436313
2,0.21406539703179908,0.029968110913412924,0.7559664920547878
0,0.9114548244109376,0.013371900490604162,0.07517327509845828
0,0.42627973906916744,0.09114042126575449,0.482579839665078
0,0.8850891922735883,0.02800870589687655,0.08690210182953513
0,0.9325800740138632,0.011389295390824313,0.05603063059531249
0,0.9201031503932963,0.013910885803169211,0.06598596380353466
0,0.5425236687098359,0.07627076952796498,0.38120556176219905
0,0.9208382447033794,0.012618253362724105,0.06654350193389644
2,0.1145252250990244,0.07304803851527543,0.8124267363857
2,0.23690254908823113,0.036780711597526494,0.7263167393142426
0,0.362997815446235,0.07780828099918076,0.5591939035545841
2,0.41016701516784076,0.070404293611958,0.5194286912202013
0,0.6471990035424066,0.07274917401872964,0.2800518224388638
2,0.07008687549012546,0.036465764562746604,0.8934473599471282
2,0.5868339834430276,0.038644525908604586,0.3745214906483678
0,0.8891253308296327,0.02003244940067006,0.09084221976969718
0,0.7100944705325083,0.025674696374900226,0.26423083309259143
0,0.6829292667724896,0.023862571408073036,0.2932081618194374
0,0.9198673066085734,0.014466491896166674,0.06566620149526015
2,0.12956297647457637,0.11654884869713585,0.7538881748282878
0,0.8471418583551336,0.02046884863958456,0.13238929300528246
0,0.9171493056084665,0.013748718320675564,0.06910197607085776
0,0.9195066935951179,0.013872343283009025,0.06662096312187314
0,0.7684153834262345,0.02873386463589947,0.20285075193786603
0,0.846528496080339,0.014000209893844593,0.1394712940258164
2,0.8108139348686623,0.022388217592721023,0.16679784753861657
0,0.7797050941584673,0.01605347699812459,0.2042414288434081
2,0.45848790858574706,0.08649757857287957,0.4550145128413736
0,0.8952950553734583,0.0199398776658655,0.08476506696067622
0,0.9325800740138632,0.011389295390824313,0.05603063059531249
2,0.065731920669582,0.045375590429434065,0.888892488900984
2,0.30982056267533375,0.07812493069110155,0.6120545066335648
2,0.3676494877439841,0.03610202981710233,0.5962484824389135
0,0.8959190033175309,0.015551190692939884,0.08852980598952917
0,0.6400853833177431,0.07210814012677223,0.2878064765554847
0,0.6188354914850932,0.07744085525551823,0.3037236532593887
0,0.8910617642940105,0.017620287157013765,0.09131794854897568
0,0.897022010137591,0.018359232372821936,0.08461875748958729
1,0.6460345478025358,0.07754837761679736,0.27641707458066694
2,0.8168615345586037,0.021772011389984906,0.16136645405141156
0,0.8420330824801879,0.018050294995011137,0.13991662252480075
2,0.3689546918208415,0.039161414793138845,0.5918838933860195
2,0.12487319242729876,0.045071291393261395,0.8300555161794398
2,0.026173234658885786,0.022000270418404185,0.95182649492271
1,0.828357400757861,0.021085141768774997,0.15055745747336385
2,0.5535919536873151,0.027453991868861036,0.41895405444382383
2,0.030649331440066263,0.030788959886403972,0.9385617086735297
0,0.8142141847996437,0.022206029908862446,0.163579785291494
0,0.9171493056084665,0.013748718320675564,0.06910197607085776
0,0.8984762333310751,0.014815089606092213,0.08670867706283264
0,0.9159813205552925,0.013957865785664466,0.07006081365904308
0,0.9190951663480798,0.012734727686535685,0.06817010596538456
2,0.021432405809187125,0.01510284547675883,0.963464748714054
2,0.05745976999102247,0.04831363747089169,0.8942265925380859
0,0.9114548244109376,0.013371900490604162,0.07517327509845828
0,0.4812228745253042,0.05513702516579755,0.4636401003088982
0,0.8902908516747148,0.014599775466457993,0.09510937285882715
0,0.8236068907898335,0.013982376694987987,0.16241073251517854
0,0.6536916768937321,0.03735402445245765,0.3089542986538102
2,0.7376172844818072,0.0342104503541028,0.2281722651640902
1,0.7645768496467632,0.01626845796365259,0.2191546923895842
0,0.7854787092394159,0.03191219834980981,0.1826090924107744
0,0.8238514009052821,0.020319600066597592,0.1558289990281199
2,0.6812271914230693,0.045614162181972055,0.2731586463949588
0,0.9186943070213454,0.013573256471965757,0.06773243650668877
2,0.0564985644833174,0.04523687656111354,0.8982645589555689
0,0.9325800740138632,0.011389295390824313,0.05603063059531249
0,0.7479758353696757,0.023314633514022392,0.22870953111630202
0,0.8301221818906223,0.01428009733189204,0.15559772077748563
0,0.6016760591678768,0.06595932664790909,0.33236461418421415
0,0.7339244876120407,0.04107351119581647,0.2250020011921429
0,0.9216947903032713,0.013707538909324971,0.06459767078740394
0,0.9229992957509482,0.013348830060506038,0.06365187418854615
0,0.8787205348339322,0.014091271463586071,0.10718819370248192
0,0.9201031503932963,0.013910885803169211,0.06598596380353466
2,0.023468317715305664,0.020960508701472553,0.9555711735832219
0,0.9325800740138632,0.011389295390824313,0.05603063059531249
0,0.5382667680923259,0.03140152265394034,0.4303317092537337
2,0.032122450816060626,0.03205627983430842,0.935821269349631
2,0.017897500692161405,0.015186604490122798,0.9669158948177158
2,0.03272415526021102,0.029744804367018155,0.9375310403727705
2,0.05745976999102247,0.04831363747089169,0.8942265925380859
0,0.9161183072023159,0.013712997295005417,0.07016869550267875
0,0.9229992957509482,0.013348830060506038,0.06365187418854615
0,0.9194807080723455,0.014755418127246955,0.06576387380040766
2,0.5410957980490694,0.07311318261318818,0.3857910193377424
0,0.7546380609276184,0.0276472733605443,0.21771466571183717
2,0.13663684235402956,0.0841892804521999,0.7791738771937705
0,0.8894169074136098,0.01607835699671202,0.09450473558967838
2,0.15465159099483672,0.0778370030178012,0.7675114059873619
0,0.8315967752276244,0.022308613234225966,0.14609461153814976
2,0.04659482799444739,0.042956735890769385,0.910448436114783
0,0.913133790507103,0.015014995679981293,0.07185121381291563
0,0.813322716530924,0.018596730126585914,0.16808055334249
0,0.9209695818489307,0.013098911069334161,0.06593150708173487
0,0.9325800740138632,0.011389295390824313,0.05603063059531249
0,0.9212260866407007,0.013693340629627047,0.06508057272967245
2,0.7346907597277765,0.021778051266574172,0.24353118900564927
0,0.7886935649347953,0.014391077531930203,0.1969153575332744
0,0.9190951663480798,0.012734727686535685,0.06817010596538456
0,0.8357914154105472,0.019547686687322915,0.1446608979021298
0,0.9212260866407007,0.013693340629627047,0.06508057272967245
0,0.8154639135812691,0.02149371940793006,0.16304236701080088
0,0.6294184234870247,0.039187643020594964,0.33139393349238033
0,0.8273460322640127,0.019917199099357845,0.1527367686366288
0,0.8334080458059364,0.017789740696915978,0.1488022134971478
2,0.17229226712319293,0.08643430330644314,0.7412734295703641
0,0.9145765369229593,0.01407696066750782,0.0713465024095327
2,0.23957630093351412,0.05777228648376075,0.702651412582725
0,0.6909407283285909,0.026846658699573245,0.2822126129718359
2,0.03506632840811027,0.022658428717686377,0.9422752428742035
0,0.9159813205552925,0.013957865785664466,0.07006081365904308
2,0.5726044348706933,0.07177327458880363,0.35562229054050293
2,0.7020176521210494,0.02656332871284676,0.27141901916610406
0,0.5941550007041608,0.0735458793654023,0.3322991199304368
0,0.9171493056084665,0.013748718320675564,0.06910197607085776
0,0.8859516259245886,0.018483229378966612,0.09556514469644478
2,0.6254609642021947,0.014391077531930203,0.36014795826587515
0,0.5418452411431252,0.087692465796764,0.37046229306011086
0,0.3084356275603298,0.06627511297809205,0.6252892594615782
0,0.7947078886625203,0.025395410225743285,0.1798967011117362
0,0.28227816086129426,0.060283929245747846,0.6574379098929581
0,0.7930055199685657,0.03456720412011064,0.17242727591132362
0,0.8312344701642824,0.013237838626861849,0.15552769120885546
2,0.10716715140118999,0.07374181898883075,0.819091029609979
0,0.9209695818489307,0.013098911069334161,0.06593150708173487
0,0.8616479253668236,0.01915069327010347,0.11920138136307287
2,0.21237838134432355,0.08998791257907877,0.6976337060765977
0,0.9150460500131667,0.013604428586890125,0.07134952139994309
2,0.42578206457580337,0.07355545552050637,0.5006624799036903
0,0.9229992957509482,0.013348830060506038,0.06365187418854615
0,0.8497465804253708,0.012497984111197765,0.1377554354634308
0,0.6268376423894045,0.023029356947728705,0.35013300066286696
0,0.8181982557828981,0.020184336722993475,0.16161740749410847
2,0.0376188017789576,0.028169931068573024,0.9342112671524695
2,0.08083143773754625,0.030072247712222867,0.889096314550231
2,0.7883605413915521,0.01676649178522586,0.19487296682322203
0,0.9208382447033794,0.012618253362724105,0.06654350193389644
0,0.11748753090078351,0.06375041658699891,0.8187620525122177
0,0.9178570629420825,0.01278837425603626,0.0693545628018814
2,0.8142141847996437,0.022206029908862446,0.163579785291494
2,0.8080572133460802,0.022831098793231964,0.16911168786068773
0,0.7786925861621337,0.018956172537912985,0.20235124129995338
2,0.3837999911785306,0.07891458835025622,0.5372854204712125
0,0.9208382447033794,0.012618253362724105,0.06654350193389644
2,0.06845242928249504,0.02948677697224149,0.9020607937452633
2,0.8142141847996437,0.022206029908862446,0.163579785291494
0,0.9161395289861093,0.014169213101386325,0.06969125791250451
0,0.5206841001180226,0.08504494932974296,0.39427095055223443
1,0.21096929369893114,0.04012566483242663,0.7489050414686421
2,0.269568413670524,0.06899543367134645,0.6614361526581296
0,0.711655522963966,0.045549963986697375,0.24279451304933694
2,0.18903142043979176,0.14217330842741488,0.6687952711327934
2,0.06730518769272975,0.03621423240028951,0.8964805799069807
0,0.9201031503932963,0.013910885803169211,0.06598596380353466
0,0.13889716826854012,0.06310761678478684,0.7979952149466731
2,0.276447014381249,0.06267932262698696,0.6608736629917636
0,0.9325800740138632,0.011389295390824313,0.05603063059531249
0,0.40451124439472286,0.06657311302293954,0.5289156425823375
0,0.5489179881456407,0.08134924152392839,0.3697327703304309
2,0.029794331307256436,0.02300489054919875,0.947200778143545
0,0.9171493056084665,0.013748718320675564,0.06910197607085776
2,0.4386191746486158,0.09681358906742567,0.46456723628395846
2,0.5592547532580795,0.03718056280948496,0.40356468393243566
1,0.41209839298397066,0.06781439902474479,0.5200872079912846
0,0.357365677108683,0.06860705293465456,0.5740272699566624
2,0.6424759973204403,0.028758761315719916,0.32876524136383983
2,0.2094863437676435,0.09960727648701818,0.690906379745338
0,0.7397998540755266,0.025554538337766705,0.23464560758670672
0,0.9209695818489307,0.013098911069334161,0.06593150708173487
0,0.6960493482001868,0.035890697093474005,0.26805995470633914
2,0.3645256765285408,0.07467241780058406,0.5608019056708752
2,0.43278008691632824,0.08109858020629705,0.4861213328773747
0,0.9159552081904492,0.013607150070085863,0.07043764173946496
0,0.6826333934294672,0.0348201286050933,0.2825464779654396
0,0.9208382447033794,0.012618253362724105,0.06654350193389644
2,0.7965405815011752,0.019010641396301587,0.18444877710252292
0,0.9190951663480798,0.012734727686535685,0.06817010596538456
0,0.8688101820538772,0.02164017135879254,0.10954964658733032
0,0.9209695818489307,0.013098911069334161,0.06593150708173487
2,0.6532026548282841,0.045927214408216226,0.30087013076349967
0,0.9186943070213454,0.013573256471965757,0.06773243650668877
0,0.7742528196769436,0.019794454876584912,0.20595272544647125
0,0.2999257619871274,0.051229031044115775,0.6488452069687566
0,0.830211874654648,0.008160085765740751,0.16162803957961122
2,0.42961039418900704,0.08597115930146684,0.48441844650952615
0,0.9212260866407007,0.013693340629627047,0.06508057272967245
2,0.4607125153834189,0.028937904402562865,0.5103495802140182
0,0.9325800740138632,0.011389295390824313,0.05603063059531249
2,0.8291333368552884,0.02941316194342228,0.1414535012012891
2,0.1292180706234974,0.08017017568428357,0.7906117536922191
2,0.0990085945820881,0.04390053541224919,0.8570908700056629
0,0.6780611903248857,0.043513635320560066,0.2784251743545544
0,0.7919364393854259,0.0396089563117442,0.16845460430282977
0,0.9178570629420825,0.01278837425603626,0.0693545628018814
0,0.7959960543891922,0.02746281534120993,0.17654113026959778
2,0.880922333838684,0.011410988131777863,0.10766667802953821
0,0.9046963222065914,0.01513769050137886,0.08016598729202977
0,0.4257645711203341,0.07115593346704194,0.503079495412624
0,0.9159813205552925,0.013957865785664466,0.07006081365904308
2,0.9160853369842398,0.014275825499950382,0.06963883751581021
2,0.28227816086129426,0.060283929245747846,0.6574379098929581
2,0.04546351358255551,0.041527132469993185,0.9130093539474511
0,0.9225668975188255,0.014223876703802738,0.06320922577737202
0,0.9198673066085734,0.014466491896166674,0.06566620149526015
2,0.40778197867496563,0.0748108484345563,0.5174071728904781
2,0.06673896741826926,0.0402498280562733,0.8930112045254576
2,0.18445721867028547,0.0762293859625865,0.7393133953671279
0,0.8281039973035254,0.021794375686689658,0.15010162700978513
2,0.34266683385950647,0.039888681406166304,0.6174444847343271
0,0.8658192867943985,0.023057264486452227,0.11112344871914932
0,0.9086529348326959,0.014337445483883807,0.07700961968342031
0,0.39103881907408744,0.045932478174946126,0.5630287027509663
0,0.7704702999900388,0.02119612607608397,0.2083335739338776
2,0.7049895030887231,0.015096298569510664,0.27991419834176623
2,0.830211874654648,0.008160085765740751,0.16162803957961122
0,0.9225668975188255,0.014223876703802738,0.06320922577737202
2,0.4199615375942956,0.024069705723062492,0.555968756682642
2,0.054521454834842234,0.028662178627066486,0.9168163665380911
0,0.9111454378325444,0.01539201394206986,0.07346254822538556
0,0.9229992957509482,0.013348830060506038,0.06365187418854615
0,0.9201031503932963,0.013910885803169211,0.06598596380353466
0,0.7953109715512634,0.01936906882101397,0.18531995962772269
2,0.02642319660147818,0.028944687107857303,0.9446321162906641
0,0.5228265278405265,0.07486421785996097,0.4023092542995126
0,0.8142141847996437,0.022206029908862446,0.163579785291494
2,0.3239607052088119,0.03052138469787565,0.6455179100933124
0,0.8526774319576661,0.021342924333129235,0.12597964370920464
0,0.15176613833829927,0.07504837957048295,0.7731854820912182
2,0.2664485183274284,0.027080144086924416,0.7064713375856471
2,0.04061215039132083,0.03368414985197168,0.9257036997567072
1,0.5960971222708445,0.021534253221257068,0.3823686245078986
0,0.9201031503932963,0.013910885803169211,0.06598596380353466
0,0.8960975961621457,0.013482432685891985,0.09041997115196224
2,0.2742808389869861,0.08316431757280264,0.6425548434402113
0,0.830211874654648,0.008160085765740751,0.16162803957961122
0,0.9159552081904492,0.013607150070085863,0.07043764173946496
1,0.1798110144253868,0.10546574941876202,0.7147232361558514
0,0.7904165541518451,0.025433245668634596,0.18415020017952033
2,0.2841381454417744,0.06268444052046718,0.6531774140377583
0,0.2183145670511867,0.08986472553460018,0.691820707414213
0,0.9186943070213454,0.013573256471965757,0.06773243650668877
2,0.15484399363652224,0.10243752054929654,0.7427184858141811
0,0.7328135056462032,0.028007936534978215,0.23917855781881844
0,0.5096480313102978,0.07520520675229225,0.41514676193740985
0,0.6890423165348029,0.028957950410041032,0.28199973305515624
2,0.5142204496398446,0.08378471275748052,0.4019948376026752
2,0.43340930992735577,0.02845969598860294,0.5381309940840413
0,0.7743366590660712,0.042057579590682515,0.1836057613432463
2,0.2022951058794841,0.049657301351953786,0.748047592768562
0,0.9178570629420825,0.01278837425603626,0.0693545628018814
2,0.24169261690349084,0.0972794868421853,0.6610278962543238
0,0.8233798461560249,0.013744673610819266,0.16287548023315607
0,0.561733185217554,0.06723297596799885,0.371033838814447
2,0.8301282123873032,0.023436768499284808,0.14643501911341245
0,0.5808438286296508,0.07410036399822771,0.3450558073721213
2,0.5644609030978598,0.03938361610674784,0.39615548079539203
0,0.9209695818489307,0.013098911069334161,0.06593150708173487
2,0.9212260866407007,0.013693340629627047,0.06508057272967245
0,0.8996088859331537,0.01459647953484786,0.08579463453199847
0,0.9086695014868218,0.011866545347481687,0.07946395316569653
0,0.49562892277865284,0.09198441656937342,0.41238666065197377
0,0.9186943070213454,0.013573256471965757,0.06773243650668877
2,0.13544564716603183,0.08438444440551154,0.7801699084284571
0,0.7775068428412497,0.02153300461372839,0.20096015254502209
0,0.78208659726644,0.015186638747732491,0.2027267639858273
2,0.08016505687388739,0.030159308748023736,0.8896756343780887
0,0.9325800740138632,0.011389295390824313,0.05603063059531249
0,0.8820503464407684,0.017774124603319858,0.10017552895591161
0,0.8212504531943352,0.032614167908727405,0.14613537889693762
2,0.0971483301910737,0.08449743094559484,0.8183542388633314
2,0.02634388807289973,0.020287498213655844,0.9533686137134446
2,0.29496644321483834,0.06518986567824987,0.639843691106912
2,0.16129310815288594,0.04547868214931841,0.7932282096977956
2,0.6185082382233438,0.026884402591956055,0.35460735918470043
2,0.5597065015090523,0.06775996102206729,0.37253353746888007
0,0.8346216378665423,0.018457602986030906,0.14692075914742692
0,0.9209695818489307,0.013098911069334161,0.06593150708173487
0,0.9209695818489307,0.013098911069334161,0.06593150708173487
1,0.42979003630020884,0.06813054690473735,0.5020794167950539
1,0.7646029048064641,0.021203846698006158,0.21419324849552976
0,0.8457644670502655,0.018372935512571742,0.13586259743716267
2,0.034666606082196655,0.02896452241785296,0.9363688714999502
2,0.8372899952984704,0.011836775482964959,0.1508732292185644
0,0.4752261877294306,0.09550271693611123,0.42927109533445823
0,0.9167811171620934,0.014998033319610887,0.0682208495182958
0,0.8890354964780982,0.017938653991557335,0.09302584953034453
2,0.023468317715305664,0.020960508701472553,0.9555711735832219
0,0.3890520422100656,0.074639357755448,0.5363086000344862
0,0.8828864155210306,0.017264732237577962,0.09984885224139149
0,0.8970457725872397,0.01707276961371041,0.08588145779905003
2,0.7987160183682948,0.022525358529076327,0.17875862310262913
0,0.9023127312426618,0.018044656375771986,0.07964261238156631
0,0.9186943070213454,0.013573256471965757,0.06773243650668877
0,0.5737412664987923,0.07955967059631616,0.34669906290489144
0,0.9110905027112582,0.014399300825854,0.0745101964628879
0,0.8157497938363839,0.021080971440323018,0.16316923472329298
2,0.5175131388782135,0.10164384847119212,0.3808430126505944
0,0.9209695818489307,0.013098911069334161,0.06593150708173487
0,0.8727871968437624,0.025902095949497793,0.10131070720673986
0,0.896432464538175,0.015186301710892854,0.08838123375093225
2,0.7566990750621798,0.029481636925227234,0.2138192880125929
0,0.385528039347711,0.06760423841765734,0.5468677222346316
0,0.7162253293846658,0.03279726442315856,0.25097740619217584
2,0.03554152835189758,0.03709742855887004,0.927361043089232
0,0.8189297200154038,0.019935402895163153,0.16113487708943258
2,0.12107888825912631,0.07104498604026283,0.807876125700611
2,0.5324542907189815,0.07230653329739901,0.3952391759836195
0,0.906714017515817,0.014366225523453888,0.07891975696072913
0,0.7977569692946926,0.036685654783976666,0.16555737592133069
0,0.7689914845355701,0.019996482830821945,0.21101203263360815
2,0.3190747740984148,0.06992755534286556,0.6109976705587198
0,0.865153872144743,0.026125358083368078,0.10872076977188917
2,0.8121067787216707,0.024434602476781402,0.16345861880154774
2,0.5531674246844123,0.04051758491019267,0.4063149904053951
0,0.9209695818489307,0.013098911069334161,0.06593150708173487
0,0.8551054085124794,0.03751590892614001,0.10737868256138056
2,0.04689796569675929,0.04325216324863044,0.9098498710546101
0,0.6558042267418034,0.046622872241189404,0.2975729010170073
0,0.741587195210997,0.018276627961425977,0.2401361768275772
0,0.558177504452813,0.06345389549053788,0.37836860005664913
0,0.9201031503932963,0.013910885803169211,0.06598596380353466
0,0.5853359241403375,0.01896182664081024,0.3957022492188522
2,0.07845807678975929,0.03700979800598069,0.88453212520426
0,0.9201031503932963,0.013910885803169211,0.06598596380353466
0,0.603983339698741,0.06952811644565723,0.3264885438556019
1,0.4643153637675389,0.09841558015856841,0.43726905607389255
0,0.7563110183715936,0.015252718183795231,0.22843626344461107
2,0.38220632273941124,0.062110295032814344,0.5556833822277745
2,0.20138511639912332,0.0728673090425242,0.7257475745583527
0,0.9186943070213454,0.013573256471965757,0.06773243650668877
0,0.9194807080723455,0.014755418127246955,0.06576387380040766
2,0.043176568888704074,0.028284121867251995,0.9285393092440439
0,0.9208382447033794,0.012618253362724105,0.06654350193389644
2,0.039267825193996596,0.03387111015265063,0.9268610646533525
0,0.9171493056084665,0.013748718320675564,0.06910197607085776
0,0.7650034880686637,0.03955830401446955,0.1954382079168667
0,0.7684153834262345,0.02873386463589947,0.20285075193786603
0,0.9159813205552925,0.013957865785664466,0.07006081365904308
2,0.38316754489161886,0.0901116304755804,0.5267208246328007
0,0.9176586420884112,0.012863720839396032,0.0694776370721926
0,0.8142141847996437,0.022206029908862446,0.163579785291494
0,0.8134277421356305,0.022248577504052767,0.1643236803603167
0,0.9111454378325444,0.01539201394206986,0.07346254822538556
2,0.6600273685428847,0.027975066058971033,0.3119975653981443
0,0.8066981849780596,0.035031433386570734,0.15827038163536966
0,0.38901788968402,0.09092022039332617,0.5200618899226538
0,0.7149020367803257,0.034870704566928895,0.2502272586527454
0,0.9145765369229593,0.01407696066750782,0.0713465024095327
2,0.19705406185597588,0.06948352534392209,0.7334624128001022
2,0.35532860183678555,0.06177509285015576,0.5828963053130586
0,0.5426694932431114,0.03578655354875376,0.42154395320813515
0,0.8142141847996437,0.022206029908862446,0.163579785291494
2,0.709715918134633,0.03332172179954342,0.25696236006582346
0,0.8341053488344942,0.027071697111181382,0.13882295405432468
0,0.9186943070213454,0.013573256471965757,0.06773243650668877
0,0.9195385152582366,0.013830896038381682,0.0666305887033819
0,0.9186943070213454,0.013573256471965757,0.06773243650668877
0,0.9180341014298373,0.014082970447303549,0.06788292812285925
0,0.4607144522301066,0.03164706424231029,0.507638483527583
2,0.04473741707349193,0.03849940285743549,0.9167631800690729
0,0.7791065611433701,0.018540708955518938,0.20235272990111072
0,0.7741455407111859,0.02845735689224151,0.19739710239657268
2,0.4857942535853597,0.04443984928824332,0.46976589712639705
2,0.2968163487240683,0.059312971690966367,0.6438706795849654
2,0.5223959030227285,0.07129034447822466,0.40631375249904683
0,0.4645222332385115,0.08432006275154769,0.45115770400994065
0,0.8142141847996437,0.022206029908862446,0.163579785291494
0,0.9114548244109376,0.013371900490604162,0.07517327509845828
0,0.41605306314281637,0.08076688657501717,0.5031800502821667
2,0.7972306180547091,0.021090990342846984,0.1816783916024439
0,0.9225668975188255,0.014223876703802738,0.06320922577737202
2,0.06440427678388326,0.05698651389814343,0.8786092093179731
0,0.8142141847996437,0.022206029908862446,0.163579785291494
0,0.8984762333310751,0.014815089606092213,0.08670867706283264
0,0.43407834115576727,0.08109746821224918,0.48482419063198356
0,0.7660548360296746,0.015484332122531023,0.21846083184779433
2,0.7009285417762519,0.03517679895134836,0.2638946592724002
0,0.6427687792939719,0.07149527498209417,0.28573594572393407
0,0.9153299144943883,0.014223070440707433,0.0704470150649047
0,0.4181163486719042,0.07382856341189674,0.508055087916199
2,0.9229992957509482,0.013348830060506038,0.06365187418854615
0,0.7615295246825705,0.018583305299167373,0.21988717001826202
0,0.4849022112862259,0.09361974826630838,0.4214780404474658
1,0.11052333270357075,0.2277116527069295,0.6617650145894998
0,0.8368909430778969,0.021741244852734026,0.14136781206936921
0,0.9122584877644323,0.014190153360865099,0.0735513588747026
0,0.829346302037342,0.013809173351536612,0.15684452461112158
0,0.8471418583551336,0.02046884863958456,0.13238929300528246
0,0.9190951663480798,0.012734727686535685,0.06817010596538456
0,0.9198673066085734,0.014466491896166674,0.06566620149526015
2,0.2981440775972076,0.057719873015416395,0.6441360493873752
2,0.4022567781342895,0.08552631225280526,0.5122169096129052
0,0.8984762333310751,0.014815089606092213,0.08670867706283264
2,0.2968163487240683,0.059312971690966367,0.6438706795849654
2,0.44874209764240236,0.08534124404302815,0.4659166583145696
0,0.834529544274102,0.013867052219859153,0.15160340350603885
0,0.9165255832286191,0.014366660787492765,0.06910775598388827
2,0.3048488076150475,0.032048882771051834,0.6631023096139008
0,0.8109386283663277,0.025072645936230306,0.16398872569744208
2,0.2719175479169795,0.06642447987055346,0.6616579722124667
0,0.5914161971321071,0.07590688865893495,0.3326769142089578
2,0.08834934940587151,0.04799076389032125,0.8636598867038073
2,0.039860912144652455,0.03323503368739131,0.9269040541679563
2,0.02286993135558248,0.02121677415618452,0.955913294488233
2,0.030649331440066263,0.030788959886403972,0.9385617086735297
0,0.9159813205552925,0.013957865785664466,0.07006081365904308
0,0.8444898743538313,0.011973155872807782,0.14353696977336103
1,0.3683865966177563,0.05283819089683557,0.5787752124854082
2,0.0546875996223088,0.046136179943973524,0.8991762204337174
0,0.9165255832286191,0.014366660787492765,0.06910775598388827
2,0.44706229725692886,0.042031742935244164,0.510905959807827
0,0.2609000588098413,0.03081997536469752,0.7082799658254613
0,0.7657816106619554,0.0223333704926208,0.21188501884542388
0,0.8243917566830339,0.025809217717389053,0.1497990255995771
0,0.9218121401891087,0.013233818010516403,0.0649540418003752
0,0.8879150202727636,0.013686088663591573,0.09839889106364462
0,0.6693414526701225,0.02758377586484564,0.3030747714650318
2,0.12107888825912631,0.07104498604026283,0.807876125700611
0,0.9208382447033794,0.012618253362724105,0.06654350193389644
2,0.8444898743538313,0.011973155872807782,0.14353696977336103
2,0.048309089109035266,0.03321908413912205,0.9184718267518425
0,0.9171493056084665,0.013748718320675564,0.06910197607085776
0,0.9208382447033794,0.012618253362724105,0.06654350193389644
0,0.9325800740138632,0.011389295390824313,0.05603063059531249
0,0.9194807080723455,0.014755418127246955,0.06576387380040766
0,0.8437093345370401,0.02025661760161153,0.1360340478613488
0,0.8910617642940105,0.017620287157013765,0.09131794854897568
0,0.8063232380120131,0.03180942585927739,0.1618673361287099
0,0.9212260866407007,0.013693340629627047,0.06508057272967245
2,0.12107888825912631,0.07104498604026283,0.807876125700611
0,0.844526786250093,0.013159633714098003,0.1423135800358087
2,0.1595163110761058,0.030144027968390115,0.8103396609555042
0,0.8142141847996437,0.022206029908862446,0.163579785291494
2,0.3168971503293975,0.0941378242569124,0.58896502541369
0,0.9121175010780669,0.014524530175931402,0.0733579687460022
2,0.08342000543945714,0.027281883044323826,0.8892981115162191
2,0.49632912761161857,0.07904518790099345,0.42462568448738786
0,0.8852227710281385,0.018937271486582294,0.09583995748527932
2,0.2679934317401398,0.06663306314363371,0.6653735051162258
0,0.9208382447033794,0.012618253362724105,0.06654350193389644
0,0.8334080458059364,0.017789740696915978,0.1488022134971478
0,0.8399318715419082,0.015795001255082784,0.1442731272030088
2,0.4885872226994775,0.08683768735469156,0.4245750899458309
0,0.8910617642940105,0.017620287157013765,0.09131794854897568
0,0.4659510264985119,0.08196835590199511,0.45208061759949286
2,0.24387762734053797,0.05424524536096055,0.7018771272985014
2,0.08142313475496873,0.053341755972563666,0.8652351092724675
2,0.0780071852502252,0.04825034923448239,0.8737424655152921
2,0.04691668915424807,0.03161887308335914,0.9214644377623927
2,0.022894852362099052,0.025027198567050133,0.9520779490708507
0,0.80072962552942,0.022004796417651108,0.17726557805292897
2,0.023468317715305664,0.020960508701472553,0.9555711735832219
2,0.4450773890988256,0.07122370043094219,0.4836989104702322
2,0.02048906128730804,0.021881748869993382,0.9576291898426986
2,0.18063757799806837,0.048099466711982876,0.7712629552899489
0,0.810513971901556,0.022885465623903,0.16660056247454086
2,0.7598777328988064,0.01769238804762738,0.22242987905356587
0,0.8245791489115627,0.03365414840774241,0.14176670268069486
0,0.9186943070213454,0.013573256471965757,0.06773243650668877
0,0.826819930747518,0.02353731048393169,0.1496427587685504
0,0.6811726138371118,0.03121618792304622,0.28761119823984216
0,0.6153045643995937,0.03535282568245473,0.34934260991795146
0,0.9212260866407007,0.013693340629627047,0.06508057272967245
2,0.12136271351593123,0.08386447068954539,0.7947728157945237
2,0.40458672848784333,0.08385266014642567,0.511560611365731
2,0.5015162732639169,0.03254095393163427,0.46594277280444885
2,0.15648892210943796,0.07301900061941821,0.7704920772711437
2,0.026160780260155895,0.020073830035192124,0.9537653897046522
0,0.9178570629420825,0.01278837425603626,0.0693545628018814
2,0.2074945974365599,0.04908721349523971,0.7434181890682002
2,0.023538112916341475,0.02550400569514587,0.9509578813885128
0,0.9225668975188255,0.014223876703802738,0.06320922577737202
0,0.8368909430778969,0.021741244852734026,0.14136781206936921
0,0.8315967752276244,0.022308613234225966,0.14609461153814976
2,0.0376289063968347,0.03276226108429886,0.9296088325188662
2,0.20409294037867348,0.043075922451471634,0.7528311371698546
1,0.7763884617839384,0.011242159803654214,0.21236937841240736
0,0.2840732133316045,0.05194100124423889,0.6639857854241565
0,0.7759807561920652,0.017720761923655723,0.20629848188427916
2,0.6821134656682497,0.02540423801123438,0.29248229632051603
0,0.9190951663480798,0.012734727686535685,0.06817010596538456
0,0.39474759326913583,0.07331563598586338,0.5319367707450007
0,0.9100983577175261,0.013305658738585304,0.0765959835438885
0,0.5065175667509487,0.07726154291813926,0.41622089033091203
2,0.04545092004632261,0.0386167643516304,0.9159323156020472
2,0.01957260535733283,0.022990957237321922,0.957436437405345
2,0.05185252362594765,0.03887780661138479,0.9092696697626674
2,0.8535651651640837,0.01224875598703794,0.13418607884887782
0,0.6373863701237102,0.04189836884334049,0.32071526103294956
0,0.232522915670116,0.11689234590632236,0.6505847384235616
2,0.6538320500929012,0.03536265251468734,0.3108052973924115
0,0.8080572133460802,0.022831098793231964,0.16911168786068773
2,0.7835576724042344,0.019770194401853614,0.19667213319391233
0,0.9204249772367435,0.013637099553396157,0.06593792320986049
0,0.6723193063213335,0.022152187704433415,0.30552850597423303
2,0.6018895114208077,0.0376240392979813,0.36048644928121104
2,0.6527608460367176,0.04187945338871047,0.30535970057457207
0,0.9171493056084665,0.013748718320675564,0.06910197607085776
0,0.6502582607403989,0.022995329381382764,0.32674640987821835
2,0.36684189006990775,0.05961678708118019,0.573541322848912
1,0.2968163487240683,0.059312971690966367,0.6438706795849654
0,0.8319510651452132,0.014336830611895411,0.15371210424289153
2,0.024943500072237505,0.022088829644511733,0.9529676702832506
0,0.830211874654648,0.008160085765740751,0.16162803957961122
0,0.2773306829072545,0.06425691564617231,0.6584124014465733
0,0.9159813205552925,0.013957865785664466,0.07006081365904308
2,0.05629081569133481,0.03762722018561838,0.906081964123047
1,0.45727155457458074,0.09109753432301024,0.4516309111024089
0,0.9178570629420825,0.01278837425603626,0.0693545628018814
2,0.24568825488950152,0.05816728677780432,0.6961444583326943
0,0.830211874654648,0.008160085765740751,0.16162803957961122
0,0.8984762333310751,0.014815089606092213,0.08670867706283264
0,0.7477074496262236,0.023962118560795075,0.2283304318129815
1,0.5196459488172416,0.08283291790039315,0.3975211332823649
2,0.024578273071313293,0.020896601822346813,0.9545251251063398
2,0.28834733156391695,0.07375688860442589,0.6378957798316568
2,0.2968163487240683,0.059312971690966367,0.6438706795849654
2,0.31737476887578575,0.06126966814427036,0.6213555629799438
2,0.15429842800774765,0.09955653410808266,0.7461450378841697
0,0.8867812726404541,0.017917130117861335,0.09530159724168451
2,0.6679806857328996,0.021977567582268744,0.310041746684832
0,0.27372411478876557,0.05826422994852989,0.6680116552627048
1,0.3897783223378651,0.07267710540541497,0.5375445722567199
2,0.13122990983625268,0.07067309709512413,0.7980969930686231
0,0.8740720828865047,0.023280968657443293,0.1026469484560521
2,0.20254982271217348,0.05153115948159985,0.7459190178062267
0,0.8622698431741443,0.021235129677861054,0.11649502714799456
0,0.6003589591595986,0.0742987486245707,0.3253422922158306
0,0.9209695818489307,0.013098911069334161,0.06593150708173487
2,0.09718327005825197,0.08526286139651296,0.8175538685452349
0,0.9212260866407007,0.013693340629627047,0.06508057272967245
2,0.42429895022916614,0.03939540274950276,0.5363056470213311
0,0.9178570629420825,0.01278837425603626,0.0693545628018814
0,0.7714057265998085,0.03897477777990165,0.1896194956202898
2,0.13557028779802727,0.11329876453400502,0.7511309476679677
2,0.18142816779646745,0.04560302798228924,0.7729688042212434
0,0.6082951580775809,0.08482114227386077,0.3068836996485582
0,0.8803360660325633,0.024083338479393687,0.09558059548804308
0,0.9325800740138632,0.011389295390824313,0.05603063059531249
0,0.8288136364998,0.01329353814269544,0.15789282535750446
2,0.8872112455300979,0.018639865049907712,0.09414888941999444
0,0.9212260866407007,0.013693340629627047,0.06508057272967245
0,0.47633989092990753,0.08923680360909712,0.4344233054609953
0,0.5043671072509256,0.08307140455733536,0.41256148819173905
0,0.7011523725235473,0.023996624591446747,0.27485100288500597
1,0.537064850706354,0.07849187091392804,0.38444327837971765
0,0.9186943070213454,0.013573256471965757,0.06773243650668877
0,0.4651714560617058,0.07965539942884721,0.455173144509447
0,0.2787904416123378,0.06524337287206752,0.6559661855155948
0,0.9178570629420825,0.01278837425603626,0.0693545628018814
0,0.3306325484157098,0.058004300876683894,0.611363150707606
0,0.8982940836754465,0.01572121673594676,0.08598469958860665
2,0.43328190883315365,0.03825073366067371,0.5284673575061725
2,0.1495924212381582,0.04396814905737576,0.806439429704466
2,0.8471418583551336,0.02046884863958456,0.13238929300528246
2,0.09324307075188211,0.04627828489620794,0.8604786443519098
2,0.8403579798227558,0.027794144625402056,0.13184787555184205
0,0.9178570629420825,0.01278837425603626,0.0693545628018814
2,0.42835944899959066,0.06084216569814873,0.5107983853022607
0,0.518000046885804,0.07939736993620237,0.40260258317799336
0,0.9102305260191558,0.014489961890577182,0.0752795120902672
0,0.9171493056084665,0.013748718320675564,0.06910197607085776
0,0.9165731823890835,0.014276118137482939,0.06915069947343372
2,0.041591276232233056,0.03324048312897297,0.9251682406387942
2,0.8459493155128611,0.024853420015612523,0.12919726447152652
0,0.9229992957509482,0.013348830060506038,0.06365187418854615
1,0.5849605508893787,0.08109346162554358,0.3339459874850777
0,0.9201031503932963,0.013910885803169211,0.06598596380353466
0,0.7761200339389404,0.02708123641410232,0.19679872964695738
0,0.9201031503932963,0.013910885803169211,0.06598596380353466
2,0.3318954117977043,0.031379094294073415,0.6367254939082221
0,0.9165255832286191,0.014366660787492765,0.06910775598388827
2,0.26137680495689036,0.059050315975129664,0.67957287906798
2,0.7630354066358612,0.01977422537908902,0.21719036798505
2,0.159178197973892,0.08786312626199871,0.7529586757641092
0,0.25908944108067156,0.06501703188473315,0.6758935270345953
2,0.022432930842817195,0.023778902635307082,0.9537881665218756
2,0.501023629485312,0.09455486214337472,0.40442150837131324
0,0.8812384374466377,0.019143843154206485,0.09961771939915566
0,0.4181163486719042,0.07382856341189674,0.508055087916199
0,0.9111454378325444,0.01539201394206986,0.07346254822538556
0,0.16435030652800484,0.02664642740345816,0.8090032660685369
0,0.9209695818489307,0.013098911069334161,0.06593150708173487
0,0.46999813363195225,0.006578947368421052,0.5234229189996268
1,0.15845202139047287,0.0936126505429299,0.7479353280665972
0,0.6233572354854775,0.026938819607018737,0.3497039449075039
0,0.8163567420655464,0.020770492274498835,0.16287276565995396
2,0.35081051881370573,0.06190815725669389,0.5872813239296002
0,0.5190960730872228,0.08505453978841404,0.39584938712436313
0,0.8436142553637695,0.012283568488431994,0.14410217614779833
0,0.920893680899314,0.013651297833094087,0.06545502126759198
2,0.9325800740138632,0.011389295390824313,0.05603063059531249
0,0.9204249772367435,0.013637099553396157,0.06593792320986049
2,0.3046737506799125,0.06087179101567592,0.6344544583044116
2,0.7272182650347921,0.0250655616655592,0.2477161732996486
2,0.1442786069651741,0.19817578772802655,0.6575456053067993
2,0.052135550846576895,0.047340081570005396,0.9005243675834177
0,0.8298278989729505,0.014788470095130183,0.1553836309319193
0,0.911199818521771,0.014126468122240282,0.07467371335598921
2,0.027387421564480867,0.024812752621443425,0.947799825814076
2,0.45529725822547423,0.0791538357491798,0.46554890602534604
0,0.8368909430778969,0.021741244852734026,0.14136781206936921
0,0.9216947903032713,0.013707538909324971,0.06459767078740394
0,0.686761096803933,0.031531348892115355,0.2817075543039516
0,0.4682253090574743,0.08101756848741314,0.45075712245511257
0,0.24212868016723996,0.08573958984463854,0.6721317299881213
0,0.810454094450368,0.018882527636323396,0.17066337791330846
0,0.9209695818489307,0.013098911069334161,0.06593150708173487
0,0.8533908520033062,0.012865652467598762,0.13374349552909495
1,0.5557429422504983,0.09274185570166077,0.35151520204784087
0,0.21417800812514842,0.08912503749930106,0.6966969543755505
0,0.8424860745621261,0.02334727865062928,0.1341666467872446
0,0.7581935179516115,0.04062395699073943,0.2011825250576497
2,0.017897500692161405,0.015186604490122798,0.9669158948177158
2,0.6051521993951424,0.07417505625145791,0.3206727443533996
0,0.4870944613571463,0.06408285485486093,0.4488226837879928
0,0.9100983577175261,0.013305658738585304,0.0765959835438885
2,0.14965248345519033,0.04536388683085688,0.804983629713953
0,0.9161183072023159,0.013712997295005417,0.07016869550267875
2,0.018581124090833716,0.022399967602218743,0.9590189083069476
0,0.9162199799535831,0.01448345425653708,0.06929656578987997
2,0.8471418583551336,0.02046884863958456,0.13238929300528246
0,0.492328851990372,0.08721222058475157,0.42045892742487634
0,0.26234753312572606,0.057484359984529,0.6801681068897444
2,0.023468317715305664,0.020960508701472553,0.9555711735832219
0,0.9325800740138632,0.011389295390824313,0.05603063059531249
0,0.8929944745782871,0.01562258201238847,0.09138294340932476
0,0.863833923096477,0.020422385721563192,0.11574369118195985
2,0.04993338195493002,0.040532599402110785,0.909534018642959
0,0.8049549907568458,0.021315105354062665,0.17372990388909176
