target,prediction_0,prediction_1,prediction_2
2,0.10486361465062694,0.013235450035767246,0.8819009353136059
0,0.9428480404502265,0.007590222899112352,0.04956173665066106
0,0.9356903968231056,0.010175549263896513,0.054134053912997804
2,0.07107363042938122,0.09737499468849542,0.8315513748821233
0,0.7837750192292495,0.03148663098442883,0.1847383497863216
0,0.8848371278408872,0.011608254191243438,0.10355461796786936
0,0.8360913118578938,0.050703015203252114,0.11320567293885414
2,0.05811084582292238,0.045291884754819205,0.8965972694222584
0,0.955576271495092,0.004709845805550273,0.039713882699357765
1,0.4503625792291798,0.05706530685623848,0.49257211391458167
2,0.009917931703204314,0.004782765600694826,0.9852993026961009
0,0.8780018510987004,0.01560574756503795,0.10639240133626171
0,0.8093606301113078,0.008014120395335528,0.18262524949335682
0,0.9473711536951417,0.006490313123741663,0.04613853318111667
0,0.8952653849592265,0.023055066292208,0.08167954874856559
2,0.14566035534380994,0.061363759197312726,0.7929758854588773
0,0.9616308356046579,0.004736994703251565,0.033632169692090465
2,0.7382112597753134,0.08304703189484303,0.17874170832984354
0,0.8698812753689048,0.03371856223132203,0.09640016239977314
2,0.2950562893600836,0.12309182498718804,0.5818518856527284
0,0.921701975386277,0.014204887518918661,0.06409313709480434
1,0.30066155420950647,0.1336048135481771,0.5657336322423164
2,0.0738615607047323,0.023123930536076365,0.9030145087591914
0,0.9160391261941598,0.01877155788889601,0.06518931591694421
0,0.534937797428405,0.13391394140594687,0.3311482611656483
0,0.8946723670123204,0.02362877717349094,0.08169885581418873
0,0.9419235308829524,0.00784312211587816,0.050233347001169375
0,0.9456027077324302,0.005659310982025873,0.048737981285543956
0,0.35098877811735074,0.07472775061393586,0.5742834712687134
0,0.9309524179906602,0.010820571400032356,0.058227010609307565
2,0.15382709468813527,0.06749166097935842,0.7786812443325062
2,0.02490602408572033,0.02189500931583633,0.9531989665984433
0,0.3798305356772411,0.19409435573225145,0.42607510859050735
2,0.4780727866536485,0.08592567432426136,0.4360015390220901
0,0.833521211641058,0.05040489403655369,0.11607389432238824
2,0.050056119218876635,0.03822146953316481,0.9117224112479585
2,0.45949944059129844,0.06537732479629403,0.4751232346124074
0,0.8764811594531414,0.03391332216032005,0.08960551838653844
0,0.11062796314398347,0.05550254573141508,0.8338694911246015
0,0.3457691233967586,0.02725207679510127,0.6269787998081402
0,0.9226006598151651,0.011302294373910572,0.06609704581092433
2,0.2884610703457964,0.12820806645723604,0.5833308631969676
0,0.7710492097180542,0.02996706332924174,0.1989837269527041
0,0.9621118150950253,0.003456124016496012,0.034432060888478874
0,0.9921023197072789,0.00011971771970945953,0.0077779625730116705
0,0.8366046255834703,0.04975313113103504,0.1136422432854946
0,0.8868699470818009,0.01172536916881886,0.10140468374938014
2,0.7937132763041082,0.013237111895046172,0.19304961180084576
0,0.7051603198302372,0.008240832156397397,0.28659884801336544
2,0.6093289257146953,0.07636163952697242,0.31430943475833234
0,0.8975038887250917,0.020497149866331058,0.08199896140857736
0,0.9434091982022265,0.007469482978023703,0.049121318819749994
2,0.00843476717056439,0.00013146473055688154,0.9914337680988787
2,0.5393961804231678,0.060682741925846766,0.39992107765098545
2,0.08572452018599849,0.011853466750736879,0.9024220130632645
0,0.9491254442933229,0.007863148233819502,0.043011407472857505
0,0.7753487253394662,0.07688699554993976,0.14776427911059403
0,0.8746605903730634,0.03827031787795731,0.08706909174897916
0,0.9372246867851719,0.009074792433214142,0.053700520781614
0,0.853817811120579,0.035709950966999596,0.11047223791242156
1,0.8295235696203282,0.039715256741201625,0.13076117363847023
2,0.7732764491941323,0.028273257988439066,0.19845029281742851
0,0.912952145759607,0.009378055928346906,0.07766979831204603
2,0.24686649377008169,0.025537872167095445,0.7275956340628229
2,0.11736973963761245,0.09177407623462926,0.7908561841277583
2,0.00821799205106944,0.0014636231999191134,0.9903183847490116
1,0.8997512195756721,0.018288379909561184,0.08196040051476676
2,0.27947103369284854,0.04580841745932914,0.6747205488478223
2,0.11598777295518739,0.07909411136958985,0.8049181156752226
0,0.8675264188645225,0.016336645255276887,0.1161369358802006
0,0.9825284726780957,0.0006449763815513846,0.01682655094035291
0,0.7572273729222074,0.031573491264994806,0.21119913581279767
0,0.9556405812998386,0.004801779476921788,0.039557639223239724
0,0.9425178406983883,0.007673376741565458,0.04980878256004624
2,0.0014647726290490303,0.001265562082467543,0.9972696652884834
2,0.026933168183473483,0.006232890339786275,0.9668339414767402
0,0.9653402729550289,0.00393556992256125,0.03072415712240978
0,0.5476597431370038,0.04618997260843207,0.40615028425456406
0,0.849059188267167,0.016138993320962504,0.1348018184118705
0,0.8046695510904357,0.07628121229600908,0.11904923661355529
0,0.7270095674908467,0.03735663783628129,0.23563379467287196
2,0.9020045888080659,0.017529520523174674,0.08046589066875949
1,0.44704905395850547,0.008065708311249753,0.5448852377302448
0,0.943303179756684,0.008676909473838167,0.04801991076947778
0,0.817448897219596,0.03241565780965325,0.15013544497075085
2,0.3600418833364256,0.021620850261215165,0.6183372664023592
0,0.9053225336207226,0.007608735004644971,0.08706873137463259
2,0.06871716787357858,0.13082753231585695,0.8004552998105645
0,0.9467907406876559,0.006648067222525053,0.04656119208981903
0,0.8310814004092418,0.028483328949448026,0.14043527064131
0,0.8747699263346965,0.021588387869781917,0.10364168579552147
0,0.813614412323687,0.045200490472757204,0.1411850972035558
0,0.8888317703524279,0.02957216068934813,0.08159606895822405
0,0.9691727941780675,0.0030757657255707513,0.02775144009636189
0,0.9030172535285016,0.016470515803528554,0.08051223066796982
0,0.9297576207640988,0.011170820311410333,0.05907155892449064
0,0.9489547518316811,0.004991020084067428,0.04605422808425154
2,0.011023742253781102,0.0060948823353854245,0.9828813754108335
0,0.8903762433752813,0.024992471470133455,0.08463128515458523
0,0.6882036835826766,0.06178275758100877,0.25001355883631454
2,0.048935804497382426,0.1568810239474481,0.7941831715551695
2,0.00035093155551468207,0.0018495961464897424,0.9977994722979956
2,0.0065711735669108755,0.013247916385923417,0.9801809100471657
2,0.026982227976061195,0.040000778902740425,0.9330169931211983
0,0.9290195478642704,0.009506873863638944,0.06147357827209051
0,0.917197593992475,0.01209705115471108,0.07070535485281376
0,0.926891941998728,0.010991749144423324,0.062116308856848684
2,0.4754936633005932,0.11518690112227428,0.40931943557713263
0,0.5666580905116989,0.09223203724318865,0.34110987224511247
2,0.1231262664288541,0.10246240150431316,0.7744113320668328
0,0.8315778677183838,0.046752205029316346,0.12166992725229996
2,0.3688932846597587,0.16260295798093918,0.468503757359302
0,0.8355489187874315,0.03183642081838346,0.1326146603941851
2,0.18279128472729553,0.07715939448990354,0.740049320782801
0,0.953656036140204,0.004595870001057278,0.041748093858738795
0,0.6502396173583884,0.030123060292055134,0.31963732234955655
0,0.9527623293368754,0.005622294866040234,0.04161537579708424
0,0.9236069386096148,0.013051049278825657,0.06334201211155961
0,0.9710950531680723,0.002716396375806868,0.026188550456120938
2,0.18534852986300454,0.24344446838117345,0.5712070017558221
0,0.9088866103042746,0.0179749592726422,0.07313843042308313
0,0.9078825458457824,0.018345179545764475,0.07377227460845324
0,0.8226762581641243,0.039705467999413345,0.13761827383646244
0,0.9857635257153846,0.0006689416166404114,0.013567532667975016
0,0.8971232416063867,0.0021431809954384194,0.10073357739817494
0,0.8482137492638717,0.030645845859096337,0.12114040487703207
0,0.9361132334618855,0.011957343978509267,0.0519294225596053
0,0.915315875775759,0.00367087278429142,0.08101325143994946
2,0.1492112799111504,0.13891808915330078,0.7118706309355487
0,0.931622151807493,0.0106262412963443,0.05775160689616264
2,0.009016955086257635,7.097429846878231e-05,0.9909120706152736
0,0.652632233043622,0.024212451309509372,0.32315531564686867
2,0.0102102408855754,0.03864454781401926,0.9511452113004054
0,0.7916044672252113,0.009047305470199789,0.19934822730458907
2,0.6552477958993932,0.10628943539174772,0.23846276870885905
2,0.1981271929527759,0.02780804551998315,0.774064761527241
0,0.8900572814752176,0.023264462001621276,0.08667825652316113
0,0.9830881255680656,0.0005999451555650628,0.016311929276369343
0,0.9573079263871399,0.004435305001694168,0.038256768611165975
2,0.6726359255961356,0.02942577826768545,0.2979382961361789
0,0.506069376274569,0.09105324732073798,0.4028773764046929
0,0.2430737955904721,0.10197182299940645,0.6549543814101215
0,0.8859046121429193,0.02248529118756584,0.091610096669515
0,0.29826125060460956,0.04309109511479729,0.6586476542805932
0,0.8141593602255742,0.05551611766439262,0.13032452211003318
0,0.9730921492954171,0.0024667684009902677,0.02444108230359284
2,0.140535125751719,0.12148809601467615,0.7379767782336049
0,0.9461347458355323,0.007224278103300046,0.04664097606116753
0,0.8844777064788641,0.023736102789970823,0.09178619073116491
2,0.21283068469114083,0.16829257572524778,0.6188767395836114
0,0.9203716287185023,0.015414753929472776,0.06421361735202506
2,0.46982602135509927,0.05600445739963109,0.47416952124526957
0,0.9623236924186732,0.0024186584734977503,0.0352576491078291
0,0.909346364244449,0.010022969333680347,0.08063066642187076
0,0.6854145560608896,0.05203241495716453,0.26255302898194594
0,0.8948759788554379,0.021264745766036187,0.08385927537852594
2,0.003298574220131835,0.004466712716475644,0.9922347130633925
2,0.010203076724526566,0.008847281170242343,0.9809496421052311
2,0.8696345794943027,0.009482218916309742,0.12088320158938767
0,0.9509145387770112,0.00568081125384883,0.04340464996913996
0,0.2127857059575162,0.06426717526058774,0.7229471187818961
0,0.9638495207451352,0.004250291773949127,0.0319001874809156
2,0.834021647243398,0.01832450601383473,0.14765384674276721
2,0.8252611933589918,0.030655330378081654,0.14408347626292642
0,0.860390533734872,0.0019845636268288275,0.13762490263829918
2,0.4034731717521701,0.13601254772258836,0.46051428052524146
0,0.9380835200170838,0.00882679478811935,0.053089685194797
2,0.0008890433574060526,0.0006728258092959182,0.9984381308332979
2,0.7419709168536998,0.025797820785292625,0.2322312623610076
0,0.9350034356200823,0.005141479874972179,0.05985508450494544
0,0.6452802445611925,0.10893282395636991,0.24578693148243752
1,0.2814901743665992,0.03485493714667082,0.68365488848673
2,0.09536054571894607,0.01784832958708626,0.8867911246939678
0,0.8898890040221901,0.02183127827246688,0.08827971770534294
2,0.05212543378729926,0.05559839557008013,0.8922761706426207
2,0.08932647970596681,0.07199350286500861,0.8386800174290246
0,0.941027194379071,0.006632401321994985,0.052340404298934017
0,0.020223862479282238,0.02138877661376301,0.9583873609069549
2,0.06383851723354216,0.02735374770784168,0.9088077350586161
0,0.9623909440083845,0.0034120638736887736,0.03419699211792676
0,0.36542068902752556,0.11099109264994464,0.5235882183225298
0,0.5403489170901913,0.07992631585548729,0.3797247670543214
2,0.0008457813020119161,0.00023251023813638307,0.9989217084598517
0,0.9349168478393213,0.010418344804063645,0.05466480735661502
2,0.2933529497235699,0.1730498934599139,0.5335971568165162
2,0.4218087087400717,0.05725837254458701,0.5209329187153413
1,0.5942578098430196,0.09488448089894848,0.310857709258032
0,0.16279085059089304,0.038861648424125025,0.7983475009849819
2,0.36457293181758055,0.04541606833687562,0.5900109998455437
2,0.6237454472340184,0.05045657629431478,0.32579797647166686
0,0.33906500742544643,0.17187371898909548,0.4890612735854581
0,0.9623564820676597,0.0036198862382736314,0.03402363169406662
0,0.8407167507754929,0.04176875394747441,0.11751449527703285
2,0.1682961811467782,0.09146304728981648,0.7402407715634053
2,0.31757793140614093,0.07826011176063867,0.6041619568332205
0,0.9046690542855472,0.021649437176470686,0.07368150853798215
0,0.724691944768043,0.05435134455610987,0.22095671067584707
0,0.9466855618485999,0.006652287044377936,0.04666215110702223
2,0.8720995888462919,0.025795149388612694,0.10210526176509534
0,0.9726086307157759,0.0018124423633100169,0.025578926920914045
0,0.932945731798049,0.007946756498969143,0.05910751170298186
0,0.9620067199603795,0.0036859812778722175,0.03430729876174824
2,0.8182563438874408,0.02058878925867585,0.16115486685388342
0,0.9150912833001409,0.01783745293749039,0.06707126376236876
0,0.8934036190730367,0.00029990782597114643,0.10629647310099227
0,0.06089807145054743,0.03357404629087648,0.9055278822585761
0,0.9433141356781236,0.00396581658612567,0.052720047735750765
2,0.05131539143813706,0.031098745947391974,0.917585862614471
0,0.953324758583687,0.006740660293443344,0.03993458112286983
2,0.005681951064699312,0.004058091163809184,0.9902599577714915
0,0.9211127157334589,0.013841433931142165,0.06504585033539895
2,0.7629941859622661,0.08432756588338672,0.15267824815434733
2,0.14547921001498906,0.12887146651671216,0.7256493234682987
2,0.0601555429031196,0.005104918802372558,0.9347395382945078
0,0.39940280536939976,0.06015175473674785,0.5404454398938524
0,0.9190290060334168,0.015414925672912739,0.06555606829367054
0,0.9410907929681839,0.010185595826411094,0.048723611205405054
0,0.868569604486771,0.030057347718832,0.10137304779439692
2,0.9469268419192558,0.008475597014222853,0.04459756106652132
0,0.9591428685349344,0.005308127322851105,0.03554900414221455
0,0.18736225723375216,0.15479189515298858,0.6578458476132594
0,0.9925820233525476,9.348717890622205e-05,0.007324489468546142
2,0.888136438116518,0.021657471506792526,0.09020609037668938
2,0.2909885931741216,0.039690912930872964,0.6693204938950054
2,0.03675234957059946,0.013097182037747995,0.9501504683916525
0,0.9284996900979969,0.0105424015272712,0.06095790837473189
0,0.8441051422234299,0.04308602828519742,0.11280882949137268
2,0.65626341089563,0.08408835625129173,0.2596482328530784
2,0.028620947456308034,0.032006673157178374,0.9393723793865136
2,0.121997869411674,0.024557053918207585,0.8534450766701185
0,0.951838899056441,0.004697945998491345,0.043463154945067535
2,0.058081377495563344,0.011256995435184575,0.9306616270692522
0,0.8201749037428004,0.027362742179384666,0.15246235407781494
0,0.9076469811450777,0.015687453572294802,0.0766655652826274
0,0.04159967868560588,0.014668592499235612,0.9437317288151585
0,0.24476063490551273,0.006349692124247826,0.7488896729702395
2,0.45148762725716546,0.015680881590521903,0.5328314911523127
2,0.9300168649177343,0.011106395844021677,0.05887673923824408
0,0.9582740530482423,0.003743058457017308,0.03798288849474038
2,0.26039120429969415,0.10119603710105705,0.6384127585992487
2,0.15970804219411516,0.05927551082908721,0.7810164469767976
0,0.8947322178238144,0.025865069162529033,0.07940271301365669
0,0.96350455018437,0.002261526206404191,0.03423392360922579
0,0.9617702384585634,0.0027989253650353026,0.03543083617640149
0,0.8093140235322316,0.023540655760278674,0.16714532070748966
2,0.0001609371489851407,0.00039328985676939323,0.9994457729942454
0,0.4087246293611425,0.1225787576592371,0.4686966129796204
0,0.843544245990962,0.021474825118193326,0.13498092889084484
2,0.04673944993251696,0.029246120392295325,0.9240144296751878
0,0.9010889647163477,0.015228194193680072,0.08368284108997227
0,0.13205717126448493,0.09529204882547997,0.7726507799100352
2,0.36271657792412215,0.029469631456193496,0.6078137906196843
2,0.008864230641512993,0.010973137460124249,0.9801626318983627
1,0.43573685086969166,0.004110970373193558,0.5601521787571148
0,0.944749965904485,0.0058353847711852475,0.049414649324329624
0,0.9360577947762303,0.009376046418341182,0.05456615880542854
2,0.2540129054034429,0.034552453499986965,0.7114346410965701
0,0.9121991908822783,0.016813623245450597,0.07098718587227108
0,0.9563008017282953,0.004655051196444888,0.039044147075259765
1,0.2694550982403462,0.12354706274200632,0.6069978390176475
0,0.7626156503618313,0.022511417878385124,0.21487293175978348
2,0.27049659617119576,0.0869170885333969,0.6425863152954074
0,0.5139931374713127,0.021033015467901418,0.464973847060786
0,0.940095324396174,0.009588175138029344,0.0503165004657966
2,0.07604472680102199,0.09035299246845707,0.833602280730521
0,0.33315500410200016,0.0765550283346826,0.5902899675633173
0,0.16115628958570485,0.2321867330224841,0.606656977391811
0,0.616480915166013,0.05329894079156841,0.33022014404241856
2,0.465643043370971,0.05904324756721863,0.4753137090618105
2,0.02632000931005328,0.03587911891138457,0.9378008717785622
0,0.8348188948860136,0.047608034669399994,0.1175730704445864
2,0.09763584012785653,0.013748150168235758,0.8886160097039076
0,0.9410065583902718,0.010211147766446228,0.04878229384328176
2,0.1525350659002034,0.2739282184386023,0.5735367156611944
0,0.8705879984721808,0.028871651821059285,0.10054034970675993
0,0.8444377940602568,0.04001147811218216,0.11555072782756108
2,0.8210767452674474,0.03936609080459271,0.13955716392795994
0,0.47640517757668915,0.03892647495939738,0.48466834746391335
2,0.5910687165589278,0.012218251777245398,0.3967130316638268
0,0.9666054724899656,0.0028604829332035038,0.030534044576830947
2,0.9788935575241094,0.0014686027696257493,0.019637839706264613
0,0.9274135398718041,0.014638288629665104,0.0579481714985308
0,0.8716855231297848,0.004433632319419919,0.12388084455079545
0,0.5968182847126235,0.09060801421030744,0.312573701077069
0,0.9600200814147155,0.0045516168333376355,0.035428301751946834
2,0.003589399278611704,0.011643881877354488,0.9847667188440338
0,0.5451057168637956,0.024305411094756257,0.4305888720414482
0,0.9265218544491626,0.013204878491960722,0.06027326705887663
2,0.0006224786162122529,3.382855508857171e-05,0.9993436928286992
0,0.9334687772224088,0.010112421530138851,0.056418801247452154
0,0.9024705670487003,0.02258585833494421,0.07494357461635553
0,0.9112295647684099,0.021347417306600953,0.06742301792498913
2,0.21056091614000905,0.10621837296830347,0.6832207108916875
2,0.0018359369191813032,8.640274952267082e-05,0.9980776603312961
2,0.021662125683824168,0.0022702977109649893,0.9760675766052109
2,0.07895197544053989,0.05837259978387236,0.8626754247755879
2,0.4063600676720842,0.13223655726056494,0.46140337506735074
2,0.18308549208974498,0.017392178119797996,0.799522329790457
0,0.9446486002987486,0.007606742694332978,0.047744657006918385
0,0.9634897542397348,0.0034094388224124848,0.03310080693785259
0,0.9447538512374023,0.007579382536101137,0.04766676622649666
1,0.6274265131694868,0.10221566233457907,0.2703578244959341
1,0.7052510463940524,0.061060851090705755,0.23368810251524177
0,0.9164294026069941,0.01862373514137282,0.0649468622516331
2,0.07252298217052204,0.01464730507932098,0.912829712750157
2,0.9723542364460819,0.0024917887798674193,0.025153974774050805
0,0.6692527844668882,0.09369659987500302,0.23705061565810884
0,0.9549517474940299,0.004348623973933378,0.04069962853203673
0,0.8981468341236919,0.02447032589465746,0.07738283998165063
2,0.1403876840754976,0.021868019648197453,0.837744296276305
0,0.4481150351522605,0.010538183870385635,0.541346780977354
0,0.8747055628011998,0.015586068595192128,0.10970836860360822
0,0.9062631053966764,0.018930404798986857,0.07480648980433684
2,0.6684120037365563,0.01697322898660426,0.31461476727683946
0,0.8948371877645878,0.01998811616658354,0.08517469606882873
0,0.9164243035948887,0.017350277761036138,0.06622541864407522
0,0.721511652447277,0.12549865345121503,0.152989694101508
0,0.8591632991092051,0.023875188531533142,0.11696151235926183
0,0.9334354285215399,0.008397112377706422,0.05816745910075349
2,0.7965875374951099,0.02648978814149889,0.17692267436339132
0,0.9603417326318229,0.004007947053683332,0.035650320314493916
0,0.8814032563840283,0.03166939736691873,0.08692734624905292
0,0.7641403595403186,0.06311814852443749,0.172741491935244
2,0.7108230330502544,0.04496811670270099,0.24420885024704472
0,0.5574526824877148,0.037539167638557185,0.40500814987372813
0,0.6911009983538409,0.04197683513713091,0.26692216650902817
2,0.00623161617558967,0.015545384415313113,0.9782229994090972
0,0.8044144551904822,0.008110787286708093,0.1874747575228097
2,0.18045772795843643,0.11150583212391149,0.708036439917652
2,0.42872973859211455,0.04797739324910492,0.5232928681587805
0,0.8647313751540308,0.03954543539903428,0.09572318944693511
0,0.9047885257748361,0.015892942352836052,0.07931853187232775
0,0.7189657456631058,0.03115980055217105,0.24987445378472323
2,0.4194599237798182,0.12041202372927816,0.4601280524909035
0,0.9137806726323351,0.017931701500155668,0.06828762586750929
2,0.8296790593697304,0.04413981458545677,0.12618112604481274
2,0.31824720963710007,0.002507919845284529,0.6792448705176154
0,0.960210548200713,0.004033826286732734,0.03575562551255411
0,0.9308300369398863,0.01086882358208161,0.0583011394780322
2,0.04175908454705433,0.004232910128980585,0.9540080053239651
0,0.458179321318174,0.12954532630043977,0.4122753523813862
0,0.5942124831977633,0.012835790419083185,0.39295172638315345
0,0.5485392790226997,0.09555403627933245,0.3559066846979678
0,0.8878642522371053,0.02250290183535505,0.08963284592753964
0,0.5598049484449074,0.026918392496845866,0.41327665905824684
2,0.027045985504717825,0.13865605782944745,0.8342979566658347
0,0.9436363185336837,0.006068993358399136,0.050294688107917165
0,0.8218246504468807,0.051592659246436155,0.12658269030668315
1,0.5095468658211304,0.02929873383349777,0.4611544003453718
0,0.693478483882198,0.016617971564471843,0.2899035445533302
2,0.5185697137681604,0.029618682218671363,0.45181160401316817
2,0.15568788198785538,0.11430441990180007,0.7300076981103445
0,0.938199935302977,0.010143439730466206,0.0516566249665568
0,0.9366923782151039,0.008376772581230407,0.054930849203665796
2,0.030702496130057395,0.008945285661626487,0.9603522182083162
0,0.9512409440603886,0.005608602013337698,0.043150453926273626
2,0.005412903570551834,0.0027504635631239722,0.9918366328663242
0,0.9735228667076513,0.0016072033063130847,0.02486992998603569
0,0.8817243231226525,0.0332464949549338,0.08502918192241374
0,0.6256433718760123,0.06016932628489941,0.3141873018390884
0,0.97131381423335,0.0019111083504782316,0.0267750774161718
2,0.9397039053312125,0.0002571847383367794,0.06003890993045064
0,0.9564883903779924,0.004798722811106934,0.03871288681090083
0,0.9442141184508579,0.0072702775808057675,0.04851560396833619
0,0.87358547581786,0.027277104424066376,0.09913741975807375
0,0.9404422710513664,0.007550099939403219,0.05200762900923053
2,0.2454591579684142,0.09764001976911506,0.6569008222624707
0,0.8378374616240692,0.02110379902800732,0.14105873934792343
0,0.19092438618629037,0.07250821487057994,0.7365673989431297
0,0.7379358224708484,0.04515645466042175,0.21690772286872984
0,0.8826286721555966,0.02823387900903307,0.08913744883537031
2,0.2584943567704631,0.08166812542440059,0.6598375178051363
2,0.4228412145098554,0.06261108459825214,0.5145477008918924
0,0.19650171391844054,0.020787177269162026,0.7827111088123975
0,0.9212900750489093,0.013784621451298457,0.06492530349979228
2,0.36413498318775994,0.047002870034036505,0.5888621467782036
0,0.90734860235603,0.02298134681141294,0.06967005083255705
0,0.9330515739712613,0.011712803744598968,0.05523562228413977
0,0.9476110734867746,0.008341320145137696,0.04404760636808752
0,0.9513593749242525,0.0065532274526995185,0.04208739762304793
0,0.9297018369204841,0.009331497933160418,0.060966665146355646
0,0.3498558894121238,0.08875333179429469,0.5613907787935816
2,0.0318504193816855,0.11986364704135655,0.8482859335769579
0,0.5271382982555785,0.013455252278206584,0.45940644946621506
0,0.7349963570187202,0.03674240166199999,0.22826124131927975
2,0.1713527741576148,0.04135441585197123,0.787292809990414
2,0.22070041575648436,0.07189540156988838,0.7074041826736273
2,0.1892380476266098,0.07367554792587275,0.7370864044475175
0,0.5154983196643483,0.0024319600132015184,0.48206972032245016
0,0.8765770905345909,0.030764227228267424,0.09265868223714173
0,0.8998341794885343,0.00703565792358505,0.09313016258788061
0,0.6089586342700443,0.0378722027912041,0.3531691629387515
2,0.9306186769843896,0.013541842208681732,0.05583948080692854
0,0.9111764786767428,0.015781420209690377,0.07304210111356689
2,0.3824464869338335,0.0994111760068833,0.5181423370592833
0,0.9259004044742936,0.0123407631963389,0.06175883232936749
0,0.9181018802920416,0.013753718520489927,0.06814440118746842
0,0.020061525806363705,4.191330486999062e-05,0.9798965608887662
0,0.3692149585102174,0.04139689471091305,0.5893881467788695
2,0.5786168921014465,0.11119488357056773,0.31018822432798576
0,0.7052547806323576,0.06580637263997503,0.22893884672766748
0,0.9306036209092428,0.008514485863949857,0.060881893226807385
0,0.3461558415097109,0.07037443736238345,0.5834697211279056
2,0.9388667065431813,0.006591769622359127,0.05454152383445965
0,0.8983799373808846,0.011260179712319941,0.09035988290679553
0,0.41887124619160504,0.1262099379380068,0.4549188158703883
1,0.19410022584721975,0.012743715710096944,0.7931560584426833
0,0.9295049875164031,0.010265426218551903,0.060229586265045085
0,0.9387309720466714,0.009244872742058615,0.05202415521126989
0,0.9070377307966415,0.019778557958853363,0.07318371124450505
0,0.9464782206338994,0.007050152521615159,0.046471626844485456
0,0.9181827143420243,0.014792677992323653,0.06702460766565209
0,0.933066020622551,0.009309383301749541,0.05762459607569946
2,0.05033792801732594,0.011368931617120707,0.9382931403655534
2,0.2265072415774119,0.049684902323876755,0.7238078560987113
0,0.8838232623021108,0.027678754872978228,0.08849798282491106
2,0.6798426494559858,0.0320274382934249,0.28812991225058926
2,0.23094853919094444,0.11826090736388026,0.6507905534451753
0,0.9377432837298557,0.007373126574305407,0.05488358969583899
0,0.9017319348855481,0.017620644696415562,0.0806474204180362
2,0.5081118291604204,0.13654509458210382,0.35534307625747574
0,0.7773716717261004,0.03286095790930068,0.18976737036459881
2,0.02488575538884811,0.0020036871851531178,0.9731105574259987
0,0.5224421481993681,0.05831402743963595,0.4192438243609959
2,0.2907199221865867,0.023990423569195892,0.6852896542442174
2,0.023645634175615396,0.045906785215236244,0.9304475806091483
2,0.00256436106444733,0.008649285380309473,0.9887863535552431
2,0.023305748250013653,0.02749550399768461,0.9491987477523016
0,0.9695024287595165,0.0021799360973235524,0.02831763514315985
0,0.9511793112966876,0.005622205955997825,0.043198482747314505
1,0.1940308829835072,0.11234068151846899,0.6936284354980238
2,0.03885353267677316,0.023691891183055404,0.9374545761401715
0,0.9305428699364553,0.009117272640315727,0.060339857423228956
2,0.49195128850425096,0.022557214713153535,0.4854914967825955
0,0.13576044813045385,0.02026065363617246,0.8439788982333737
0,0.8767818951463404,0.020709156538470774,0.10250894831518889
0,0.7526032856179403,0.06569924721115808,0.1816974671709017
0,0.9368735916400853,0.007034895742538999,0.05609151261737556
0,0.9318390749558997,0.00863139325495377,0.05952953178914659
0,0.8176891059023087,0.04653287163304383,0.13577802246464749
2,0.24473502465513375,0.13321834542403843,0.6220466299208278
0,0.939602513962328,0.00842405603288235,0.051973430004789795
2,0.9192751600724135,0.014433634700283943,0.06629120522730247
2,0.028611091243768778,0.05821509466429136,0.9131738140919398
0,0.9454218876316958,0.007334031765802905,0.04724408060250122
0,0.9651771977949364,0.0029161544277905146,0.031906647777273034
0,0.9087212211171716,0.018033725091565297,0.07324505379126323
0,0.9321509276915441,0.009551295690821715,0.05829777661763436
0,0.9821884955678545,0.0006731747787677801,0.017138329653377856
0,0.88953774704717,0.025330543010908313,0.08513170994192168
0,0.8834296700672177,0.02341798562947059,0.09315234430331154
0,0.9826448779688025,0.000995505198772931,0.01635961683242474
2,0.10492624584420435,0.03336999067995006,0.8617037634758455
0,0.8613961616613264,0.03237297997256821,0.10623085836610549
2,0.024347836820804023,0.007828931995307806,0.9678232311838881
0,0.9447077337514281,0.0071492464540057555,0.048143019794566005
2,0.048633470329789756,0.018754986788629184,0.9326115428815811
0,0.8675356697861939,0.029763529779447795,0.10270080043435816
2,0.00776637671919198,0.04778060878694923,0.9444530144938587
2,0.18553612164032932,0.041033936036967096,0.7734299423227036
0,0.9131767332667523,0.01986824598433436,0.06695502074891325
2,0.04873104421557689,0.002072256818924788,0.9491966989654983
0,0.9436956772332796,0.007378525645277491,0.048925797121442904
0,0.9472890896546833,0.006509610666748629,0.04620129967856819
0,0.9428197376351332,0.003575465062923852,0.053604797301943036
2,0.26728470079813677,0.2173043879644256,0.5154109112374377
0,0.9212440447483535,0.01379935715179919,0.0649565980998473
0,0.17598028015974806,0.07556021313134291,0.7484595067089089
2,0.09479899777762218,0.04822433020727547,0.8569766720151024
2,0.0806725209173296,0.034177353940137684,0.8851501251425328
2,0.645433878437355,0.0036512122820616983,0.3509149092805834
2,0.023173610158586797,0.018314879700387764,0.9585115101410254
2,0.005769654204180243,0.005883947437446172,0.9883463983583736
0,0.6064850245435631,0.043183857706057184,0.3503311177503797
2,0.0014055634969815573,0.0015818362556947148,0.9970126002473237
2,0.2140055129675699,0.07829759436097797,0.7076968926714521
2,0.0028854479005725234,0.0017050117781622662,0.9954095403212653
2,0.008840016747034931,0.009985281689939495,0.9811747015630256
0,0.9197406068484659,0.011374952993653478,0.06888444015788063
2,0.7147965651481232,0.024907171452468322,0.26029626339940853
0,0.9224254939311541,0.01063384525629817,0.06694066081254771
0,0.953893214849358,0.004949106808275418,0.04115767834236671
0,0.8985604769038169,0.02011558050060669,0.0813239425955763
0,0.5888191821192293,0.04232641365881554,0.36885440422195503
0,0.885453940346833,0.0045292616625291025,0.11001679799063785
0,0.9698111677096105,0.0029542351254147276,0.027234597164974658
2,0.10911293718750673,0.16083321630149522,0.7300538465109981
2,0.17150305173505304,0.03792493844682561,0.7905720098181214
2,0.9044675736538077,0.020766746517957343,0.07476567982823494
2,0.42566337672493587,0.0617441790337225,0.5125924442413416
2,0.0004106322533257116,0.00011875765995382197,0.9994706100867204
0,0.9639617265807838,0.004226255828848163,0.03181201759036813
2,0.09675505267487466,0.08384374082500932,0.8194012065001159
2,0.0022471399165999925,0.015463035048044523,0.9822898250353554
0,0.9224825939885833,0.01226381485201377,0.06525359115940282
0,0.8495786970199117,0.031034233919263035,0.11938706906082504
0,0.8449454118041867,0.02582281223772141,0.1292317759580917
2,0.01850947114973361,0.0014007115330422217,0.9800898173172241
2,0.008617288887154823,0.1402060553656665,0.8511766557471787
1,0.7627665780130322,0.06304190589347149,0.1741915160934964
0,0.1113081363054139,0.01675522280282723,0.8719366408917588
0,0.8510225377212747,0.01173972226760293,0.13723774001112238
2,0.5887365252037252,0.035656170592978244,0.37560730420329663
0,0.917100233132261,0.01515187579055424,0.06774789107718485
0,0.34044314208882637,0.1979809796589303,0.46157587825224333
0,0.9566166402386458,0.005301789043466548,0.03808157071788775
0,0.519482359618112,0.05104352940081005,0.42947411098107796
2,0.006236066675265801,0.00930106003848893,0.9844628732862454
2,0.000819669410171094,0.0058932086645325345,0.9932871219252962
2,0.09237456049765691,0.05285961813568204,0.8547658213666611
2,0.9685821495190706,0.003190125324623051,0.028227725156306494
0,0.3088076541251963,0.15632208524754437,0.5348702606272594
0,0.6317576161849789,0.20790339589367635,0.16033898792134474
2,0.724245640513116,0.04778999477290526,0.22796436471397868
0,0.9414997952988714,0.01006187348107415,0.048438331220054344
2,0.4942841684832395,0.0066398040364701715,0.4990760274802904
0,0.925436765734535,0.01574301845811709,0.05882021580734785
0,0.8319126068845432,0.003976760733120379,0.16411063238233647
2,0.5800416172479382,0.026903111953712512,0.39305527079834934
2,0.6036771757327405,0.028129416681555386,0.36819340758570424
0,0.9113121859580787,0.018912283675375025,0.06977553036654614
0,0.3863945427404277,0.032464304302235604,0.5811411529573367
2,0.40105609747005494,0.1257932807306236,0.4731506217993215
1,0.3994285585136059,0.11834321420779914,0.482228227278595
0,0.8963783824862832,0.002231561417808061,0.10139005609590859
2,0.0027417194373587275,0.023859111999637507,0.9733991685630038
0,0.8863522010841278,0.02663012446031457,0.08701767445555753
0,0.2654339952814695,0.08149755302277838,0.6530684516957521
0,0.8760123673821418,0.006714438695437231,0.11727319392242093
2,0.030699351438560108,0.005289013559193598,0.9640116350022463
1,0.27679784625151105,0.10974695577533812,0.6134551979731507
0,0.9607683602130407,0.004931986386117984,0.03429965340084125
2,0.06988630125315619,0.002065936763020719,0.9280477619838231
0,0.9493496424987686,0.006053848366081813,0.04459650913514955
0,0.9135565537199333,0.016346480996826174,0.07009696528324054
0,0.6926638074288503,0.027109347641370636,0.2802268449297791
1,0.7249775014790311,0.10868533845010046,0.1663371600708684
2,2.5569135971652434e-05,0.0010188412516490368,0.9989555896123793
2,0.2557091304720575,0.06801613727172434,0.6762747322562181
2,0.3004038094878745,0.11189672105157865,0.5876994694605467
2,0.12093042531353923,0.04386385675677041,0.8352057179296903
2,0.22197138743544567,0.15520487955266885,0.6228237330118855
0,0.9117801832505706,0.011864115910528779,0.07635570083890066
2,0.16413175187567752,0.009855503563644051,0.8260127445606784
0,0.49008074972156174,0.025699224987790304,0.48422002529064795
1,0.129024509185897,0.004380787010911898,0.8665947038031911
2,0.13514026062722193,0.11563321853836446,0.7492265208344135
0,0.8709718161936483,0.013826042505009618,0.11520214130134204
2,0.3156964690851186,0.014106099230888233,0.6701974316839932
0,0.9271788964886722,0.012695042189808629,0.06012606132151903
0,0.7977281039019267,0.02770072631346747,0.17457116978460588
0,0.9464285961027592,0.007149643830731259,0.04642176006650962
2,0.01958899135545396,0.0037583455727321353,0.976652663071814
0,0.9663983078543689,0.003628716991471964,0.029972975154158987
2,0.4993027517435734,0.07788241718592746,0.4228148310704991
0,0.9409618078446536,0.010224732382831688,0.04881345977251483
0,0.9317208938966005,0.013172055473945279,0.05510705062945416
2,0.5577020774482336,0.12216450223821464,0.3201334203135517
2,0.016845848533415333,0.0561762516060484,0.9269778998605364
0,0.5404172505500839,0.10086245793555863,0.3587202915143574
0,0.9079804261252243,0.020518722330688795,0.07150085154408689
0,0.9261397080545303,0.012267572112784666,0.06159271983268511
0,0.9069232755969422,0.015919015798029925,0.07715770860502784
2,0.978945215526206,0.0011353205116470281,0.019919463962147103
0,0.9535373812559262,0.0066837776329956525,0.03977884111107811
0,0.4540822333324996,0.1273542443767144,0.4185635222907862
0,0.5118967814707024,0.14767086740863458,0.340432351120663
0,0.7264155225277552,0.022579523665951316,0.2510049538062934
1,0.5877078545974416,0.12600378915661833,0.28628835624594007
0,0.926283829703898,0.013906158739174094,0.05981001155692789
0,0.06160218034930733,0.004693363702768183,0.9337044559479245
0,0.378149242060454,0.09189787006692021,0.5299528878726257
0,0.9244594390891213,0.004606816554065251,0.07093374435681349
0,0.11604694925091043,0.033389353120173715,0.8505636976289158
0,0.8696719148642014,0.03309889625109871,0.0972291888846998
2,0.4905521234965211,0.03352698747648883,0.4759208890269901
2,0.01971411068240593,0.010513744109152408,0.9697721452084416
2,0.9249286635528069,0.013764063912926488,0.06130727253426654
2,0.2182787018558404,0.06605650907309318,0.7156647890710665
2,0.8652325679638805,0.03923280735845476,0.09553462467766467
0,0.9496832742162851,0.00771060964122656,0.04260611614248818
2,0.7429291369892705,0.02081384900674025,0.2362570140039893
0,0.5176228981108834,0.14503283580000192,0.33734426608911466
0,0.9461478420647508,0.00713840554632742,0.04671375238892171
0,0.904527797204409,0.021709155220528166,0.07376304757506273
0,0.9267831207792635,0.014131981765618008,0.05908489745511843
2,0.0448901780390742,0.14871957543606276,0.806390246524863
2,0.8803839315849066,0.025330344391261913,0.09428572402383147
0,0.9508560824758833,0.004213261199245715,0.04493065632487112
1,0.7851834219232191,0.05802915480939983,0.15678742326738115
0,0.9171375821053339,0.012782674862327205,0.07007974303233895
0,0.7090638541146889,0.060462418090282584,0.23047372779502856
0,0.9260454319115796,0.010287778951229051,0.06366678913719129
2,0.005759647202983157,0.029123497508425945,0.9651168552885909
0,0.8583862080837833,0.03437651035053421,0.10723728156568242
2,0.11819117367014183,0.01153061844334547,0.8702782078865128
2,0.8990146744262746,0.014493627005290473,0.08649169856843496
2,0.19825316129929121,0.13365206884693007,0.6680947698537788
0,0.23472272270524133,0.030974497690081194,0.7343027796046775
2,8.228417684141825e-05,0.00027478654527114313,0.9996429292778874
2,0.8245286805504897,0.060486197029999925,0.11498512241951045
0,0.907683061638712,0.016939711155631417,0.0753772272056566
0,0.3364217790273362,0.06583116776149112,0.5977470532111726
0,0.9133716769906746,0.018473225450767374,0.06815509755855814
0,0.03498574247851141,0.008254146599986191,0.9567601109215025
0,0.9491179029710464,0.006481968481025544,0.0444001285479282
0,0.2847863328576358,0.09585673946504246,0.6193569276773218
1,0.13999552601245097,0.15675224521960432,0.7032522287679447
0,0.7850827063348386,0.005086497635674225,0.20983079602948723
0,0.6674258000123431,0.052330347359393514,0.28024385262826323
2,0.14042978903779374,0.009768361541997906,0.8498018494202083
0,0.42928549565301466,0.06823065626693324,0.5024838480800521
0,0.9119968349499272,0.020326642157300897,0.06767652289277193
0,0.9856606643248578,0.0006787204128498001,0.01366061526229248
2,0.9316178353847561,0.010640665082359016,0.05774149953288499
0,0.9620230295093974,0.004579883734728594,0.033397086755873814
2,0.3480133563579091,0.028011091706679363,0.6239755519354117
2,0.6333962826224928,0.16264727138690072,0.20395644599060647
2,0.07477153504567487,0.0070248435626429654,0.9182036213916821
2,0.0015104628914320028,0.011347775200788595,0.9871417619077795
0,0.7700410913631245,0.023271881591936452,0.206687027044939
0,0.9114953080192731,0.013786084035891237,0.07471860794483563
2,0.0017320986358575368,0.0010909078106357798,0.9971769935535068
2,0.5829230026762914,0.08522136666468652,0.331855630659022
0,0.9460685487721083,0.006164758317377056,0.04776669291051465
0,0.9816460749126309,0.0011130448086320646,0.017240880278737148
0,0.9075889672645548,0.01955301852065706,0.07285801421478827
0,0.14606470060963114,0.13976964697467864,0.7141656524156903
0,0.8457261291244945,0.04898673363476155,0.10528713724074396
0,0.805170788792673,0.010887748685715242,0.18394146252161173
0,0.9548578226634501,0.005152118865229093,0.03999005847132075
0,0.8240380699791119,0.017714774710100526,0.1582471553107876
1,0.5458049262260404,0.26405217691813226,0.1901428968558274
0,0.17132416671865386,0.12557506392061046,0.7031007693607356
0,0.8099449170455061,0.06878491514344333,0.1212701678110508
0,0.7036632679870785,0.06796773210959266,0.22836899990332885
2,0.0034166206129382284,0.027125991281908686,0.969457388105153
2,0.6628301926867335,0.06743983972152556,0.2697299675917409
0,0.7481033148705548,0.04185482530781966,0.21004185982162552
0,0.9372222548163426,0.010434652371204849,0.05234309281245266
2,0.1595264730214268,0.10342647838186701,0.7370470485967061
0,0.9344755976666852,0.008144499981619722,0.0573799023516951
2,3.134208054650085e-05,0.0008084967988515629,0.999160161120602
0,0.9581880211233067,0.0027825927101354075,0.03902938616655789
2,0.8988410498261548,0.024163989841337854,0.07699496033250722
0,0.7301987051332908,0.07592967727001003,0.19387161759669927
0,0.49924350397886147,0.03689401382968226,0.46386248219145637
2,0.0038227181290322295,0.001726268697540883,0.994451013173427
0,0.9191663799990493,0.014470959598531653,0.06636266040241909
