target,prediction_0,prediction_1,prediction_2
2,0.1320565197671856,0.05822897784722708,0.8097145023855873
0,0.8144562828640615,0.022554064972862064,0.16298965216307684
0,0.9039287065583205,0.016921263182421813,0.07915003025925771
2,0.22456597065744563,0.1018705618874652,0.6735634674550892
0,0.6660883765321729,0.03527096247320257,0.29864066099462444
0,0.751637589037955,0.02269504935526534,0.22566736160677972
0,0.8592577799244843,0.03470117047266091,0.10604104960285476
2,0.046631696396975286,0.03471846261278655,0.9186498409902382
0,0.9295617412053273,0.011302895857392891,0.05913536293727987
1,0.3503034330239187,0.053074543114352606,0.5966220238617292
2,0.07582877324571505,0.021048798741000845,0.9031224280132841
0,0.7860601664182071,0.021461545629277462,0.1924782879525153
0,0.8114208217018376,0.021792443225061013,0.16678673507310102
0,0.8874727784643349,0.015588382554382847,0.0969388389812819
0,0.8796790232778898,0.023586497076155875,0.0967344796459545
2,0.3656122236713355,0.0626998544085528,0.5716879219201115
0,0.8649958526632852,0.018238119439321094,0.1167660278973937
2,0.6766621510111515,0.0825296128579245,0.24080823613092386
0,0.8944152675971665,0.021046027251867057,0.08453870515096656
2,0.3718598960368877,0.06665831670634606,0.5614817872567659
0,0.7955944222829269,0.026981650852880987,0.17742392686419253
1,0.5131838254835375,0.08864075589197284,0.39817541862448974
2,0.12152536383569848,0.05781618542044378,0.8206584507438577
0,0.9136491601533612,0.016086004673221067,0.07026483517341758
0,0.5933133439716829,0.06785538236824343,0.33883127366007365
0,0.9120342837617393,0.017225610993307747,0.07074010524495236
0,0.9322088039504708,0.010322448240465404,0.057468747809063754
0,0.9344566454447548,0.01095971743831428,0.05458363711693073
0,0.5684948021646382,0.052452296339517854,0.37905290149584403
0,0.9061579695076954,0.01793361386176807,0.07590841663053577
2,0.22202087550277008,0.07241727113173158,0.7055618533654985
2,0.2717961434767845,0.036568388289113685,0.6916354682341016
0,0.4331859299710087,0.10716614747654536,0.4596479225524462
2,0.4855452019971272,0.05516106887475594,0.4592937291281169
0,0.7880802979441818,0.038112109854524415,0.17380759220129377
2,0.20932098557096174,0.04867904524463918,0.741999969184399
2,0.5878592726663738,0.036003454856797144,0.37613727247682927
0,0.8649706754033403,0.03444124095549529,0.10058808364116463
0,0.4778320451673837,0.04087819369368484,0.4812897611389317
0,0.48031159934750167,0.027751563576862325,0.49193683707563596
0,0.895171192397614,0.015130520370665547,0.08969828723172041
2,0.3471791897075059,0.1526932316148644,0.5001275786776296
0,0.8346433535990258,0.0253635158483518,0.1399931305526224
0,0.9297984104543646,0.010365376785695785,0.05983621275993959
0,0.9367454126107394,0.010526810245576562,0.052727777143684346
0,0.7471669395497751,0.03280992046869511,0.22002313998152984
0,0.8630991131491289,0.011257857771771403,0.12564302907909966
2,0.7726097832713825,0.03338005263147629,0.19401016409714109
0,0.7634440781340571,0.01999335249206452,0.21656256937387774
2,0.4684303027011412,0.06982725209367094,0.46174244520518765
0,0.8774849691809481,0.032034582487625585,0.09048044833142642
0,0.9263910737934913,0.014987122924282123,0.05862180328222663
2,0.03450210378681627,0.19251796090105047,0.7729799353121332
2,0.39663703547922285,0.05348533021683662,0.5498776343039405
2,0.4024910126381079,0.04233224729152392,0.5551767400703683
0,0.9110029664929058,0.015338492985078165,0.07365854052201627
0,0.7889308040926594,0.04168209143218126,0.1693871044751594
0,0.6293300839626201,0.1013162112651161,0.2693537047722637
0,0.9053819257407071,0.013535936848896132,0.08108213741039683
0,0.8761979623997065,0.03250285438388655,0.09129918321640676
1,0.6759248096824005,0.04451736813172264,0.279557822185877
2,0.7077785727963024,0.035753430947071466,0.256467996256626
0,0.8027003699773989,0.029201731594371526,0.16809789842822898
2,0.03695979406607913,0.02198164097340211,0.9410585649605184
2,0.21758311969728214,0.053271508920635625,0.729145371382082
2,0.0063675548589341695,0.0016420361247947454,0.991990409016271
1,0.8061417094125166,0.021639612780855657,0.1722186778066277
2,0.4042255552600243,0.039512750206719176,0.5562616945332559
2,0.18467303617526376,0.0713873354086589,0.7439396284160773
0,0.798745411735354,0.02741497977196988,0.17383960849267624
0,0.9456537433226891,0.005197407028843822,0.049148849648466976
0,0.8437001234645021,0.02459492228457789,0.13170495425092013
0,0.9298263065829989,0.018563263646404052,0.051610429770597065
0,0.9241214567632706,0.018431642833422798,0.05744690040330628
2,0.0,0.0035230394605394602,0.9964769605394606
2,0.09529938119406785,0.018665656480636297,0.8860349623252951
0,0.9292888176379972,0.010508547544268287,0.06020263481773429
0,0.46211983224895564,0.041658462956292594,0.49622170479475175
0,0.8385110550186515,0.009909959336313107,0.15157898564503566
0,0.7845521670842355,0.023877606592473725,0.1915702263232908
0,0.5855119297105078,0.0481869384444775,0.3663011318450149
2,0.8757513096138975,0.01608059065188219,0.10816809973422024
1,0.6439799082488227,0.020682688125518787,0.33533740362565856
0,0.7566132245929312,0.03660753055773848,0.20677924484933016
0,0.745559286550717,0.03164584231803925,0.22279487113124352
2,0.6184366562619392,0.06646254530750755,0.3151007984305532
0,0.9319205072798252,0.011657391008784122,0.05642210171139029
2,0.20603262697011412,0.10599519829634914,0.6879721747335368
0,0.9280006050685019,0.013411022859323477,0.05858837207217459
0,0.6977600447865748,0.03429786166576359,0.26794209354766146
0,0.8102203609052925,0.010958904109589041,0.17882073498511858
0,0.6519978976307437,0.0518175479108242,0.2961845544584323
0,0.7765247531981118,0.03352312088565588,0.18995212591623234
0,0.9372465057430156,0.01298281641375102,0.049770677843233614
0,0.9327979043919989,0.013409165469693203,0.053792930138307604
0,0.8957157583786476,0.007077331411531443,0.09720691020982072
0,0.9328422700842024,0.009440321709311101,0.05771740820648627
2,0.04050611538096452,0.04628542146607631,0.9132084631529591
0,0.875474784495777,0.037091501520747854,0.08743371398347527
0,0.6638716813992213,0.05191540991322676,0.2842129086875523
2,0.010505319148936171,0.0859302753983605,0.9035644054527033
2,0.007699049821058708,0.003935329021386602,0.988365621157555
2,0.04217863109425372,0.04964877264151327,0.9081725962642331
2,0.09424409968737268,0.042809910945172176,0.8629459893674551
0,0.9308606243053394,0.010989399767849324,0.05814997592681098
0,0.9221255093606856,0.017737240605311667,0.06013725003400271
0,0.9225476045060623,0.014933987133851336,0.06251840836008651
2,0.5790101276833485,0.07807588293755238,0.34291398937909917
0,0.5704375909421544,0.05262446217070413,0.37693794688714166
2,0.15638313462827944,0.05275157085175903,0.7908652945199613
0,0.904994574009563,0.02408285638684355,0.07092256960359355
2,0.25776382468935144,0.07108131571573642,0.6711548595949123
0,0.8203318165175919,0.022386961739943492,0.15728122174246464
2,0.18104748379370783,0.05593363884962912,0.7630188773566634
0,0.9204946600148508,0.013714572597548038,0.06579076738760117
0,0.49465913997065053,0.034058842720649365,0.4712820173087001
0,0.9288275838539685,0.009540896487703752,0.0616315196583278
0,0.9283729727603004,0.010888186623646138,0.0607388406160535
0,0.9244211402790259,0.01664613619395318,0.058932723527021016
2,0.5417708796067083,0.06536598661054432,0.39286313378274723
0,0.9113347719184532,0.01388724689646469,0.07477798118508208
0,0.9069751011164685,0.020729450253798284,0.07229544862973313
0,0.7483774767568299,0.034834617669932316,0.21678790557323763
0,0.9388942951373036,0.007299206633030217,0.05380649822966632
0,0.7219798278562317,0.022933388012619925,0.25508678413114794
0,0.7030354423640338,0.06169399361477785,0.23527056402118834
0,0.8278870095374541,0.02047609703286496,0.151636893429681
0,0.8400190442384464,0.01775256164262965,0.1422283941189242
2,0.3154070566477875,0.0754966143124367,0.6090963290397757
0,0.8820436202338491,0.02491028779431565,0.09304609197183514
2,0.18590192121066684,0.02890908047120467,0.7851889983181284
0,0.6394514125424584,0.03214477823389647,0.32840380922364487
2,0.06261493994887048,0.04597625449158878,0.8914088055595414
0,0.8583297715709612,0.0395907026211227,0.1020795258079161
2,0.7165892215372984,0.08878276264269812,0.19462801582000297
2,0.5101048504921533,0.019060291178600964,0.4708348583292457
0,0.6967336688775269,0.0750046871523645,0.22826164397010862
0,0.9456537433226891,0.005197407028843822,0.049148849648466976
0,0.9345553966149593,0.012413040229074409,0.053031563155966265
2,0.7359920376723377,0.02343338332990402,0.2405745789977583
0,0.5122465065678035,0.07543167815949302,0.4123218152727034
0,0.34861904120493026,0.061660674885335755,0.589720283909734
0,0.7687791782949055,0.03561852569293127,0.19560229601216295
0,0.39271141815877714,0.03836693145737697,0.5689216503838458
0,0.8114958894899493,0.030011483567148726,0.1584926269429021
0,0.9091350710872323,0.006985903485843418,0.08387902542692412
2,0.19819939696622837,0.059151879759069124,0.7426487232747029
0,0.9117732398502744,0.01805428935083265,0.07017247079889294
0,0.7861173715503551,0.04211484246650347,0.1717677859831414
2,0.2667878927223616,0.06337885944201269,0.669833247835626
0,0.9332846242385067,0.009971942837862388,0.05674343292363101
2,0.3543655202355189,0.05808999237868344,0.5875444873857976
0,0.9376570637243434,0.012527487115563878,0.04981544916009273
0,0.8797939220333955,0.015873172723778323,0.10433290524282621
0,0.5021668375936401,0.028969511711433756,0.46886365069492614
0,0.6908206819894798,0.0290925640244977,0.28008675398602195
2,0.15035622180707914,0.05039817765176733,0.7992456005411537
2,0.04582067176211559,0.0023457658925639217,0.9518335623453203
2,0.7409096709969402,0.021866247220834995,0.23722408178222504
0,0.9169853441251481,0.014048528588847276,0.06896612728600446
0,0.11506313024009171,0.04595235347277527,0.8389845162871332
0,0.9395541905934647,0.008874402803844869,0.05157140660268996
2,0.7856870521350153,0.02490779718804152,0.18940515067694322
2,0.7386922224802225,0.03361434695682035,0.2276934305629568
0,0.760602355481085,0.02257884558835993,0.21681879893055503
2,0.39974588069623446,0.06461680940693551,0.53563730989683
0,0.9214310204879183,0.015346339456017443,0.0632226400560641
2,0.02862841447375114,0.007844472776835193,0.9635271127494136
2,0.7327410490399735,0.02166261578119347,0.245596335178833
0,0.909292178624405,0.01550461863286857,0.07520320274272664
0,0.5682415617405968,0.07569258097615678,0.35606585728324675
1,0.39265994086161443,0.0674633616761688,0.5398766974622168
2,0.26419156660760296,0.04799826714119593,0.6878101662512008
0,0.738767458711026,0.02739825933546049,0.23383428195351358
2,0.3645427977846324,0.08848399196259459,0.546973210252773
2,0.1486017946607346,0.0559210287410745,0.7954771765981908
0,0.9323590055742411,0.008833605578347344,0.05880738884741138
0,0.19049409445793672,0.04044028963725588,0.7690656159048074
2,0.3088250413791246,0.06144134450250182,0.6297336141183737
0,0.9216066453981516,0.008962455270745746,0.06943089933110273
0,0.38559862255668725,0.05799061947458048,0.5564107579687322
0,0.5554094242751247,0.07250564758630137,0.37208492813857397
2,0.028015499285660574,0.002331002331002331,0.9696534983833369
0,0.9323804827117662,0.006447644447912409,0.06117187284032134
2,0.3495002901996729,0.0856512119683443,0.5648484978319821
2,0.5123661019515958,0.04565665563930586,0.44197724240909825
1,0.6175056957816978,0.09008238524679066,0.29241191897151153
0,0.39668939136647297,0.040301384351902135,0.5630092242816251
2,0.4997197700044186,0.0430702842496898,0.4572099457458916
2,0.482812884990345,0.11012522118326153,0.40706189382639346
0,0.6205785764217069,0.04014740102208529,0.3392740225562078
0,0.9403460980972517,0.011500341626268094,0.048153560276480295
0,0.5803304086940483,0.04425317827297191,0.37541641303298023
2,0.3352365929411467,0.06449342982671548,0.6002699772321378
2,0.36254010760877275,0.05286289459208559,0.5845969977991416
0,0.9332846242385067,0.009971942837862388,0.05674343292363101
0,0.5608350189023039,0.06016552668419252,0.3789994544135036
0,0.9299506745849698,0.013329011149918064,0.056720314265111746
2,0.6993745271614915,0.027703642654913666,0.27292183018359495
0,0.9141592544054896,0.011665870404563322,0.07417487518994693
0,0.8777778566700306,0.016988825422992192,0.10523331790697708
0,0.9199322845663936,0.01567352239838934,0.06439419303521703
2,0.8012651503291175,0.025691583490917793,0.17304326617996535
0,0.929876470825897,0.015001061951572263,0.055122467222530516
0,0.7600296372719488,0.015605610367065153,0.2243647523609859
0,0.22221837115412962,0.040879106703410106,0.7369025221424602
0,0.8952675441203332,0.008255413737062236,0.09647704214260465
2,0.4015340530234147,0.0527130277130277,0.5457529192635576
0,0.9324181279580169,0.011724271964597232,0.05585760007738587
2,0.051039114087122694,0.012475535137821155,0.9364853507750562
0,0.9250781165307066,0.012662326936975813,0.0622595565323175
2,0.8306905694383453,0.0390317004640576,0.13027773009759702
2,0.1168620533932064,0.07857452017404844,0.8045634264327453
2,0.18088411170723045,0.019173546092008706,0.7999423422007609
0,0.703077764558359,0.034430527884307255,0.2624917075573338
0,0.8472217634212508,0.03456794414593231,0.11821029243281708
0,0.9185763814540592,0.013331713929476723,0.06809190461646356
0,0.6428188582812547,0.042032408119342196,0.3151487335994031
2,0.8687610890169517,0.010467147103713286,0.12077176387933608
0,0.9175446849820198,0.017270932766019754,0.06518438225196045
0,0.34984926229533575,0.0728344273584328,0.5773163103462311
0,0.94599741121549,0.0025962509594796594,0.05140633782503029
2,0.8935692514509552,0.018902801706128437,0.08752794684291629
2,0.39271141815877714,0.03836693145737697,0.5689216503838458
2,0.16128789036178692,0.044229719947787946,0.7944823896904256
0,0.9257162323943595,0.01401630324472308,0.06026746436091748
0,0.9096641856170782,0.01831294356057995,0.0720228708223421
2,0.48151363956203797,0.02494099506075716,0.4935453653772048
2,0.10419660748608117,0.03884364904101746,0.8569597434729014
2,0.28905435363051846,0.07330193856717625,0.6376437078023054
0,0.8305082345482155,0.021635664725502986,0.14785610072628141
2,0.04623792418853607,0.0206016562459652,0.933160419565499
0,0.8525458055933767,0.04064490403603931,0.10680929037058372
0,0.9104481289036659,0.023510785601495447,0.0660410854948384
0,0.26862756808408983,0.044520425226946964,0.6868520066889633
0,0.589602635498707,0.029725652839349852,0.3806717116619434
2,0.5230204584711301,0.03686861848229445,0.4401109230465754
2,0.9153396361386079,0.00937478185203538,0.07528558200935676
0,0.9429757384836702,0.0072302386727706594,0.04979402284355911
2,0.6883152259277604,0.022794359127564997,0.2888904149446745
2,0.2600468231184688,0.04973534445215307,0.6902178324293782
0,0.9243124346348911,0.014404396335162363,0.06128316902994572
0,0.9390631902679584,0.00890602941991788,0.05203078031212341
0,0.9167393643186187,0.007856531954101088,0.07540410372728008
0,0.8528520584641195,0.035092348096062834,0.11205559343981775
2,0.03433007497290094,0.03387299890814762,0.9317969261189514
0,0.47895043136858456,0.07435502125580995,0.4466945473756056
0,0.7838131523504295,0.028723544160459438,0.18746330348911114
2,0.17992217193128618,0.032682324774075004,0.7873955032946388
0,0.9153150298111704,0.011940662846984458,0.07274430734184525
0,0.2633550487623324,0.07041527120081902,0.6662296800368485
2,0.34087609657006995,0.031046154100440787,0.6280777493294891
2,0.11472959720404337,0.04214108529125545,0.8431293175047015
1,0.5553748480047481,0.030794724169087927,0.41383042782616364
0,0.9337086505296632,0.01075200097434657,0.05553934849599003
0,0.8744045142038464,0.015542877591006211,0.11005260820514758
2,0.3561805183495397,0.060141323452763074,0.5836781581976973
0,0.9057958379697728,0.015601135815680211,0.07860302621454708
0,0.94599741121549,0.0025962509594796594,0.05140633782503029
1,0.26185432599806785,0.09214812501836944,0.6459975489835632
0,0.7695531380597375,0.03185803621888462,0.19858882572137776
2,0.37120902739467476,0.07960020942912055,0.5491907631762049
0,0.1994741073030308,0.054706438903611786,0.7458194537933573
0,0.9316921233167342,0.0139384016620092,0.054369475021255685
2,0.2084936297161016,0.051093535677805335,0.740412834606093
0,0.5415698115534786,0.04449084434814927,0.41393934409837224
0,0.558257056643159,0.09495124651794977,0.346791696838891
0,0.6621677466505498,0.030336561046138726,0.3074956923033115
2,0.5189251329466606,0.07413739958770817,0.40693746746563125
2,0.019485969249972996,0.025963779809933654,0.9545502509400934
0,0.7768897437764155,0.060303031978525344,0.16280722424505886
2,0.2328642252153698,0.036094036913036,0.7310417378715941
0,0.922077911379841,0.014647687604066466,0.06327440101609173
2,0.29859061066619014,0.12885056430952557,0.5725588250242841
0,0.8830558882549773,0.015742142451852854,0.10120196929316988
0,0.7005458853965397,0.07301712613229619,0.22643698847116367
2,0.75837518767816,0.03340698287310334,0.20821782944873654
0,0.6353512696867127,0.062353769648073445,0.3022949606652138
2,0.6316877972920908,0.03705540197038714,0.33125680073752223
0,0.9231443988773278,0.010278037224387472,0.0665775638982847
2,0.9381096547807175,0.00832903369179123,0.05356131152749144
0,0.8455336310888294,0.028949903867380288,0.1255164650437908
0,0.9159802632250101,0.010149542336622536,0.07387019443836686
0,0.5896986348065101,0.06870357653384496,0.3415977886596451
0,0.9260319054738423,0.013046026621395668,0.06092206790476129
2,0.1414945984640654,0.04112915601784201,0.8173762455180927
0,0.4201278064215772,0.05801077221826601,0.5218614213601569
0,0.8867118471591139,0.006783604877177591,0.10650454796370852
2,0.07281924592526237,0.036108584081338914,0.8910721699933988
0,0.9276940007358118,0.012533860958883395,0.05977213830530485
0,0.9172292251617093,0.014800933412692058,0.06796984142559845
0,0.8584970956499418,0.0275278981650971,0.11397500618496122
2,0.21499676913227356,0.10559289315693837,0.6794103377107882
2,0.012366625310173697,0.0044537761659349745,0.9831795985238914
2,0.30913357387852536,0.023092872237798684,0.6677735538836761
2,0.25374482505623286,0.055885698978948205,0.6903694759648191
2,0.5306636281726862,0.04628790928609769,0.4230484625412162
2,0.5283152520012371,0.0570065093409021,0.41467823865786085
0,0.8193073030343314,0.027257770764351867,0.15343492620131666
0,0.919911166083459,0.0118460386929547,0.06824279522358617
0,0.9272663180243778,0.014951548476869449,0.05778213349875279
1,0.5584362526174759,0.11002198130173425,0.3315417660807899
1,0.8150658128158064,0.027122478417264055,0.15781170876692993
0,0.8278449576969457,0.019239166021675986,0.15291587628137812
2,0.10331053911049554,0.04149544756111379,0.8551940133283905
2,0.839519942289974,0.01451021148114666,0.14596984622887962
0,0.5425389642100112,0.09249454293184875,0.36496649285814
0,0.923020903067189,0.010153994965444741,0.06682510196736645
0,0.9074768290450124,0.011373179000340258,0.08114999195464741
2,0.3189481476583371,0.07601000765715085,0.6050418446845122
0,0.5469617909974119,0.036224895742477524,0.41681331326011045
0,0.8881807300638506,0.017017859111097475,0.09480141082505203
0,0.8814979953041088,0.01905568671818762,0.09944631797770331
2,0.7623377700970064,0.024428520103623126,0.21323370979937029
0,0.9012293759795217,0.0266945257575607,0.07207609826291747
0,0.9329596851187082,0.012668411006076852,0.054371903875214234
0,0.555755451494414,0.07952287883920073,0.36472166966638514
0,0.8644773273011159,0.028534542798475355,0.10698812990040867
0,0.8072135130453302,0.0196493848522542,0.17313710210241554
2,0.5231921160898338,0.08183829812956447,0.3949695857806017
0,0.9260673342344223,0.009092100184636092,0.06484056558094156
0,0.8633361477467834,0.03265942321239677,0.10400442904081988
0,0.8081267635131567,0.019220578419344284,0.17265265806749885
2,0.6876076825651282,0.037809759682635086,0.2745825577522367
0,0.5013401981757993,0.04006564583964037,0.45859415598456044
0,0.5668904660937304,0.05672249725877517,0.3763870366474945
2,0.1542610047244792,0.08234239492165721,0.7633966003538634
0,0.7906098327477185,0.01822714832605049,0.19116301892623117
2,0.22544007392834092,0.0888552689501263,0.6857046571215327
2,0.40722162379924726,0.052314957959903846,0.540463418240849
0,0.9234085647089616,0.016978308696108384,0.05961312659493008
0,0.8120768704402904,0.045260010502212705,0.14266311905749676
0,0.7820488794712248,0.01459967868417568,0.20335144184459955
2,0.6330633578760394,0.06908322037211258,0.2978534217518481
0,0.8182103423925495,0.061744973190914335,0.1200446844165362
2,0.7769661375376802,0.03422849653239031,0.1888053659299296
2,0.58721003868411,0.04778671489347725,0.36500324642241283
0,0.9181832993200923,0.007915326333780445,0.0739013743461272
0,0.8871681146000362,0.017551346110755994,0.09528053928920793
2,0.11409796263591175,0.08031537228060089,0.8055866650834874
0,0.5275242940421505,0.053435689126191586,0.4190400168316581
0,0.6091919082151603,0.02318750722592794,0.3676205845589119
0,0.7234784855469257,0.03490320405675694,0.24161831039631754
0,0.9127357046600084,0.015757851571819827,0.07150644376817179
0,0.5543898769964426,0.02844277153057867,0.41716735147297873
2,0.12749950127272108,0.055054549691973625,0.8174459490353051
0,0.9294715733671983,0.009066434807575664,0.061461991825225985
0,0.691910168077632,0.0672959178277865,0.24079391409458162
1,0.32462139308488136,0.05866517907490784,0.616713427840211
0,0.6613990684708669,0.027021524467837985,0.3115794070612951
2,0.5736900394065213,0.030246191204726953,0.39606376938875193
2,0.3689054880955974,0.05197168910375571,0.5791228228006471
0,0.8705492448849244,0.015639969939599575,0.11381078517547566
0,0.9226748878006507,0.013210709968522437,0.06411440223082704
2,0.07154759228727807,0.03267133267365245,0.8957810750390697
0,0.9099803995418967,0.014681364086728665,0.07533823637137481
2,0.11518279401275028,0.0387402416186698,0.8460769643685804
0,0.9365710877871806,0.0025962509594796594,0.060832661253339824
0,0.8389139368061849,0.031587525023114064,0.12949853817070114
0,0.7346880926839612,0.029135415762765387,0.23617649155327353
0,0.939185837186924,0.008595465281271007,0.05221869753180489
2,0.32899963574716806,0.07773059154778339,0.5932697727050482
0,0.9229751367844965,0.011110740085852961,0.06591412312965045
0,0.8605407354320779,0.021801562758742486,0.11765770180917957
0,0.7625844552551347,0.02487829123309548,0.21253725351176986
0,0.8795045534325193,0.013034679522398432,0.1074607670450816
2,0.41666570559322796,0.04044493042223467,0.5428893639845374
0,0.832074906051268,0.043591997426126405,0.12433309652260569
0,0.41815924265601134,0.07213984950591133,0.5097009078380771
0,0.6814786145864963,0.04568959731780387,0.2728317880956998
0,0.8568896737464109,0.03136586245399164,0.11174446379959736
2,0.3754445304830356,0.06004025825574527,0.5645152112612191
2,0.41457946304794563,0.04527723977170609,0.5401432971803483
0,0.48841017276822846,0.014453244173760926,0.49713658305801056
0,0.8226586533617934,0.032520823215653895,0.14482052342255256
2,0.5560322590536446,0.06033116818962622,0.3836365727567291
0,0.8695348862188523,0.027235957153549085,0.10322915662759868
0,0.9325077223151713,0.01317931705196853,0.054312960632859834
0,0.9215421617383949,0.01733973165945385,0.061118106602151306
0,0.9339482397065323,0.01182935585661772,0.05422240443684942
0,0.9388451045188344,0.010055731086910605,0.05109916439425481
0,0.6675464394933822,0.029391562702499777,0.30306199780411797
2,0.1262494495319341,0.06509887318670086,0.8086516772813649
0,0.7447749784012542,0.02169755638904115,0.23352746520970472
0,0.6936671292069257,0.0394242366825481,0.266908634110526
2,0.4548362933144845,0.05312202874266843,0.49204167794284714
2,0.44730280851376586,0.051265736348331016,0.501431455137903
2,0.4345154227729082,0.07096430120251938,0.49452027602457227
0,0.4558076839617696,0.04980621164350959,0.49438610439472075
0,0.7632678217387754,0.03614331074720665,0.20058886751401786
0,0.9309433420284098,0.012385163275160252,0.05667149469642993
0,0.38937813929670256,0.0683533905274447,0.5422684701758528
2,0.6597303269246598,0.02964274027214388,0.3106269328031961
0,0.895443680572881,0.02745137995019735,0.07710493947692165
2,0.3293600822717556,0.11699381741977813,0.5536461003084661
0,0.852649951318025,0.022773431394180362,0.12457661728779465
0,0.9030437916824972,0.018994555583521203,0.07796165273398166
0,0.3616543438985115,0.05951276640566141,0.5788328896958271
0,0.6113583354010319,0.026152757521535022,0.3624889070774332
2,0.7126999033102963,0.03142322641014,0.2558768702795639
0,0.5554888446982031,0.07634245662253604,0.36816869867926083
0,0.8792392320032516,0.011942652256177948,0.10881811574057047
0,0.5264640452392317,0.06761923673866423,0.40591671802210394
2,0.9331777159754201,0.009592253467661176,0.05723003055691812
0,0.6910655009715695,0.01885225462202025,0.29008224440641067
0,0.5290918078472024,0.10236003878449348,0.36854815336830404
1,0.1423118929109058,0.08375463574628098,0.7739334713428132
0,0.8350129957278573,0.02311021652094655,0.14187678775119614
0,0.9032525514937412,0.025917893566019878,0.07082955494023899
0,0.8885823611731205,0.012615313144462924,0.09880232568241656
0,0.8270492440515451,0.02538685361586096,0.14756390233259395
0,0.9121514537860482,0.014067380243805936,0.07378116597014578
0,0.9290520178540832,0.009601810208099195,0.06134617193781771
2,0.3416399883444139,0.04000160337595313,0.6183584082796327
2,0.31266265585629177,0.042365593876240885,0.6449717502674674
0,0.9008872363933436,0.021351572329536612,0.07776119127711989
2,0.6396194523826484,0.07156538976830867,0.28881515784904294
2,0.3823092371362344,0.10551687541430313,0.5121738874494625
0,0.9161281281892762,0.008442589877915022,0.0754292819328086
0,0.917925266924819,0.014080540836066514,0.06799419223911415
2,0.6630736084651976,0.055581688521390796,0.2813447030134117
0,0.8006773541937342,0.030598516256420048,0.16872412954984578
2,0.24096740817945245,0.03752300571474413,0.7215095861058037
0,0.6273471389256681,0.062255892233622045,0.3103969688407099
2,0.16403071196313118,0.040434403608802585,0.7955348844280662
2,0.05314203406578063,0.030057969178962658,0.9167999967552574
2,0.0016420361247947454,0.0016420361247947454,0.9967159277504104
2,0.07812357412057491,0.07905637025460942,0.8428200556248157
0,0.9298263065829989,0.018563263646404052,0.051610429770597065
0,0.8977342617294097,0.01031425626069344,0.09195148200989647
1,0.47741927878211327,0.06979760750665602,0.4527831137112308
2,0.20002170754186488,0.05886880619441489,0.7411094862637203
0,0.9055642800098327,0.0179923860630209,0.07644333392714643
2,0.6000419012544614,0.04122128193284351,0.35873681681269504
0,0.260013608338934,0.02874145091985122,0.7112449407412141
0,0.6609408431829937,0.028275995734481967,0.3107831610825241
0,0.8425016425065892,0.03321593190770671,0.12428242558570407
0,0.939985124170938,0.008364179881726885,0.051650695947335054
0,0.7887513493424277,0.01313920773076918,0.19810944292680305
0,0.49296188040208716,0.030895258455445936,0.4761428611424669
2,0.21050544228973103,0.066899795182425,0.722594762527844
0,0.9263708845589559,0.014056182553803235,0.059572932887240686
2,0.8694074594746893,0.015219404942994688,0.11537313558231577
2,0.07902719921587845,0.05816443215365048,0.8628083686304711
0,0.9125001351297491,0.0209511568300217,0.06654870804022925
0,0.9368283158830062,0.013385227625811383,0.0497864564911823
0,0.9290870113891696,0.010291742607064986,0.06062124600376559
0,0.9244068957619818,0.014596938793253748,0.06099616544476464
0,0.7826690781349103,0.01569918463336215,0.2016317372317275
0,0.9111007063385429,0.017347865083288037,0.07155142857816897
0,0.8430216971543915,0.039979375396849884,0.11699892744875859
0,0.9386113282480055,0.00924147410702292,0.05214719764497187
2,0.22869225722933123,0.06915099248838162,0.7021567502822871
0,0.8969672667886838,0.024387404999854145,0.07864532821146213
2,0.10971911214281604,0.04206477570306204,0.848216112154122
0,0.7627125422774996,0.02434978057896619,0.21293767714353404
2,0.20732540071703576,0.039291895377666156,0.7533827039052987
0,0.9183966275966587,0.029733880483185156,0.05186949192015649
2,0.03881987577639752,0.0,0.9611801242236024
2,0.396130768349937,0.07146053414868851,0.5324086975013744
0,0.902666986836011,0.0140568769092102,0.08327613625477899
2,0.19756448764244652,0.03596976139853532,0.7664657509590181
0,0.9312412802902411,0.011299949565558636,0.05745877014419956
0,0.8508513050639388,0.015134275625580097,0.1340144193104814
0,0.9121480972072783,0.009441314704625477,0.07841058808809605
2,0.37248373888175407,0.08138939957734909,0.5461268615408965
0,0.925697033849197,0.014661722247369651,0.059641243903433304
0,0.5638267159521042,0.062374782500198976,0.3737985015476969
2,0.17849940525967997,0.07097123871656509,0.7505293560237556
2,0.11103554321661578,0.0809580433363658,0.8080064134470184
2,0.21464975542964562,0.08241014150946722,0.702940103060887
2,0.11121777406894763,0.025012918305764926,0.8637693076252876
2,0.033231531667329325,0.033017413526887904,0.9337510548057827
0,0.6921682198094994,0.02828433209339869,0.27954744809710175
2,0.022101390637642347,0.0,0.9778986093623576
2,0.42156862806069845,0.06644121057196337,0.5119901613673383
2,0.02644224810556297,0.004330373931099884,0.9692273779633371
2,0.030932418126823298,0.025006595010952926,0.9440609868622236
0,0.7542567091902047,0.03872728645049162,0.2070160043593034
2,0.7236540286391676,0.017166501955253037,0.25917946940557945
0,0.8512044147325936,0.03808111423196123,0.11071447103544552
0,0.8992144706502672,0.012249769981130663,0.0885357593686017
0,0.8775252744039552,0.016084986640189026,0.10638973895585593
0,0.7672011721732093,0.03748272876635097,0.19531609906044006
0,0.6400170261814861,0.03572062681556862,0.32426234700294515
0,0.9334515834915449,0.012097644162408386,0.054450772346046734
2,0.15038215190968168,0.06214119979362527,0.7874766482966931
2,0.5253544940139506,0.0871071962265825,0.38753830975946696
2,0.7585721313587184,0.015782503136583817,0.22564536550469796
2,0.2579535735787061,0.04422219930807774,0.6978242271132161
2,0.0037920096369455114,0.0008183306055646482,0.9953896597574899
0,0.9331629271702238,0.011600458675915153,0.055236614153860615
2,0.23587921138571863,0.04850669976608983,0.7156140888481917
2,0.02622222222222222,0.0,0.9737777777777777
0,0.9310316902533899,0.012588851270949847,0.0563794584756604
0,0.7762572435357424,0.03473175817763703,0.1890109982866204
0,0.8243501004606327,0.01925007140860808,0.1563998281307592
2,0.06126267106542979,0.024026356585039304,0.9147109723495315
2,0.11125,0.06774891774891775,0.8210010822510823
1,0.8152341949334015,0.04544396740512782,0.13932183766147055
0,0.3349725798048516,0.03646181815364968,0.6285656020414989
0,0.7625096181826733,0.018875775762361168,0.2186146060549656
2,0.5645273025572123,0.03874379413907421,0.3967289033037134
0,0.9057092571787847,0.019290948628186474,0.07499979419302887
0,0.44560336274323076,0.11544524741134067,0.43895138984542875
0,0.9297870156252604,0.008745271755825994,0.06146771261891278
0,0.5321356360095751,0.06179967303214816,0.40606469095827624
2,0.09924322707215058,0.060863245060417945,0.8398935278674313
2,0.005565870539633658,0.001193863035968299,0.993240266424398
2,0.21529165153921767,0.060409653111926365,0.7242986953488558
2,0.9254464681212643,0.00589265959828724,0.06866087228044844
0,0.6038415818019024,0.03246687117005552,0.3636915470280421
0,0.5894485935877551,0.054433668211545105,0.35611773820069986
2,0.575497148003644,0.04013370016320129,0.38436915183315484
0,0.7914649935094046,0.028661502343756588,0.17987350414683903
2,0.5892275299720022,0.012986072889994977,0.3977863971380028
0,0.9225489871854475,0.012370595901583247,0.06508041691296919
0,0.5532319446163289,0.027015830451801406,0.4197522249318699
2,0.5527622850091365,0.05082927734373738,0.39640843764712624
2,0.6023262677229299,0.031009155176733846,0.36666457710033623
0,0.9016589878600303,0.02137494796809855,0.0769660641718711
0,0.5359360152162006,0.03490876623244892,0.4291552185513505
2,0.535924529450226,0.08493539369864972,0.3791400768511245
1,0.4088601015243053,0.04850819539130004,0.5426317030843947
0,0.7611757534274516,0.012111387868221697,0.22671285870432673
2,0.030124223602484467,0.06544325239977414,0.9044325239977414
0,0.852410320669741,0.010800789869042518,0.13678888946121656
0,0.3022103637333319,0.06433812399385733,0.6334515122728107
0,0.9173311581812872,0.0069673185332686,0.0757015232854443
2,0.13264961308069823,0.03728850359413048,0.8300618833251714
1,0.3801714015876987,0.07873922679451112,0.5410893716177901
0,0.9311760759171812,0.012118132759841456,0.05670579132297724
2,0.25582463152633217,0.03507717069954432,0.7090981977741233
0,0.9115368341424868,0.006700940082424411,0.08176222577508897
0,0.8823938018462888,0.018028040629569496,0.09957815752414179
0,0.6778876931213731,0.03369929699072283,0.28841300988790397
1,0.5831675800366201,0.07719071013728224,0.3396417098260977
2,0.0,0.0,1.0
2,0.3332503228937608,0.06529059070916231,0.6014590863970767
2,0.34039324955945804,0.046335447861530835,0.6132713025790111
2,0.43462141664034704,0.07236150899027165,0.49301707436938114
2,0.22070708310600667,0.06898833642060981,0.7103045804733834
0,0.9227974285597192,0.014237556460306841,0.062965014979974
2,0.48799698247549345,0.06722428278689781,0.44477873473760854
0,0.3777224569837448,0.046208616129293265,0.576068926886962
1,0.3328768108710884,0.045605109049807656,0.6215180800791039
2,0.16940221124571556,0.06600605621345716,0.7645917325408272
0,0.8278551785372884,0.040720663089177316,0.13142415837353466
2,0.05813680494881504,0.038900468117293426,0.9029627269338915
0,0.8818750811953644,0.0260001548201223,0.09212476398451336
0,0.6040500609767107,0.0628497246312639,0.3331002143920255
0,0.9103374000324885,0.021836425951014208,0.06782617401649736
2,0.08181814646966745,0.036355872559789004,0.8818259809705435
0,0.9344422853328438,0.009294400342659253,0.0562633143244971
2,0.34087206060210284,0.04480904945855518,0.614318889939342
0,0.9264605094412183,0.013418220264343928,0.060121270294437375
0,0.8625878684122212,0.029829740481275548,0.10758239110650299
2,0.5303471730232308,0.09068716759609653,0.3789656593806728
2,0.13938794150675404,0.04221208073402335,0.8183999777592226
0,0.5819937008938703,0.0650022983863384,0.35300400071979127
0,0.8840733268806376,0.030266883674998208,0.0856597894443639
0,0.9323098297510513,0.011630688901514292,0.05605948134743465
0,0.91628769487583,0.008668054018086065,0.07504425110608379
2,0.9104379514126315,0.019352037034161832,0.0702100115532068
0,0.9335572037236101,0.012314617634084264,0.05412817864230592
0,0.5837692944677677,0.06021199961632425,0.356018705915908
0,0.5873816590023748,0.10011127633441194,0.31250706466321315
0,0.5059203560460309,0.019805953784728686,0.4742736901692403
1,0.5584796987157365,0.0879400109336795,0.353580290350584
0,0.9331017578171636,0.012575210181650559,0.054323032001185025
0,0.42985524078843274,0.08331712825880375,0.48682763095276355
0,0.3161786900604127,0.05433747574173159,0.6294838341978557
0,0.9305725497563707,0.012141918850303563,0.057285531393325644
0,0.2504774804658706,0.032727959604894594,0.7167945599292349
0,0.8702989767424744,0.027583322073900695,0.1021177011836249
2,0.4326458666723045,0.03435223555375568,0.5330018977739399
2,0.11779191150530283,0.03889452944127181,0.8433135590534253
2,0.8293831814550507,0.02009258470594179,0.15052423383900743
2,0.22592443177034652,0.04801658585477673,0.7260589823748769
2,0.8455522929127826,0.0347719991934979,0.11967570789371972
0,0.9356600460978574,0.01093213509735029,0.05340781880479255
2,0.20817344060257004,0.055447170674641125,0.7363793887227891
0,0.5027239975266395,0.06802566640679204,0.42925033606656854
0,0.9268399931618202,0.0069673185332686,0.06619268830491119
0,0.8946811229223126,0.02188799991841999,0.08343087715926745
0,0.9068982063823543,0.016876680472029473,0.07622511314561627
2,0.1577552410377256,0.07590968399751168,0.7663350749647627
2,0.861556915842835,0.025682194131904895,0.1127608900252601
0,0.9371050888749572,0.009019442274128157,0.05387546885091419
1,0.650468137634886,0.07572464849647716,0.27380721386863677
0,0.9332166484268041,0.01011741995158522,0.056665931621610446
0,0.6930267752608174,0.047723099929818734,0.25925012480936405
0,0.9323590055742411,0.008833605578347344,0.05880738884741138
2,0.0036363636363636364,0.026455026455026454,0.9699086099086098
0,0.9026580674683524,0.0161120727194183,0.08122985981222912
2,0.2751749425610716,0.0554510817022582,0.6693739757366702
2,0.6831166167876681,0.028779519352515957,0.28810386385981607
2,0.2821205892879419,0.11358784344304769,0.6042915672690106
0,0.2335214227353861,0.03895601540096453,0.7275225618636495
2,0.0,0.0,1.0
2,0.5422666503926975,0.07388760752183164,0.38384574208547056
0,0.8941359143028665,0.021734155380480846,0.08412993031665265
0,0.4702174908967443,0.05413226275526775,0.4756502463479881
0,0.919732861417635,0.01690348050851271,0.06336365807385173
0,0.05766494767521996,0.003438778573484107,0.9388962737512969
0,0.9217371762034768,0.008066459158995069,0.07019636463752801
0,0.5485403245149414,0.06620257793866108,0.38525709754639764
1,0.18545957218230102,0.08075233990526501,0.733788087912434
0,0.5884552185065958,0.021684985395945863,0.3898597960974583
0,0.7597115459237782,0.02474547214722416,0.2155429819289976
2,0.3625165939186411,0.0675386774515846,0.5699447286297749
0,0.6192126987099763,0.05955182892179286,0.3212354723682307
0,0.8988932422644925,0.01334483908601138,0.0877619186494956
0,0.9251329003927574,0.013588904063483922,0.06127819554375875
2,0.9304089541241878,0.010870356816390469,0.05872068905942171
0,0.9315618327057756,0.008957021196790845,0.05948114609743358
2,0.37954703694724784,0.050155009793672614,0.5702979532590796
2,0.6418159327846946,0.04942453077206722,0.30875953644323817
2,0.12359388257502474,0.16171438889122033,0.7146917285337548
2,0.06309968616469974,0.004056576032009746,0.93284373780329
0,0.8546944904890984,0.026412103525520276,0.11889340598538094
0,0.9114650246239624,0.010697337595262143,0.07783763778077528
2,0.0,0.0,1.0
2,0.3041667789003991,0.08379118347926916,0.6120420376203317
0,0.8353511832333967,0.02024163826036762,0.14440717850623566
0,0.9312746957135313,0.008919512412701351,0.059805791873767285
0,0.8008459566679073,0.027518611430887928,0.17163543190120442
0,0.5015206485461612,0.07518640442429363,0.423292947029545
0,0.697163466129346,0.04678408523023738,0.2560524486404166
0,0.8063821262360215,0.027856861484760364,0.16576101227921838
0,0.9400729561616334,0.011079322193915357,0.04884772164445128
0,0.8250844460121483,0.0203821411303641,0.15453341285748773
1,0.4923784349924195,0.18928074811917436,0.3183408168884057
0,0.20919616647320635,0.02688762850053173,0.763916205026262
0,0.8401682390871826,0.03237380900262201,0.12745795191019532
0,0.8176491463852623,0.045293541302589016,0.13705731231214874
2,0.020170653417856985,0.0385641472539091,0.9412651993282342
2,0.6088739167799884,0.04827622649620449,0.3428498567238071
0,0.6908518364604029,0.048979246680545964,0.26016891685905086
0,0.9236868453424418,0.01309933298053465,0.06321382167702314
2,0.5405051816019726,0.07617071214427247,0.383324106253755
0,0.9321233702380137,0.008935140969708063,0.05894148879227798
2,0.0003003003003003003,0.0,0.9996996996996996
0,0.9339808896247425,0.009164317529549779,0.05685479284570789
2,0.821865575821248,0.021474626959462915,0.15665979721928908
0,0.5153842257574401,0.06748254437783092,0.4171332298647289
0,0.4442994144173002,0.04584358454056009,0.5098570010421397
2,0.03259019547950638,0.0,0.9674098045204936
0,0.9291385351127035,0.010337202580440278,0.0605242623068562
0,0.9195354823028435,0.009234741767497046,0.07122977592965936
0,0.8187137221341193,0.0280715384369311,0.1532147394289496
2,0.16199697548235895,0.10075535840535761,0.7372476661122837
0,0.7106007321166609,0.026626350750860145,0.2627729171324792
2,0.12769273242969578,0.029276079278276444,0.843031188292028
0,0.7796460305278813,0.027868251023318157,0.19248571844880025
0,0.9300461362767025,0.01153146781423835,0.058422395909058907
2,0.21356686607362482,0.030848461732975313,0.7555846721933999
