target,prediction_0,prediction_1,prediction_2
2,0.26158936347769696,0.05284815884380775,0.6855624776784954
0,0.7141046978796577,0.030936532124191018,0.25495876999615125
0,0.8788643177083827,0.020989427418867976,0.10014625487274915
2,0.6218338500508134,0.059275884215226636,0.31889026573396
0,0.6316125230679207,0.03416351694255583,0.3342239599895236
0,0.6730699128837563,0.031683270676044845,0.29524681644019896
0,0.8775309992157709,0.02209601821797559,0.10037298256625324
2,0.11225249706532137,0.04068252903995512,0.8470649738947237
0,0.9032821340596848,0.017764330250331348,0.07895353568998378
1,0.3631788028854804,0.05096079687678446,0.5858604002377348
2,0.055639445947387796,0.017469903876984792,0.9268906501756274
0,0.7141046978796577,0.030936532124191018,0.25495876999615125
0,0.6908969865323091,0.03169233671987866,0.2774106767478121
0,0.8727535679449071,0.018918397865072167,0.1083280341900206
0,0.8539343205556589,0.024924694168308816,0.12114098527603222
2,0.4649786473343496,0.05120826584376644,0.483813086821884
0,0.8447364619407912,0.027677278302267107,0.12758625975694154
2,0.6478139413297836,0.07802655743642273,0.2741595012337934
0,0.8961924015962714,0.01910754489088664,0.08470005351284174
2,0.40667495736637654,0.0540904227650706,0.5392346198685529
0,0.686461168793178,0.035098445943010814,0.2784403852638112
1,0.49611147654958704,0.05368085109477715,0.45020767235563575
2,0.28761522711130577,0.04058411427195761,0.6718006586167367
0,0.8976822445816108,0.018224414088713795,0.08409334132967555
0,0.636239501547741,0.06957871648642801,0.29418178196583095
0,0.893608255443569,0.01880974439769581,0.08758200015873566
0,0.9032821340596848,0.017764330250331348,0.07895353568998378
0,0.906894321939015,0.015669091560359266,0.07743658650062579
0,0.5585253621627363,0.04825059900756777,0.39322403882969587
0,0.8961894574522252,0.01925338034291179,0.08455716220486294
2,0.3374287243845573,0.05349051804127393,0.6090807575741687
2,0.3765053519848171,0.04214367950536465,0.5813509685098184
0,0.592145417494829,0.06786276819048029,0.33999181431469083
2,0.5006297536489024,0.0628790198259457,0.4364912265251519
0,0.7839859970161811,0.04312345092737163,0.17289055205644743
2,0.31939817914114266,0.048212451450840625,0.6323893694080165
2,0.6370955496199425,0.03690071565300717,0.3260037347270505
0,0.8738394067673547,0.02432643683430182,0.10183415639834338
0,0.5247571653231046,0.03910934170743472,0.4361334929694608
0,0.5377656905367436,0.03986245972497306,0.42237184973828357
0,0.8995254113425476,0.0187278806495907,0.08174670800786167
2,0.4787039327783294,0.07904341759068834,0.4422526496309823
0,0.6945647227170582,0.03219894253587022,0.2732363347470717
0,0.9044188701012534,0.016693487369831,0.07888764252891539
0,0.9035772180527579,0.0181231711706772,0.07829961077656489
0,0.6940801617278953,0.03682581507573243,0.26909402319637227
0,0.8818915697136537,0.01865305051773187,0.09945537976861432
2,0.7019347320377973,0.03858186419368167,0.2594834037685212
0,0.6741818246591409,0.028707862646023496,0.29711031269483557
2,0.5183166176677919,0.056446631591354435,0.4252367507408537
0,0.885285355925646,0.022349186604380747,0.09236545746997343
0,0.9032821340596848,0.017764330250331348,0.07895353568998378
2,0.23950096441987226,0.048290098671101386,0.7122089369090264
2,0.47167904487401513,0.04773752061060318,0.48058343451538177
2,0.5031568578014678,0.032213940874630115,0.4646292013239022
0,0.8973158330772515,0.017936734214052678,0.08474743270869603
0,0.7924950449605112,0.04241751946292457,0.16508743557656438
0,0.6969749084250024,0.0675601999739973,0.23546489160100015
0,0.8961924015962714,0.01910754489088664,0.08470005351284174
0,0.8855725328021241,0.021556208187560072,0.09287125901031584
1,0.5691013745053497,0.04652362687161831,0.384374998623032
2,0.6751020597704332,0.03500332198864191,0.28989461824092494
0,0.6677780870174764,0.03622909513797326,0.29599281784455006
2,0.18681084146236424,0.021107027702048354,0.7920821308355876
2,0.28819549244470266,0.05055394396323105,0.6612505635920664
2,0.011466109767501474,0.007432794351140634,0.9811010958813577
1,0.6951868016239761,0.032707942294143,0.272105256081881
2,0.5247146895677256,0.03648787065067875,0.4387974397815957
2,0.24774696689989165,0.05865036374143896,0.6936026693586694
0,0.7073190924124616,0.03538367348047807,0.2572972341070603
0,0.9041184387119134,0.01667139928647881,0.07921016200160756
0,0.8065055867672466,0.029385136069054185,0.16410927716369922
0,0.9054692533324326,0.016541842975496164,0.07798890369207116
0,0.9024826525612097,0.01797556459141183,0.0795417828473783
2,0.01335120234721806,0.012145843629790862,0.9745029540229911
2,0.2053358309950326,0.0428170428535327,0.7518471261514343
0,0.9008984560197792,0.017524113549511104,0.08157743043070977
0,0.5058035443202107,0.03803716775481667,0.45615928792497257
0,0.7672112511572727,0.02723854214814884,0.20555020669457819
0,0.8754809095175807,0.01713737409223234,0.10738171639018669
0,0.5506046482929483,0.039581852079624835,0.4098134996274267
2,0.8040309359885188,0.02289903429040242,0.17307002972107877
1,0.6500444839747964,0.02598749403981565,0.323968021985388
0,0.7190796574634188,0.041597957022867726,0.23932238551371343
0,0.6604071207534615,0.03461474700995325,0.3049781322365854
2,0.609659411876635,0.03957917831420061,0.3507614098091643
0,0.9062672270457353,0.01742029394980464,0.07631247900446003
2,0.383393872364481,0.05583815952228403,0.5607679681132349
0,0.9032821340596848,0.017764330250331348,0.07895353568998378
0,0.6106702069086193,0.03785363103403685,0.35147616205734394
0,0.7559179546344817,0.026484024823331963,0.21759802054218633
0,0.4582127657635227,0.05465136142430913,0.4871358728121682
0,0.7354901229222207,0.037405508254246184,0.22710436882353302
0,0.9035772180527579,0.0181231711706772,0.07829961077656489
0,0.905520817267165,0.01724468022469002,0.07723450250814443
0,0.7763385515269936,0.03243513168998525,0.19122631678302107
0,0.906894321939015,0.015669091560359266,0.07743658650062579
2,0.0739457727229827,0.03528260844810269,0.8907716188289148
0,0.8747249595187437,0.0245673966623877,0.10070764381886854
0,0.7091567589397084,0.03487584624447734,0.2559673948158142
2,0.12267755489150088,0.04320850784853847,0.8341139372599605
2,0.08043297175770422,0.025713810511026208,0.8938532177312699
2,0.07932056874557021,0.040005063748447645,0.8806743675059816
2,0.16365925387205998,0.04616673834354261,0.7901740077843974
0,0.906894321939015,0.015669091560359266,0.07743658650062579
0,0.898094104402296,0.01807346409419752,0.08383243150350625
0,0.9062901493796117,0.01725986105226639,0.07644998956812192
2,0.5131668994781283,0.053229538641114876,0.4336035618807567
0,0.6058414883615529,0.05290330716324647,0.3412552044752007
2,0.182957818399112,0.06347481081584405,0.7535673707850442
0,0.8826632058801497,0.02020061275967372,0.09713618136017661
2,0.37850212210088935,0.04820284538544384,0.5732950325136669
0,0.6908900773829735,0.0368516876042882,0.27225823501273855
2,0.24797699760741398,0.05197515927434649,0.7000478431182395
0,0.9001864003524821,0.018897079670689387,0.08091651997682849
0,0.5024845337310863,0.03681917742514092,0.46069628884377306
0,0.8864952379058076,0.021670913874679638,0.09183384821951261
0,0.9032821340596848,0.017764330250331348,0.07895353568998378
0,0.8979115613621818,0.019239909720846212,0.08284852891697218
2,0.6206371556429061,0.037058565959304963,0.3423042783977889
0,0.88599822683899,0.019093397367587438,0.0949083757934225
0,0.9024826525612097,0.01797556459141183,0.0795417828473783
0,0.689140295948978,0.03799458203661054,0.2728651220144115
0,0.9035772180527579,0.0181231711706772,0.07829961077656489
0,0.6561407944382097,0.03191803736286511,0.3119411681989252
0,0.779207174323619,0.03786825645536446,0.18292456922101666
0,0.7091987660601253,0.03260183264935766,0.25819940129051716
0,0.7141046978796577,0.030936532124191018,0.25495876999615125
2,0.4793446479849031,0.07199516200362582,0.4486601900114713
0,0.9024826525612097,0.01797556459141183,0.0795417828473783
2,0.27886940801638155,0.04349051942840262,0.6776400725552159
0,0.5997964728804138,0.035580300808081805,0.3646232263115044
2,0.10871171376603557,0.04972580545706838,0.841562480776896
0,0.8886401604820936,0.01934881119667772,0.09201102832122846
2,0.7535836650477665,0.05020296726764182,0.1962133676845917
2,0.5543271730989231,0.03931974281692622,0.40635308408415055
0,0.774774855357889,0.04682938802309301,0.17839575661901805
0,0.9054692533324326,0.016541842975496164,0.07798890369207116
0,0.8834200827665875,0.02025525521065145,0.0963246620227613
2,0.8248815525401786,0.020511685670666212,0.15460676178915517
0,0.4529219625890122,0.06009323080324537,0.4869848066077424
0,0.37441498624072544,0.056881762854151564,0.5687032509051231
0,0.6609450617065726,0.039516009158070325,0.299538929135357
0,0.35702330803469345,0.05251070625846455,0.590465985706842
0,0.7844164337350812,0.03934204971323054,0.17624151655168846
0,0.8792769186144062,0.017907112943884758,0.10281596844170911
2,0.32900890394743143,0.04837756705880493,0.6226135289937637
0,0.8864952379058076,0.021670913874679638,0.09183384821951261
0,0.7856106127063933,0.03099865933473357,0.18339072795887298
2,0.31798435634926925,0.05498078112036793,0.6270348625303629
0,0.9054692533324326,0.016541842975496164,0.07798890369207116
2,0.37400102025001997,0.05660786251040197,0.569391117239578
0,0.905520817267165,0.01724468022469002,0.07723450250814443
0,0.8833889463348722,0.018092729447556636,0.09851832421757116
0,0.6676109123955393,0.031488933535883515,0.30090015406857723
0,0.588520289252854,0.036694299054189326,0.37478541169295665
2,0.2604428480734367,0.07802461344996287,0.6615325384766005
2,0.06846398443541214,0.01940618496584594,0.9121298305987419
2,0.6446884365982647,0.032245789821917024,0.32306577357981825
0,0.9024826525612097,0.01797556459141183,0.0795417828473783
0,0.19054507910533874,0.05007024532995763,0.7593846755647035
0,0.903799187897991,0.017179378854238495,0.07902143324777079
2,0.6944025245466711,0.03411498524164937,0.2714824902116796
2,0.682564107029452,0.03845644612219191,0.27897944684835596
0,0.6858774937983342,0.03142755708494909,0.28269494911671683
2,0.38122031658232186,0.05049443168587438,0.5682852517318037
0,0.9024826525612097,0.01797556459141183,0.0795417828473783
2,0.02460046789866387,0.022372055280968573,0.9530274768203676
2,0.6626746808069958,0.03210674616326862,0.30521857302973565
0,0.9035772180527579,0.0181231711706772,0.07829961077656489
0,0.5890191928825205,0.06406369352098606,0.34691711359649313
1,0.46073860714388154,0.050305429903796876,0.48895596295232163
2,0.3632447739210201,0.04961827973084531,0.5871369463481345
0,0.6606552262021835,0.04005371633234233,0.2992910574654741
2,0.5809818032285196,0.06612852237114669,0.3528896744003337
2,0.29747699551248535,0.050843408668077156,0.6516795958194377
0,0.906894321939015,0.015669091560359266,0.07743658650062579
0,0.31805239978110866,0.05132409184084167,0.6306235083780497
2,0.4279197741020257,0.053203747728189615,0.5188764781697844
0,0.9032821340596848,0.017764330250331348,0.07895353568998378
0,0.37400102025001997,0.05660786251040197,0.569391117239578
0,0.5005311816086762,0.058786159889584785,0.4406826585017391
2,0.035843056988004045,0.016043267460248138,0.9481136755517479
0,0.8843536022849047,0.020340107026229102,0.09530629068886598
2,0.3846090661211269,0.06611867055548162,0.5492722633233915
2,0.5197485755241834,0.043788153817337895,0.43646327065847884
1,0.6942920399143598,0.05625590397868875,0.24945205610695148
0,0.3932284722599866,0.04687639000260803,0.5598951377374052
2,0.6403377093415005,0.03542423959186117,0.32423805106663844
2,0.5181349378450579,0.08228036140315494,0.39958470075178704
0,0.7569198618065677,0.051740227344646575,0.19133991084878585
0,0.8864952379058076,0.021670913874679638,0.09183384821951261
0,0.5288783485125079,0.0414055400473205,0.42971611144017136
2,0.3821102166272066,0.06513370699712248,0.5527560763756709
2,0.4153384158417245,0.05508499909040636,0.5295765850678688
0,0.889847834187206,0.01850019177554256,0.0916519740372511
0,0.6335166661564143,0.039361745991145315,0.3271215878524403
0,0.9024826525612097,0.01797556459141183,0.0795417828473783
2,0.6273384457832768,0.032812294123155054,0.3398492600935681
0,0.9024826525612097,0.01797556459141183,0.0795417828473783
0,0.8408955600853981,0.02814162392169061,0.13096281599291115
0,0.8864952379058076,0.021670913874679638,0.09183384821951261
2,0.8014390113873663,0.03055182094545126,0.16800916766718238
0,0.9061396663184428,0.01761851478803675,0.0762418188935203
0,0.6754891598076534,0.02816222863657589,0.2963486115557708
0,0.3864960753393026,0.04533659412690757,0.5681673305337899
0,0.8827168221196718,0.018093331258586476,0.0991898466217416
2,0.47554503785198315,0.06477236579039487,0.45968259635762193
0,0.9035772180527579,0.0181231711706772,0.07829961077656489
2,0.19458403852586614,0.017633115731001403,0.7877828457431325
0,0.8961924015962714,0.01910754489088664,0.08470005351284174
2,0.8267749496535505,0.03271834174819113,0.1405067085982583
2,0.22535462231938572,0.06385400019729703,0.7107913774833173
2,0.17086757568726138,0.049353136639438654,0.7797792876733
0,0.7003148577863038,0.05377822840303238,0.24590691381066393
0,0.8864952379058076,0.021670913874679638,0.09183384821951261
0,0.8943876320110554,0.0182237707530339,0.08738859723591091
0,0.7108339966847315,0.04361333731818448,0.24555266599708395
2,0.897446881350372,0.016914311889952783,0.08563880675967556
0,0.9003624747851446,0.017982863375705305,0.08165466183915018
0,0.44074430465012043,0.055416008844959605,0.50383968650492
0,0.8260869176566392,0.031193574093461972,0.14271950824989868
2,0.8876842352683183,0.020349254747557097,0.0919665099841246
2,0.3464498457831719,0.052094806109481695,0.6014553481073464
2,0.24347323171078328,0.04429785640905021,0.7122289118801667
0,0.9062901493796117,0.01725986105226639,0.07644998956812192
0,0.9062901493796117,0.01725986105226639,0.07644998956812192
2,0.37400102025001997,0.05660786251040197,0.569391117239578
2,0.15713051568314726,0.05007309941520468,0.792796384901648
2,0.35630025194583814,0.06628845606763907,0.5774112919865227
0,0.7042200584992107,0.03521885885438386,0.26056108264640576
2,0.16949523688282042,0.01795777125275448,0.8125469918644249
0,0.8766025289303823,0.023852228026317347,0.09954524304330048
0,0.906894321939015,0.015669091560359266,0.07743658650062579
0,0.2792037144327407,0.04072306395203861,0.6800732216152207
0,0.5592589266713481,0.03652833244375602,0.40421274088489545
2,0.5054213551623243,0.03010823011703384,0.4644704147206419
2,0.8930879593024031,0.017750182727032146,0.08916185797056454
0,0.9062901493796117,0.01725986105226639,0.07644998956812192
2,0.692451104870791,0.020674611587259844,0.28687428354194927
2,0.3238685205283392,0.04701391293878611,0.6291175665328745
0,0.8100636944398537,0.037592019847572725,0.15234428571257336
0,0.905520817267165,0.01724468022469002,0.07723450250814443
0,0.906894321939015,0.015669091560359266,0.07743658650062579
0,0.871314494302646,0.021982601131774335,0.10670290456557928
2,0.08561123993989876,0.033517044965802274,0.8808717150942988
0,0.4207500338296959,0.055606888077284276,0.5236430780930199
0,0.6944025245466711,0.03411498524164937,0.2714824902116796
2,0.25950595666535037,0.04217080583107491,0.698323237503575
0,0.8895502505800208,0.020701206924002312,0.08974854249597684
0,0.34116251744004705,0.05623658622537643,0.6026008963345767
2,0.37125673194736697,0.03553764359594698,0.5932056244566865
2,0.18697372190733672,0.04454783392834903,0.7684784441643144
1,0.4078171087490528,0.03225613207397309,0.5599267591769742
0,0.906894321939015,0.015669091560359266,0.07743658650062579
0,0.9024826525612097,0.01797556459141183,0.0795417828473783
2,0.39381179732742405,0.05310757068577085,0.5530806319868048
0,0.8930879593024031,0.017750182727032146,0.08916185797056454
0,0.9003989359587421,0.016832552105798166,0.08276851193545948
1,0.3153425012861556,0.06161808049420405,0.6230394182196406
0,0.6857790949033882,0.03567291973205446,0.2785479853645574
2,0.4687850244531556,0.05377507063827841,0.4774399049085661
0,0.3943119373552533,0.05265251090628633,0.5530355517384603
0,0.9074899574271867,0.017278227617159476,0.07523181495565356
2,0.2703654237573636,0.05823546244632632,0.67139911379631
0,0.5521255989980669,0.03815462358729514,0.40971977741463805
0,0.6253492386702683,0.06025874669944415,0.3143920146302879
0,0.65094863894553,0.029517423646822968,0.31953393740764696
2,0.39542484403131956,0.06223018249923221,0.5423449734694482
2,0.22606135394340887,0.02279664869779827,0.7511419973587928
0,0.7446460136314047,0.05184837893040719,0.20350560743818816
2,0.11153296487642993,0.040512204645943246,0.8479548304776269
0,0.8976822445816108,0.018224414088713795,0.08409334132967555
2,0.36093251711951524,0.051993172509696976,0.5870743103707879
0,0.8935610136483868,0.018594102603630463,0.08784488374798274
0,0.7916428323936308,0.04169898271864805,0.16665818488772124
2,0.6872317222956171,0.03403454442462622,0.27873373327975665
0,0.5658456206955199,0.051755911886577514,0.3823984674179025
2,0.5553378939189905,0.039854641846848234,0.4048074642341615
0,0.8864952379058076,0.021670913874679638,0.09183384821951261
2,0.9035772180527579,0.0181231711706772,0.07829961077656489
0,0.8502085920364972,0.025922392063961564,0.1238690158995412
0,0.8620340832338347,0.017964419458244764,0.12000149730792073
0,0.5910130082950193,0.047812620161402565,0.3611743715435782
0,0.905407943414039,0.017793583786875854,0.07679847279908504
2,0.2035646866235739,0.05090444984267563,0.7455308635337504
0,0.47563587609793767,0.04463175458728738,0.479732369314775
0,0.8468688681093102,0.015616591958730637,0.13751453993195928
2,0.16728118491396285,0.041929028478447136,0.7907897866075898
0,0.9032821340596848,0.017764330250331348,0.07895353568998378
0,0.8667323074222991,0.024271459482348712,0.10899623309535232
0,0.8687987896527215,0.02695559375303236,0.10424561659424604
2,0.29339659989199607,0.06925090012834334,0.6373524999796607
2,0.010551460551460551,0.009712959712959714,0.9797355797355798
2,0.3758952650589548,0.0517869022935764,0.5723178326474689
2,0.34301916255800846,0.05106232581835709,0.6059185116236343
2,0.5708148374734031,0.03871241390462748,0.39047274862196946
2,0.5954135898543024,0.049934055986369665,0.3546523541593278
0,0.7161925820069767,0.03339964950946232,0.25040776848356106
0,0.8864952379058076,0.021670913874679638,0.09183384821951261
0,0.8864952379058076,0.021670913874679638,0.09183384821951261
1,0.6942920399143598,0.05625590397868875,0.24945205610695148
1,0.8522450841814053,0.022680504596961006,0.1250744112216336
0,0.6857145787114833,0.03325327651042513,0.2810321447780916
2,0.21260239675928902,0.05297129369708615,0.7344263095436248
2,0.8922996019307897,0.017815480221163662,0.08988491784804649
0,0.2665461116810878,0.063967475374602,0.6694864129443102
0,0.9062901493796117,0.01725986105226639,0.07644998956812192
0,0.8927600631940042,0.01856223819023744,0.08867769861575804
2,0.49153056586097854,0.06100297424590584,0.44746645989311556
0,0.49036888731409217,0.04377600340078678,0.4658551092851208
0,0.8882756527074699,0.020071549744042905,0.09165279754848728
0,0.8961894574522252,0.01925338034291179,0.08455716220486294
2,0.7042200584992107,0.03521885885438386,0.26056108264640576
0,0.8726084862372835,0.02397319523326389,0.10341831852945253
0,0.9074899574271867,0.017278227617159476,0.07523181495565356
0,0.5254199271523455,0.05934477452973625,0.41523529831791806
0,0.8849290207416945,0.019501663097245596,0.09556931616105961
0,0.6951868016239761,0.032707942294143,0.272105256081881
2,0.6322964740938558,0.07512376514619705,0.292579760759947
0,0.8864952379058076,0.021670913874679638,0.09183384821951261
0,0.8729888507314143,0.025035410310962226,0.10197573895762327
0,0.7698645204909679,0.02711277881064999,0.20302270069838216
2,0.6538846043659945,0.03762689782042492,0.30848849781358056
0,0.48557874641635784,0.047802904432634116,0.4666183491510081
0,0.6335166661564143,0.039361745991145315,0.3271215878524403
2,0.3355223038564606,0.0501335331812408,0.6143441629622987
0,0.7006899284955465,0.03168847642617623,0.2676215950782774
2,0.5465373595958709,0.044917652805057336,0.4085449875990716
2,0.4010966735105171,0.0456790510409519,0.553224275448531
0,0.9027507398918607,0.016710935771325222,0.08053832433681393
0,0.827433759862532,0.03256799802072471,0.139998242116743
0,0.6876703633425415,0.030621097995620072,0.2817085386618384
2,0.7056363525501137,0.04868426972129571,0.2456793777285907
0,0.8417363488982662,0.029371639432282878,0.12889201166945083
2,0.684870766191941,0.041557206110855234,0.27357202769720396
2,0.65094863894553,0.029517423646822968,0.31953393740764696
0,0.8864952379058076,0.021670913874679638,0.09183384821951261
0,0.8453758509049385,0.030523930657420824,0.12410021843764067
2,0.21260239675928902,0.05297129369708615,0.7344263095436248
0,0.5082656803116101,0.048587905811059665,0.44314641387733034
0,0.5872495169790789,0.029293058144680546,0.3834574248762405
0,0.7763101074271535,0.041392171918961114,0.1822977206538855
0,0.899468252585028,0.01749682142012574,0.08303492599484628
0,0.5218160633917907,0.035199886505953286,0.442984050102256
2,0.32684783511619414,0.0399424829112695,0.6332096819725364
0,0.906894321939015,0.015669091560359266,0.07743658650062579
0,0.7475242394332016,0.05425530550229086,0.19822045506450747
1,0.31331731865426793,0.06266746193061287,0.6240152194151193
0,0.6543689683006554,0.040140860476939856,0.3054901712224048
2,0.5050411606004883,0.04157458878724295,0.4533842506122688
2,0.41848133252766473,0.053441136076358836,0.5280775313959767
0,0.8909659414143505,0.018112826931063534,0.09092123165458608
0,0.9001864003524821,0.018897079670689387,0.08091651997682849
2,0.15994004680008841,0.043383276655776806,0.7966766765441345
0,0.9024826525612097,0.01797556459141183,0.0795417828473783
2,0.1749264656837261,0.048708014225655356,0.7763655200906185
0,0.9054692533324326,0.016541842975496164,0.07798890369207116
0,0.8662774383167176,0.02567905330126636,0.10804350838201623
0,0.6940801617278953,0.03682581507573243,0.26909402319637227
0,0.9054692533324326,0.016541842975496164,0.07798890369207116
2,0.4402743132857059,0.056691348560651035,0.5030343381536431
0,0.8864952379058076,0.021670913874679638,0.09183384821951261
0,0.7170856298001573,0.03527231974496763,0.247642050454875
0,0.674788331434629,0.03374596152690265,0.2914657070384685
0,0.8856564517106639,0.02027925310448074,0.09406429518485535
2,0.5439225160299739,0.03732725424092764,0.4187502297290985
0,0.8609510803221412,0.02675236727473945,0.11229655240311916
0,0.4729784153270657,0.06263820739065605,0.464383377282278
0,0.6305604340075719,0.04160814983736715,0.327831416155061
0,0.9024826525612097,0.01797556459141183,0.0795417828473783
2,0.44342905181619335,0.05451775357992613,0.5020531946038805
2,0.37400102025001997,0.05660786251040197,0.569391117239578
0,0.5186495909504514,0.03657626418221418,0.4447741448673341
0,0.6888541186164487,0.036918880008417275,0.27422700137513384
2,0.5960317543943422,0.05282380550569249,0.35114444009996537
0,0.8686793231217637,0.025230760074108575,0.10608991680412788
0,0.9074899574271867,0.017278227617159476,0.07523181495565356
0,0.8979115613621818,0.019239909720846212,0.08284852891697218
0,0.9039636662185709,0.017633599728122288,0.07840273405330683
0,0.889213895701697,0.018906976896008065,0.09187912740229501
0,0.6736734890248455,0.03245592821195772,0.2938705827631967
2,0.2187784943916631,0.05489740181043504,0.7263241037979018
0,0.6292489827815458,0.03141642780479452,0.33933458941365985
0,0.6386027126003476,0.04013627789564932,0.3212610095040032
2,0.4178192389492146,0.04561139789472569,0.5365693631560596
2,0.44430310169602755,0.041861314751657434,0.5138355835523151
2,0.4624016679630594,0.054112260707893434,0.48348607132904703
0,0.4386431036241417,0.05782100343898853,0.5035358929368697
0,0.6388820835465393,0.04031702559978598,0.3208008908536748
0,0.903799187897991,0.017179378854238495,0.07902143324777079
0,0.35936167527220836,0.058180892486859904,0.5824574322409319
2,0.6278585349694515,0.0390954496835884,0.3330460153469598
0,0.896462504618192,0.019866351807938047,0.08367114357386987
2,0.3412008811600395,0.08249165697631539,0.5763074618636451
0,0.6944025245466711,0.03411498524164937,0.2714824902116796
0,0.8824605181166075,0.0220444215645576,0.0954950603188348
0,0.3926233470045482,0.05294690829791607,0.5544297446975356
0,0.5713069257396252,0.03334247518406051,0.39535059907631454
2,0.6527363905852819,0.03492082961448415,0.3123427798002339
0,0.6591140337928664,0.05436473771386841,0.2865212284932652
0,0.8782810386509603,0.019237882525778557,0.10248107882326105
0,0.4653983591448788,0.049886205537150834,0.48471543531797034
2,0.905520817267165,0.01724468022469002,0.07723450250814443
0,0.5637137134752952,0.031430617451178026,0.40485566907352644
0,0.5304098200456202,0.09581406648107885,0.373776113473301
1,0.25651060526654096,0.07051486259179979,0.6729745321416591
0,0.7042200584992107,0.03521885885438386,0.26056108264640576
0,0.9041366995426955,0.016853031066219545,0.07901026939108494
0,0.8864952379058076,0.021670913874679638,0.09183384821951261
0,0.6811163142297294,0.03178555171533166,0.28709813405493884
0,0.9024826525612097,0.01797556459141183,0.0795417828473783
0,0.9062901493796117,0.01725986105226639,0.07644998956812192
2,0.3829371237202849,0.047220808822102826,0.5698420674576121
2,0.21192523283045941,0.03915743100330709,0.7489173361662335
0,0.886626837491888,0.021102496689688454,0.09227066581842348
2,0.6941816990928484,0.060450359817726174,0.2453679410894254
2,0.3834003116184792,0.060298627535788116,0.5563010608457327
0,0.897943085124001,0.01561881503949451,0.08643809983650445
0,0.9003436321174676,0.016962727424024923,0.08269364045850737
2,0.595133861005604,0.05887174776607298,0.3459943912283232
0,0.8169188352344462,0.031264384563913374,0.15181678020164055
2,0.31993481837877025,0.04475858177719943,0.6353065998440302
0,0.5392832953703387,0.05182492205107436,0.40889178257858694
2,0.27832248425619355,0.04199352377523863,0.6796839919685679
2,0.1159302926495968,0.0426435379587264,0.8414261693916766
2,0.011466109767501474,0.007432794351140634,0.9811010958813577
2,0.1864478173335956,0.0640186064206654,0.7495335762457391
0,0.9054692533324326,0.016541842975496164,0.07798890369207116
0,0.8727535679449071,0.018918397865072167,0.1083280341900206
1,0.5859397324746075,0.05402389856284241,0.3600363689625502
2,0.2682600379311927,0.04974018321697116,0.6819997788518362
0,0.9003436321174676,0.016962727424024923,0.08269364045850737
2,0.693443692462119,0.04013038920821165,0.2664259183296693
0,0.35240200147494316,0.03458114414636375,0.6130168543786929
0,0.6316125230679207,0.03416351694255583,0.3342239599895236
0,0.8063719718015264,0.03255475627626379,0.16107327192220994
0,0.9041302400879028,0.01715186076973226,0.07871789914236467
0,0.702156320858416,0.027912122648964754,0.26993155649261935
0,0.6185066752270793,0.04217789189918152,0.3393154328737392
2,0.313761172185733,0.04916636656296431,0.6370724612513027
0,0.9024826525612097,0.01797556459141183,0.0795417828473783
2,0.8455034728416418,0.019826092321153725,0.13467043483720434
2,0.17209029667257955,0.04759893780923897,0.7803107655181812
0,0.9044188701012534,0.016693487369831,0.07888764252891539
0,0.9024826525612097,0.01797556459141183,0.0795417828473783
0,0.9032821340596848,0.017764330250331348,0.07895353568998378
0,0.9062901493796117,0.01725986105226639,0.07644998956812192
0,0.7231448099849132,0.032313400143387246,0.24454178987169958
0,0.8961924015962714,0.01910754489088664,0.08470005351284174
0,0.8264869433867882,0.03080883354847338,0.14270422306473826
0,0.9035772180527579,0.0181231711706772,0.07829961077656489
2,0.3577662248776211,0.06495630285621987,0.5772774722661591
0,0.8969169124553396,0.017693729749781367,0.08538935779487883
2,0.25782856270014143,0.03587721742997418,0.7062942198698844
0,0.6729865895991893,0.03278646227288615,0.29422694812792455
2,0.27074693157533025,0.0443057408039535,0.6849473276207161
0,0.7933256233598562,0.03641267868864327,0.1702616979515001
2,0.06721237525245277,0.020533715791553456,0.9122539089559936
2,0.4910669028004758,0.05438270034450934,0.4545503968550148
0,0.8644779194346688,0.0246762147168155,0.11084586584851577
2,0.3091941454900194,0.04347504302473843,0.6473308114852422
0,0.9024826525612097,0.01797556459141183,0.0795417828473783
0,0.7141046978796577,0.030936532124191018,0.25495876999615125
0,0.8723102067157629,0.018758046145679042,0.10893174713855806
2,0.36116478557852555,0.0600728496730502,0.578762364748424
0,0.8961924015962714,0.01910754489088664,0.08470005351284174
0,0.5919141796019195,0.06097921251610233,0.34710660788197806
2,0.19274960975974545,0.04328154250490275,0.763968847735352
2,0.22776992661900708,0.050522078414809796,0.7217079949661833
2,0.36467340383658037,0.058761237554110606,0.576565358609309
2,0.16641913666677915,0.04238330805928726,0.7911975552739334
2,0.09679459152041918,0.03620463519916917,0.8670007732804116
0,0.6302095308783479,0.03419990643454081,0.3355905626871115
2,0.0764537012810373,0.023039630725936736,0.900506667993026
2,0.34068532012479036,0.05263273052905021,0.6066819493461594
2,0.015581919074385326,0.013285963531870755,0.971132117393744
2,0.13028921731659196,0.026794405011165316,0.8429163776722427
0,0.6536768828499246,0.040795236311340376,0.3055278808387348
2,0.5937983623590835,0.03074682852382499,0.3754548091170917
0,0.8651888052206752,0.026366589056386353,0.10844460572293863
0,0.892780458906977,0.0159431159752224,0.09127642511780085
0,0.8131367098385904,0.03108673667893948,0.1557765534824702
0,0.8214424189393488,0.029548462298293363,0.14900911876235787
0,0.5902515333733167,0.03602752598919811,0.3737209406374853
0,0.9035772180527579,0.0181231711706772,0.07829961077656489
2,0.25585461305251955,0.055495248955246906,0.6886501379922337
2,0.5648474842156334,0.07258075104301169,0.3625717647413549
2,0.8219437076584527,0.03644521985838659,0.1416110724831607
2,0.4367114300367801,0.05237847431448944,0.5109100956487304
2,0.017457610755806725,0.016319710679005648,0.9662226785651876
0,0.903799187897991,0.017179378854238495,0.07902143324777079
2,0.272998325522388,0.044407902036595635,0.6825937724410164
2,0.035614994186976785,0.018408544934379965,0.9459764608786432
0,0.9062901493796117,0.01725986105226639,0.07644998956812192
0,0.671924915916386,0.03592780218828393,0.2921472818953301
0,0.6908900773829735,0.0368516876042882,0.27225823501273855
2,0.13697460979346335,0.04108239807292196,0.8219429921336148
2,0.2861726439874122,0.045062874029686194,0.6687644819829014
1,0.8252649546600221,0.032132842785968334,0.14260220255400946
0,0.41979446255163155,0.04764139209248125,0.5325641453558874
0,0.6545571098353772,0.03064621966110177,0.31479667050352106
2,0.5878409930750609,0.031074757108266602,0.38108424981667266
0,0.9024826525612097,0.01797556459141183,0.0795417828473783
0,0.6250741295641993,0.07192759905688166,0.30299827137891916
0,0.9064998484548273,0.01731882998562476,0.07618132155954774
0,0.5338834910779329,0.051265395979518,0.41485111294254906
2,0.23341323749895268,0.05122857556615417,0.7153581869348931
2,0.038547891588035205,0.020642233872932302,0.9408098745390325
2,0.2565602807037194,0.05120891260757963,0.6922308066887011
2,0.8833889463348722,0.018092729447556636,0.09851832421757116
0,0.4842361748333724,0.043145401730832554,0.47261842343579485
0,0.6859553533230792,0.05913103070121268,0.25491361597570816
2,0.6435296924767248,0.0424025732855671,0.3140677342377083
0,0.7056495710677144,0.03677841150349462,0.2575720174287909
2,0.6592209263997378,0.032278889828483044,0.3085001837717792
0,0.8999480751266087,0.01800652700947222,0.08204539786391903
0,0.5580115782195586,0.03391847459364691,0.4080699471867946
2,0.48628807237411426,0.051112857662061494,0.4625990699638243
2,0.6460915180503758,0.03521156174875611,0.3186969202008681
0,0.8707569141730066,0.023379663714626794,0.10586342211236627
0,0.5293323219590015,0.037624122060053944,0.4330435559809447
2,0.6696503090475635,0.060489503453443304,0.2698601874989933
1,0.40846813643031565,0.049836756760604124,0.5416951068090803
0,0.702156320858416,0.027912122648964754,0.26993155649261935
2,0.09608318200774804,0.04114254970806485,0.8627742682841867
0,0.8827168221196718,0.018093331258586476,0.0991898466217416
0,0.37400102025001997,0.05660786251040197,0.569391117239578
0,0.8900655244823845,0.018874258223810374,0.091060217293805
2,0.27832248425619355,0.04199352377523863,0.6796839919685679
1,0.378386139513172,0.06580855786059117,0.5558053026262367
0,0.903799187897991,0.017179378854238495,0.07902143324777079
2,0.3108776507982654,0.04385095785960778,0.6452713913421267
0,0.8930879593024031,0.017750182727032146,0.08916185797056454
0,0.845634386081159,0.02490559048182722,0.12946002343701368
0,0.632187209804495,0.033060433814035166,0.33475235638146994
1,0.4897565959453122,0.057773113541065346,0.45247029051362253
2,0.020001294675017964,0.011133848357242052,0.9688648569677398
2,0.41262783400666775,0.05522661241390629,0.5321455535794257
2,0.38825662704520936,0.05228466079863579,0.559458712156155
2,0.5133242911120662,0.06323557176595994,0.42344013712197387
2,0.22535462231938572,0.06385400019729703,0.7107913774833173
0,0.9032821340596848,0.017764330250331348,0.07895353568998378
2,0.5486880159088552,0.03614600824838969,0.4151659758427551
0,0.29193949963721905,0.04491703003559822,0.6631434703271827
1,0.23892034577081547,0.05084153347229577,0.7102381207568887
2,0.40985683650483684,0.053519079828895345,0.5366240836662678
0,0.8873744295942,0.021837556526187286,0.09078801387961277
2,0.16718292863404027,0.03773038261443712,0.7950866887515226
0,0.8864952379058076,0.021670913874679638,0.09183384821951261
0,0.5363407739799824,0.055837668897749236,0.4078215571222684
0,0.8864952379058076,0.021670913874679638,0.09183384821951261
2,0.16012705338007252,0.04748711978240108,0.7923858268375262
0,0.9035772180527579,0.0181231711706772,0.07829961077656489
2,0.43971729221300954,0.04867904966757634,0.5116036581194141
0,0.9005829764598225,0.017879679393441185,0.08153734414673658
0,0.867014808400721,0.02549678577264005,0.10748840582663925
2,0.5869319437700125,0.0805302813866572,0.33253777484333036
2,0.18291283499731548,0.0371353663037805,0.779951798698904
0,0.5472053820658207,0.050953058218625204,0.401841559715554
0,0.885025486328379,0.022828146311175572,0.09214636736044554
0,0.9032821340596848,0.017764330250331348,0.07895353568998378
0,0.8866028179623209,0.015923648700410287,0.0974735333372688
2,0.8864952379058076,0.021670913874679638,0.09183384821951261
0,0.9035772180527579,0.0181231711706772,0.07829961077656489
0,0.4945018885550567,0.05450332325850588,0.45099478818643735
0,0.6465336593079234,0.07334421154755062,0.2801221291445259
0,0.5101884806104624,0.03711671767856934,0.4526948017109678
1,0.5627608258923209,0.06540849916824801,0.37183067493943134
0,0.9061396663184428,0.01761851478803675,0.0762418188935203
0,0.4114819019813814,0.061204708823330616,0.5273133891952881
0,0.3346314562670759,0.06355460820122709,0.601813935531697
0,0.8988140008131061,0.017619627168592673,0.08356637201830132
0,0.39097432719433844,0.04513469057726818,0.5638909822283934
0,0.8699155402789325,0.025152051077367444,0.10493240864370028
2,0.5436406509983527,0.04765086810713761,0.4087084808945097
2,0.2509674676886408,0.042251686982863954,0.7067808453284953
2,0.7146621008908319,0.032933173337746265,0.2524047257714218
2,0.32306113699574796,0.04893953689793759,0.6279993261063147
2,0.8543404356224629,0.02897793725210979,0.11668162712542725
0,0.903799187897991,0.017179378854238495,0.07902143324777079
2,0.24125410524528135,0.04496195812686051,0.713783936627858
0,0.425324005093998,0.06023421807045033,0.5144417768355517
0,0.9044188701012534,0.016693487369831,0.07888764252891539
0,0.8914382805329697,0.018932042518409672,0.0896296769486205
0,0.8858420028889888,0.020215651539607953,0.09394234557140312
2,0.24414924924600123,0.05549635500553513,0.7003543957484636
2,0.7744904634809354,0.042040955264665496,0.18346858125439913
0,0.902548117723967,0.017705660375791632,0.07974622190024087
1,0.6783168272823441,0.052736286770631614,0.26894688594702415
0,0.906894321939015,0.015669091560359266,0.07743658650062579
0,0.670605160194723,0.043750408639952734,0.2856444311653243
0,0.906894321939015,0.015669091560359266,0.07743658650062579
2,0.16927092395673418,0.02460904639485849,0.8061200296484073
0,0.9003436321174676,0.016962727424024923,0.08269364045850737
2,0.3674832406109422,0.05240347704068927,0.5801132823483686
2,0.65094863894553,0.029517423646822968,0.31953393740764696
2,0.40588986773515967,0.06598814696628205,0.5281219852985584
0,0.3508452452138664,0.05183711551648354,0.59731763926965
2,0.023476381220288587,0.011214856849724411,0.965308761929987
2,0.5862686817144165,0.06541011688582388,0.3483212013997596
0,0.8802708371569883,0.023775284284023538,0.09595387855898822
0,0.4127361041419677,0.0593644802685627,0.5278994155894696
0,0.8100636944398537,0.037592019847572725,0.15234428571257336
0,0.1307782117632625,0.016608862617123153,0.8526129256196142
0,0.8864952379058076,0.021670913874679638,0.09183384821951261
0,0.5380953127779736,0.05176986073041311,0.4101348264916132
1,0.31332262119729454,0.05351845719047943,0.633158921612226
0,0.5808475749889292,0.031329335886116756,0.38782308912495406
0,0.6769494377890015,0.03481893964628128,0.28823162256471724
2,0.39706619151639055,0.050547797527007686,0.5523860109566019
0,0.6364109236144124,0.06586845390435195,0.29772062248123565
0,0.8944777368985173,0.01720322183592293,0.08831904126555998
0,0.8999480751266087,0.01800652700947222,0.08204539786391903
2,0.9032821340596848,0.017764330250331348,0.07895353568998378
0,0.8999480751266087,0.01800652700947222,0.08204539786391903
2,0.37400102025001997,0.05660786251040197,0.569391117239578
2,0.6947184989258004,0.041010409129205214,0.26427109194499426
2,0.1334462519727223,0.02999105835693881,0.8365626896703389
2,0.052740741218265934,0.024243054125412552,0.9230162046563216
0,0.8747756667383012,0.01972963768611594,0.10549469557558258
0,0.905520817267165,0.01724468022469002,0.07723450250814443
2,0.010551460551460551,0.009712959712959714,0.9797355797355798
2,0.2665461116810878,0.063967475374602,0.6694864129443102
0,0.7042200584992107,0.03521885885438386,0.26056108264640576
0,0.9035772180527579,0.0181231711706772,0.07829961077656489
0,0.7938409571201223,0.03180465942498581,0.17435438345489207
0,0.46783599721484265,0.05859110663189223,0.47357289615326514
0,0.7449702508645214,0.04615212559418153,0.2088776235412972
0,0.8282791278874262,0.027396512307995727,0.14432435980457795
0,0.8864952379058076,0.021670913874679638,0.09183384821951261
0,0.8600760693619449,0.021505581888042958,0.11841834875001225
1,0.6188635861223049,0.08169308703529318,0.299443326842402
0,0.39203466718828983,0.05675728627598648,0.5512080465357235
0,0.8326309353120329,0.030890720830770418,0.13647834385719687
0,0.8181100207559857,0.03888248852759434,0.14300749071641985
2,0.06110783904499981,0.030824225272191304,0.9080679356828089
2,0.43924496331146656,0.060490088373041324,0.5002649483154921
0,0.6874251047539846,0.04801183459107042,0.264563060654945
0,0.9064998484548273,0.01731882998562476,0.07618132155954774
2,0.5331114580801178,0.052032105541424754,0.4148564363784575
0,0.906894321939015,0.015669091560359266,0.07743658650062579
2,0.0036910004042786312,0.005757809622289527,0.990551189973432
0,0.9062901493796117,0.01725986105226639,0.07644998956812192
2,0.7072751268199816,0.03300309218395228,0.25972178099606624
0,0.5274921135959019,0.05416917519696893,0.4183387112071292
0,0.3396712606940944,0.05053064327854488,0.6097980960273605
2,0.01113803168768026,0.005198038754345723,0.9836639295579741
0,0.9032821340596848,0.017764330250331348,0.07895353568998378
0,0.889213895701697,0.018906976896008065,0.09187912740229501
0,0.8363737171696103,0.029088401012869063,0.13453788181752074
2,0.26573683199948406,0.05963220281647469,0.6746309651840413
0,0.6799783859297648,0.027787888071941085,0.29223372599829406
2,0.1767976051708568,0.04881016382914411,0.7743922309999992
0,0.7910088974476167,0.031410020257317484,0.17758108229506583
0,0.9024826525612097,0.01797556459141183,0.0795417828473783
