target,prediction_0,prediction_1,prediction_2
2,0.018643342897237822,0.05869832415957066,0.9226583329431912
0,0.9102263835906869,0.012651558295907094,0.0771220581134063
0,0.9504578274513125,0.00984364790519722,0.039698524643490135
2,0.07092290548562072,0.09757855384480184,0.8314985406695773
0,0.8278947762164786,0.017073515528119674,0.15503170825540216
0,0.8175745541399054,0.010692480796632067,0.17173296506346258
0,0.8874681166674198,0.022455692817028278,0.090076190515552
2,0.0068305850174902975,0.026013697675328545,0.9671557173071809
0,0.9389553453843533,0.0040407447189029205,0.0570039098967435
1,0.4092192717313026,0.08233104448243449,0.5084496837862628
2,0.03361446312646271,0.06982764924491823,0.8965578876286191
0,0.6813350456642496,0.027077098345848056,0.2915878559899022
0,0.9030205825872308,0.009519553709452159,0.08745986370331711
0,0.8177487995617442,0.018662253226290254,0.1635889472119653
0,0.9172256263011306,0.02541636431027731,0.05735800938859223
2,0.1837560056067517,0.07909559469513071,0.7371483996981176
0,0.907140006209135,0.020293013327162313,0.0725669804637025
2,0.6286342539548163,0.0987342893300418,0.272631456715142
0,0.9448113260453762,0.012484590865283326,0.04270408308934046
2,0.2398001323572572,0.05215684150049965,0.708043026142243
0,0.8860872908630784,0.011380539378570418,0.10253216975835132
1,0.5406531600979322,0.07618860438175816,0.3831582355203096
2,0.23877301840944007,0.02157839496963531,0.7396485866209246
0,0.9491086995177895,0.008997477942076655,0.041893822540133775
0,0.44668490026237667,0.06750049481856842,0.48581460491905487
0,0.9465604963004136,0.010981291668651097,0.042458212030935395
0,0.9487605089391855,0.007519376532671532,0.04372011452814287
0,0.9627877074750834,0.005279279791297904,0.03193301273361846
0,0.5575796207301458,0.0623860411923677,0.3800343380774863
0,0.9272832318480687,0.008231330009400475,0.06448543814253087
2,0.09103107798927047,0.09522093442078843,0.813747987589941
2,0.20955889751994045,0.02282962365273979,0.7676114788273197
0,0.29027599710732105,0.10689093363308921,0.60283306925959
2,0.3453338471841796,0.06429771216114319,0.5903684406546771
0,0.7957836120876857,0.03795226629563505,0.1662641216166794
2,0.0978512539425177,0.03754748741428695,0.8646012586431954
2,0.38980283581505487,0.03318352650488405,0.5770136376800611
0,0.8858367877341761,0.03559446282981854,0.07856874943600549
0,0.6154168040098335,0.028155983071423127,0.35642721291874335
0,0.6230461470716254,0.02298684593397443,0.35396700699440015
0,0.890789133792073,0.018402323524824064,0.0908085426831027
2,0.08196536854711582,0.35989432765949586,0.5581403037933883
0,0.8669903272396264,0.015645604287570756,0.11736406847280294
0,0.9582878520490434,0.006972328304277169,0.03473981964667915
0,0.9593832282707568,0.006447514650125321,0.03416925707911794
0,0.6776938010129663,0.04152638684037741,0.2807798121466562
0,0.8770997800375443,0.00388238777592212,0.11901783218653367
2,0.8454371730889694,0.012436732639806087,0.1421260942712244
0,0.8397500360182084,0.009961515930725676,0.15028844805106586
2,0.4454556112131441,0.12787434612354764,0.4266700426633084
0,0.8707369869855375,0.05728733364078088,0.07197567937368173
0,0.9595672672075171,0.00801559026277526,0.03241714252970768
2,0.10493842359634473,0.04429219112866036,0.8507693852749951
2,0.3137563586284451,0.07279210251687292,0.6134515388546822
2,0.26347021156623956,0.0521971233730794,0.6843326650606814
0,0.9040132593738986,0.01025830972504869,0.0857284309010525
0,0.7327971319313977,0.07681457271814007,0.1903882953504624
0,0.593855288814171,0.10065981472088095,0.3054848964649478
0,0.9430031885245977,0.007587177656675879,0.04940963381872647
0,0.8112618194959921,0.08897924549193438,0.09975893501207359
1,0.7609882693261766,0.06454011510792317,0.17447161556590005
2,0.81402905804299,0.014746976709366874,0.171223965247643
0,0.8707315796420539,0.030366723289211323,0.09890169706873472
2,0.19205805758146316,0.03520408163265306,0.7727378607858838
2,0.09317915260990263,0.031672272980071865,0.8751485744100256
2,0.0020104861590368836,0.003182678501486359,0.9948068353394767
1,0.8954673456337446,0.011045145083397748,0.09348750928285754
2,0.48600730659531466,0.0419344517404096,0.47205824166427574
2,0.025241125560735184,0.09483091106612869,0.8799279633731358
0,0.8328975718870333,0.021987735223916668,0.14511469288904966
0,0.957743059163907,0.007966164039163644,0.03429077679692912
0,0.8534921071357057,0.0218786161535739,0.12462927671072033
0,0.9475595357083085,0.00965495995983492,0.04278550433185654
0,0.9311955869783732,0.034951778105501305,0.03385263491612524
2,0.0025830428489889102,9.92063492063492e-05,0.9973177508018047
2,0.025063143106369805,0.016136144581391416,0.958800712312239
0,0.9492416757211914,0.007050193171795724,0.04370813110701257
0,0.35655597478340123,0.04815827053216367,0.5952857546844349
0,0.9202600460351625,0.014173083245711057,0.06556687071912606
0,0.8578720227665243,0.013200724655183245,0.12892725257829243
0,0.7415168970353737,0.05019014099783524,0.20829296196679126
2,0.7609150625957181,0.026450345771944713,0.2126345916323373
1,0.7324434116616503,0.02166073984393965,0.2458958484944105
0,0.8325620058458422,0.044533891236849095,0.12290410291730873
0,0.8352695423947246,0.017670750943957068,0.14705970666131823
2,0.6686043230649243,0.05879671560730004,0.27259896132777556
0,0.9616467045968861,0.0056213505893009195,0.03273194481381288
2,0.01922331750816977,0.011225395341477215,0.9695512871503525
0,0.9471522794764334,0.009404553193651135,0.043443167329915544
0,0.8182842095110602,0.010702572861134711,0.171013217627805
0,0.8777646973740239,0.001273926324518442,0.1209613763014577
0,0.7170186363285528,0.059238554044620306,0.22374280962682705
0,0.7975914684903621,0.023089800550205614,0.17931873095943232
0,0.9628956069446901,0.008811743263684176,0.02829264979162586
0,0.960141042438049,0.011746820021639511,0.028112137540311548
0,0.9554385506344231,0.00856843506942992,0.03599301429614717
0,0.9519360592551286,0.0054061535809793925,0.04265778716389178
2,0.010384346984459124,0.04091413674927109,0.9487015162662694
0,0.8895804884527564,0.03325036407421684,0.07716914747302663
0,0.4119664842733639,0.03956133113037969,0.5484721845962562
2,0.038784313791563704,0.09838742936631223,0.8628282568421239
2,0.0029645012887576775,0.009205856255545696,0.9878296424556965
2,0.024625297273380902,0.036680155538347525,0.9386945471882716
2,0.029147262366071656,0.03713580488224889,0.9337169327516796
0,0.9590773987144285,0.009182048596202464,0.0317405526893689
0,0.9557326789240772,0.008039266018662892,0.036228055057260115
0,0.9473061698083762,0.007007593111565535,0.0456862370800583
2,0.4718431431573425,0.0660736742705135,0.46208318257214404
0,0.6172225616523594,0.036696438162913715,0.3460810001847268
2,0.2253661185011773,0.07691772772801916,0.6977161537708034
0,0.9356840463236197,0.0104413338599511,0.05387461981642912
2,0.16728998438515524,0.031658338468336496,0.8010516771465084
0,0.8518181440607498,0.020733016315491216,0.1274488396237587
2,0.038393590636682566,0.07099678196715083,0.8906096273961666
0,0.947254375014884,0.005549773984832095,0.04719585100028381
0,0.7325213390466051,0.021639746346628137,0.24583891460676677
0,0.9022953939907217,0.04905645825968305,0.048648147749595076
0,0.933114456457746,0.007686632880342875,0.05919891066191116
0,0.9321720149818321,0.021856973093376354,0.04597101192479171
2,0.7325023860378166,0.025797565580146033,0.2417000483820374
0,0.8520153234767159,0.005700605362929585,0.14228407116035446
0,0.9417245945684802,0.01565447875791898,0.04262092667360068
0,0.8119885649413652,0.030946237572124898,0.15706519748650985
0,0.9487456817023121,0.006750170406648868,0.0445041478910391
0,0.6924145176614209,0.01390034533146073,0.2936851370071184
0,0.43020421158033856,0.08563221648945996,0.48416357193020143
0,0.8845285194952254,0.011659319634608574,0.10381216087016575
0,0.8848306613585086,0.0165669615758569,0.0986023770656347
2,0.14993159254563262,0.045124388869356415,0.804944018585011
0,0.8340110614621635,0.048085959130409764,0.117902979407427
2,0.1973926649679394,0.04126917710128213,0.7613381579307783
0,0.7277350093784148,0.03185618354297168,0.2404088070786134
2,0.0191477505046517,0.02823901805263901,0.9526132314427092
0,0.9269121224344311,0.008808380144076054,0.06427949742149275
2,0.6149048031896566,0.14601719460327378,0.23907800220706962
2,0.5761659817964382,0.05759756320244193,0.36623645500111984
0,0.7162864979656274,0.042489255965246726,0.24122424606912596
0,0.9618102826491894,0.0064377487312519445,0.031751968619558514
0,0.9566085577968148,0.008642090693070224,0.03474935151011487
2,0.6859398186545103,0.0276615795648638,0.28639860178062587
0,0.6036808540917455,0.0935787830200337,0.30274036288822076
0,0.3264505823781469,0.06999979542969295,0.6035496221921601
0,0.8675114486071471,0.020269907514402434,0.11221864387845047
0,0.5093678262099296,0.04510233348140005,0.44552984030867016
0,0.8589723950633018,0.019820161149619528,0.12120744378707882
0,0.9110856390927102,0.0007606361322480824,0.08815372477504176
2,0.04385649687985109,0.02843623562219562,0.9277072674979534
0,0.9189357132083782,0.012620032950185623,0.06844425384143607
0,0.855447616375099,0.042616810793029036,0.10193557283187206
2,0.3646060759374826,0.06211706268855249,0.5732768613739649
0,0.9277750643777277,0.0053318263610219315,0.06689310926125001
2,0.4714274055173344,0.05364383598727663,0.47492875849538907
0,0.9720762069705379,0.004890803177365783,0.02303298985209652
0,0.8389422978105624,0.013517416533482055,0.14754028565595523
0,0.4316187508188374,0.02503700632679,0.5433442428543725
0,0.891772161587377,0.008562126943721202,0.09966571146890167
2,0.00509789268083183,0.002238179443429013,0.9926639278757392
2,0.04439172156617849,0.003957999629520665,0.9516502788043009
2,0.8074132761325888,0.008008545631270682,0.1845781782361405
0,0.9289429514273911,0.011334543749623895,0.0597225048229853
0,0.05453411520431748,0.05109034456038072,0.8943755402353019
0,0.9620592554735797,0.006895492827177438,0.03104525169924272
2,0.851159044770097,0.014846096758871526,0.13399485847103149
2,0.8182537044438976,0.03200707463912299,0.14973922091697942
0,0.7874844866606175,0.01626595746996801,0.19624955586941442
2,0.518682868911676,0.12923913571681717,0.3520779953715067
0,0.956639989243773,0.010234738028507192,0.03312527272771988
2,0.026685556713452296,0.004894164652402098,0.9684202786341455
2,0.776839642273823,0.026046974147756287,0.19711338357842065
0,0.9262723275090561,0.013339267259347962,0.06038840523159621
0,0.5406181982329074,0.10136968985415915,0.3580121119129334
1,0.3607434186282789,0.04233102070612827,0.5969255606655928
2,0.2561245208127665,0.0400450511229143,0.7038304280643192
0,0.7905235871148896,0.04620399709404063,0.16327241579107005
2,0.26807891206607226,0.23303728500294918,0.4988838029309786
2,0.0839934966259265,0.027233168183149033,0.8887733351909242
0,0.9503504211426936,0.008413659169575637,0.04123591968773053
0,0.19523959481636088,0.05042943633940124,0.754330968844238
2,0.18112698576891276,0.04531556707046157,0.7735574471606258
0,0.9300399484135833,0.013586203074337968,0.0563738485120792
0,0.3859315646231167,0.12778555479262177,0.4862828805842616
0,0.5660071842972387,0.0677211528338675,0.36627166286889357
2,0.012052524495527406,0.01780183320367518,0.9701456423007975
0,0.9493672726584713,0.0065476702521397425,0.044085057089388875
2,0.3563646468651512,0.10598442144958177,0.5376509316852668
2,0.49397013073498797,0.032416295624598766,0.4736135736404134
1,0.37194306391218906,0.09816291130864946,0.5298940247791615
0,0.3009040245772588,0.07628097170556429,0.622815003717177
2,0.5760217302862625,0.021178268553880497,0.4028000011598573
2,0.1914251641119895,0.16042148735480052,0.6481533485332103
0,0.5931840356874862,0.04944185056911257,0.357374113743401
0,0.9498473939998214,0.0055955998182763145,0.044557006181902045
0,0.800109187350665,0.0243799083036411,0.17551090434569386
2,0.2525583015928292,0.05873447551584992,0.6887072228913209
2,0.35960683054398207,0.05903191138093078,0.5813612580750871
0,0.936261311310842,0.0038344894989987693,0.059904199190159296
0,0.6675097418477925,0.04969959060226773,0.2827906675499396
0,0.9511482042742186,0.010735911448879618,0.03811588427690182
2,0.8655712101389339,0.012738633896867965,0.12169015596419817
0,0.9511398262164592,0.009893313768685236,0.03896686001485526
0,0.9554349778163835,0.010977120984919106,0.03358790119869754
0,0.9564160171124518,0.005580787310318754,0.038003195577229226
2,0.6233583056017322,0.04798568276710609,0.32865601163116176
0,0.9571586103470135,0.011701359299127065,0.03114003035385953
0,0.8036956018963638,0.018187821925079214,0.1781165761785568
0,0.24995056154903894,0.04953802645631719,0.7005114119946438
0,0.9061140983639174,0.0024426122603515943,0.09144328937573085
2,0.34384765112265925,0.05786919551734006,0.5982831533600006
0,0.9547497977129288,0.00799140131634721,0.037258800970723954
2,0.2326424242815703,0.027406814360628574,0.7399507613578011
0,0.9352488504489768,0.010996651425940545,0.0537544981250831
2,0.8114650761513096,0.023014844215315685,0.16552007963337462
2,0.08373341430993476,0.08568513983952475,0.8305814458505405
2,0.0905013389519041,0.03798474288314532,0.8715139181649504
0,0.617237065848285,0.05335284970405443,0.3294100844476606
0,0.8543026157269218,0.028881535625889472,0.11681584864718855
0,0.9248164095464986,0.012444042009007339,0.06273954844449375
0,0.8388839797754342,0.024509771432662083,0.1366062487919038
2,0.8243631452847483,0.006848713917997531,0.16878814079725388
0,0.9366226733918915,0.017364072207535622,0.046013254400572814
0,0.3295387227850724,0.08650232405164113,0.5839589531632866
0,0.9550390043138923,0.004190347620986811,0.04077064806512095
2,0.8790794164662946,0.009877830535644354,0.11104275299806121
2,0.5093678262099296,0.04510233348140005,0.44552984030867016
2,0.03790171240910157,0.1118169806482254,0.850281306942673
0,0.9485933997583241,0.005794495505239363,0.04561210473643628
0,0.9359725402550361,0.01239357003348578,0.0516338897114781
2,0.36669997650770875,0.1166755803780638,0.5166244431142275
2,0.02920443839315113,0.027399838943230132,0.9433957226636188
2,0.15846700174510686,0.07890771106186491,0.7626252871930281
0,0.8723465503294224,0.017273572292217196,0.11037987737836043
2,0.2460573845136222,0.03271186109714716,0.7212307543892305
0,0.900829709688404,0.0276624163616316,0.07150787394996427
0,0.9090087307323195,0.016238425249650072,0.07475284401803028
0,0.32119897960680893,0.10236877006252124,0.5764322503306698
0,0.7305146002913997,0.04393622446693223,0.22554917524166815
2,0.7056738699456695,0.02736494322782863,0.26696118682650183
2,0.8717891892863296,0.003378864994024404,0.12483194571964594
0,0.960604638474987,0.005770322516093573,0.03362503900891921
2,0.3452715179920106,0.022910050964648994,0.6318184310433403
2,0.05584330175788591,0.023531193669104014,0.9206255045730101
0,0.9312745246019537,0.00953016242125977,0.05919531297678648
0,0.9540685990427454,0.004147264784385331,0.04178413617286931
0,0.9345014428670314,0.0063002140322287225,0.059198343100739764
0,0.806295306690439,0.019097920416661848,0.1746067728928991
2,0.0030032959762558496,0.0234688218782339,0.9735278821455102
0,0.4728036786481119,0.06280795387137116,0.4643883674805171
0,0.8213994393346676,0.03313090393681109,0.145469656728521
2,0.3636283239600628,0.014522334788485846,0.6218493412514514
0,0.9228373560102191,0.014176680835583724,0.06298596315419716
0,0.11187580774832231,0.0433523184555526,0.8447718737961251
2,0.2155222125971446,0.026432123418441672,0.7580456639844136
2,0.03224841153781005,0.01856320315191868,0.9491883853102713
1,0.5707695778918581,0.021858846283026527,0.40737157582511546
0,0.9504303830057484,0.00840562936795473,0.04116398762629683
0,0.8148159272954041,0.010859016669167486,0.1743250560354284
2,0.25111812454805293,0.04990442695532982,0.6989774484966171
0,0.8612198795912681,0.003379480889345978,0.1354006395193857
0,0.9582021616292293,0.0029305364093578316,0.038867301961412894
1,0.1692539512479046,0.19058222342935646,0.640163825322739
0,0.8489042640737274,0.016186968591275264,0.13490876733499732
2,0.28272056161186554,0.07343828877918128,0.6438411496089533
0,0.2506780987321523,0.08135152706696375,0.6679703742008839
0,0.9567829567607689,0.009688246341859955,0.03352879689737131
2,0.1967175696951993,0.133326573151085,0.6699558571537158
0,0.5695736566665813,0.047770293012838375,0.3826560503205803
0,0.6025664575008982,0.08641694038736905,0.31101660211173277
0,0.6323553780031802,0.021809775226495316,0.34583484677032433
2,0.5639371030848023,0.09424394232649333,0.34181895458870454
2,0.18034295231457,0.014702340316799636,0.8049547073686303
0,0.7604706611020647,0.08159946972920538,0.15792986916872984
2,0.10922419013989385,0.00738241480528217,0.8833933950548238
0,0.9330858039865941,0.013902512477143787,0.05301168353626196
2,0.27692256636411794,0.19590493394502087,0.5271724996908613
0,0.8193884846610676,0.008560989981698802,0.17205052535723342
0,0.4707661067270544,0.038572692126301066,0.4906612011466446
2,0.8529843521994088,0.01638678460248438,0.13062886319810704
0,0.5981177339050565,0.15490120573926092,0.24698106035568268
2,0.6106146759330414,0.034035049018110934,0.3553502750488475
0,0.9417907415501312,0.007644072208636886,0.050565186241231734
2,0.9543969336859287,0.006154279322649474,0.03944878699142187
0,0.8885377082494403,0.03944000957705214,0.07202228217350719
0,0.9567905288272722,0.008363417342179753,0.034846053830548
0,0.6338227192134862,0.07117883602091703,0.2949984447655968
0,0.9128824261155037,0.014930335704679878,0.0721872381798161
2,0.06982963440397455,0.06785664088221637,0.8623137247138093
0,0.7048851549793836,0.03581830940224994,0.2592965356183663
0,0.8548895087831089,0.0023323458579263866,0.14277814535896474
2,0.08951414574306252,0.008624482401656313,0.9018613718552811
0,0.9569516488795071,0.01016615365136791,0.032882197469124914
0,0.9590996450470678,0.011262321927400745,0.029638033025531425
0,0.8658561736144748,0.028992253618520366,0.10515157276700482
2,0.03765288289253786,0.038459669003794446,0.9238874481036674
2,0.005498349529898932,0.004368045569966592,0.9901336049001346
2,0.2519972023029177,0.05173929842635566,0.6962634992707268
2,0.10334739809083618,0.03637442577567142,0.8602781761334926
2,0.5192698977053251,0.021995783795657153,0.45873431849901775
2,0.5584379823722646,0.046922809150908164,0.39463920847682715
0,0.8809704330586676,0.01463853957925869,0.10439102736207374
0,0.9456279129369936,0.007283694390357059,0.04708839267264914
0,0.9489102883295548,0.004649131143569789,0.04644058052687511
1,0.41914170433396125,0.11444962284490427,0.4664086728211346
1,0.8665708971705252,0.014324910689097815,0.11910419214037692
0,0.8858779587809196,0.028040076138511432,0.08608196508056852
2,0.03223550850820173,0.08166923548115335,0.8860952560106449
2,0.7540048130256443,0.016922416237578553,0.22907277073677718
0,0.622955443404956,0.1019097518207194,0.27513480477432495
0,0.9467903737052513,0.0065369894849273864,0.0466726368098213
0,0.9336050452769921,0.006711265316983519,0.05968368940602436
2,0.06706154690005554,0.01662023990821443,0.9163182131917298
0,0.4542738865232214,0.04048963633655305,0.5052364771402258
0,0.924013154862563,0.015842248583526113,0.060144596553910856
0,0.9133295961418407,0.008000708538793005,0.07866969531936657
2,0.6644240129260578,0.02374352535310751,0.3118324617208344
0,0.9459318016028565,0.011259727199949934,0.042808471197193665
0,0.959679033250404,0.007843074328620714,0.032477892420975214
0,0.7023473807191856,0.07798180252609778,0.2196708167547166
0,0.9329273655214162,0.009443310485476952,0.057629323993106746
0,0.8521984307836469,0.02345987882206636,0.12434169039428679
2,0.5517443788734714,0.1075787735063421,0.34067684762018635
0,0.9533870526150012,0.0032480969048383165,0.0433648504801603
0,0.9070488418872994,0.03684968868902288,0.056101469423677615
0,0.9306140511405367,0.008955060337378678,0.06043088852208439
2,0.6363590595706407,0.05558298677074467,0.30805795365861444
0,0.3527250431939584,0.06783556779373946,0.5794393890123021
0,0.6740008155969743,0.06019113362363899,0.2658080507793868
2,0.01157157092696597,0.015518395725558406,0.9729100333474753
0,0.8091664651759181,0.01887720438486251,0.17195633043921935
2,0.1493125375421276,0.11313753602352415,0.737549926434348
2,0.6330624105634983,0.04644433271377117,0.3204932567227302
0,0.9392870518830816,0.008581255760985528,0.05213169235593286
0,0.7742345919177882,0.12017173218930824,0.10559367589290362
0,0.8012830881010984,0.02210047375478713,0.17661643814411412
2,0.3889745773039088,0.04999344465384012,0.561031978042251
0,0.8342830671329515,0.05548986080247656,0.11022707206457195
2,0.800050419708879,0.03389590941970294,0.16605367087141792
2,0.4145641151851267,0.03665492747070582,0.5487809573441673
0,0.9582278996342951,0.004799990858077677,0.03697210950762695
0,0.7822028171671024,0.03933484880146508,0.17846233403143236
2,0.03339819417153847,0.17206407391529993,0.7945377319131617
0,0.6421839687350193,0.06323294341003986,0.2945830878549405
0,0.6632863476694619,0.013540992224071435,0.32317266010646684
0,0.5491301631023832,0.038479766793704705,0.41239007010391215
0,0.9402686708532686,0.00918983521164362,0.050541493935087875
0,0.5872767799616223,0.017360782415146266,0.39536243762323153
2,0.05891922924156028,0.019145061348955304,0.9219357094094843
0,0.9171649394811753,0.005823695928418602,0.07701136459040614
0,0.7022437616722336,0.040768175550492496,0.256988062777274
1,0.43966393063854,0.0887307153511233,0.47160535401033665
0,0.6008897004451219,0.008519200518142669,0.39059109903673533
2,0.34001928895711414,0.015940291295378606,0.6440404197475075
2,0.11598777019641653,0.017483421725266533,0.8665288080783168
0,0.8261244295498315,0.0064746462433112354,0.16740092420685726
0,0.9522601708936637,0.005435927811377959,0.04230390129495834
2,0.018914681413537,0.008625960034988448,0.9724593585514748
0,0.9379704295236384,0.009021178509206439,0.05300839196715553
2,0.05247195433934958,0.02250162062417074,0.9250264250364797
0,0.9619813723433658,0.0039795448999514135,0.034039082756682854
0,0.7751856227434217,0.05539061817428338,0.16942375908229496
0,0.7399115106585619,0.03509360516826237,0.22499488417317548
0,0.9585726231171541,0.006732387681861237,0.034694989200984426
2,0.25419799025359024,0.06198164339315289,0.6838203663532569
0,0.94836190612998,0.0047102050127813145,0.04692788885723856
0,0.9056534269844495,0.015319631999078728,0.07902694101647148
0,0.8527676350033274,0.020320850057351927,0.1269115149393207
0,0.9179269644124154,0.010391191244362729,0.07168184434322189
2,0.5794828089695981,0.023927669822367912,0.39658952120803387
0,0.7512306134857262,0.10448573931684356,0.1442836471974302
0,0.3963977086375817,0.07193446047746566,0.5316678308849527
0,0.6993227913711938,0.048241272844150244,0.2524359357846557
0,0.8520488519186723,0.03429643173714462,0.11365471634418339
2,0.1273842531543593,0.06233057327136331,0.8102851735742775
2,0.19293407378994248,0.04264037641261673,0.7644255497974409
0,0.4560758849844517,0.025999881760983366,0.517924233254565
0,0.8847900875670316,0.020566121790787855,0.09464379064218034
2,0.612398107173924,0.07733930136842639,0.3102625914576497
0,0.8925473376454947,0.01836805570381622,0.08908460665068926
0,0.9591166151427339,0.008931507806797728,0.0319518770504683
0,0.9465801656853475,0.008809971806561746,0.04460986250809102
0,0.9623953830506249,0.008393472158488355,0.02921114479088679
0,0.9588072696083756,0.008858434758273456,0.03233429563335094
0,0.47062315005953004,0.02787087658586014,0.5015059733546099
2,0.015050064793716908,0.04854641600273385,0.9364035192035494
0,0.7908249279958645,0.012098864554719374,0.1970762074494158
0,0.7957842325616374,0.03337215673320983,0.17084361070515228
2,0.4538593836738474,0.04835262589946556,0.497787990426687
2,0.3195349759208161,0.04159967175470181,0.6388653523244822
2,0.507292336947419,0.05791763852831355,0.4347900245242673
0,0.43015745712549225,0.0392060676989274,0.5306364751755803
0,0.7826447150263707,0.037248767989210445,0.18010651698441882
0,0.9385749394596032,0.012027222656312557,0.049397837884084146
0,0.4889580371176055,0.1063932359051261,0.4046487269772685
2,0.7674780551306027,0.03486318513266557,0.1976587597367318
0,0.9652263927075817,0.008536242692309943,0.02623736460010855
2,0.04305414285511569,0.10354522503494307,0.8534006321099412
0,0.8965393531584281,0.014879440165437276,0.08858120667613442
0,0.8772951411332178,0.018085914507478897,0.10461894435930329
0,0.3381948404911084,0.09553218688070031,0.5662729726281913
0,0.8146141635401384,0.010301875613115921,0.17508396084674582
2,0.5758250868206481,0.035964140419601956,0.3882107727597498
0,0.7335919308105858,0.05405576336834286,0.2123523058210712
0,0.8300131487300774,0.007737785631480208,0.1622490656384424
0,0.6353647868083636,0.04442789618107707,0.32020731701055916
2,0.9540685990427454,0.004147264784385331,0.04178413617286931
0,0.819523668301932,0.014247770538988456,0.16622856115907944
0,0.49740372630684004,0.07310531598186064,0.4294909577112994
1,0.12003758206034329,0.18432456982805223,0.6956378481116041
0,0.9024514064198036,0.012650027898544287,0.08489856568165191
0,0.9521658397230706,0.009321165115175684,0.03851299516175377
0,0.8582657534663589,0.005461043235496503,0.13627320329814438
0,0.8810115726706799,0.015370415607224179,0.10361801172209585
0,0.9479621538944973,0.00864493959539021,0.04339290651011289
0,0.9470182300150329,0.004580686791199005,0.0484010831937677
2,0.10174810897399177,0.0014803849000740194,0.8967715061259343
2,0.39969586811340646,0.12947647215603694,0.4708276597305568
0,0.9298660900778467,0.017213192570557766,0.052920717351595425
2,0.35902611784642385,0.09714826170760854,0.5438256204459677
2,0.31603758620905165,0.14534008151157496,0.5386223322793734
0,0.8651913092481643,0.0028957792527793745,0.13191291149905604
0,0.9317612577454096,0.013363221745271953,0.054875520509318224
2,0.35424030535716616,0.05187283407092612,0.5938868605719076
0,0.6367524182506105,0.023705454529609586,0.33954212721977983
2,0.17240688180159383,0.10580393203033948,0.7217891861680669
0,0.5794740848792556,0.13393482464465628,0.28659109047608805
2,0.09164435456295496,0.03289962332010608,0.8754560221169393
2,0.0027156060321174387,0.0051599879628754786,0.9921244060050071
2,0.010070408847582762,0.004076481034035058,0.9858531101183823
2,0.025162918583749104,0.006646956103492287,0.9681901253127585
0,0.9570594026414823,0.008899569500937928,0.03404102785757969
0,0.879903598810038,0.007523108506475147,0.11257329268348677
1,0.34044302903756907,0.0914391329638833,0.5681178379985474
2,0.048956936789314266,0.0849946592115033,0.8660484039991824
0,0.9406214418053167,0.009205286027437627,0.050173272167245674
2,0.46887016856779407,0.04040882711287793,0.49072100431932786
0,0.3553191802367214,0.059172905044076594,0.585507914719202
0,0.7712266756785066,0.024605800135893835,0.2041675241855997
0,0.8731246855413498,0.032555988495011026,0.0943193259636394
0,0.953735298539982,0.004656293601877296,0.04160840785814084
0,0.9360336754411623,0.0036079885034167817,0.06035833605542078
0,0.5449739778275596,0.0215300046771927,0.4334960174952476
2,0.13733200950761099,0.08778101908262725,0.7748869714097614
0,0.9603791023671804,0.006680347714275203,0.03294054991854443
2,0.8559422492964107,0.0036244107593471748,0.14043333994424184
2,0.011595343919153987,0.009953548489969655,0.9784511075908762
0,0.9553580285654508,0.010438614945489639,0.03420335648905939
0,0.9625108696070886,0.007522614330804936,0.029966516062106173
0,0.9477960953607215,0.010268395000228598,0.041935509639049955
0,0.9609332057286165,0.009308527388684148,0.029758266882699284
0,0.9146008192692565,0.01533411915489042,0.07006506157585307
0,0.9539005865405972,0.010674953059104016,0.03542446040029865
0,0.9282768886784903,0.025593148264207968,0.04612996305730168
0,0.9533908723069854,0.0069097543235733735,0.039699373369441376
2,0.13560745952951966,0.08604504210666922,0.778347498363811
0,0.8062926301975528,0.013518296817259958,0.18018907298518716
2,0.12671993787658437,0.022497376921757947,0.8507826852016577
0,0.8642240652923916,0.015840979287626945,0.11993495541998146
2,0.1941794597652707,0.030856160496555263,0.774964379738174
0,0.9147681191137508,0.051636812531074536,0.03359506835517472
2,0.02085867739176049,0.016872924589960675,0.9622683980182786
2,0.5171597538492413,0.07656364361551699,0.40627660253524167
0,0.8912041987879828,0.00861868083849159,0.10017712037352522
2,0.2395956869670005,0.02107882946689005,0.7393254835661094
0,0.9611329217595217,0.005978823476142431,0.03288825476433599
0,0.9086673724419028,0.012435120469075378,0.07889750708902218
0,0.8533927976731173,0.007887148207802286,0.13872005411908014
2,0.6553724544760237,0.06332557242484026,0.281301973099136
0,0.951343307781639,0.012530092393642132,0.03612659982471882
0,0.4182000894216104,0.053554546287954904,0.5282453642904346
2,0.24375169934826627,0.11919189058221843,0.6370564100695155
2,0.04544854648681416,0.11976296030519121,0.8347884932079946
2,0.12409603448804733,0.05037633685784953,0.8255276286541029
2,0.03375284992419387,0.01006013704754734,0.9561870130282589
2,0.015117658640388375,0.013373097678493949,0.9715092436811176
0,0.8085690708787233,0.01742109378544649,0.17400983533583012
2,0.008256405771975471,0.019556684954259714,0.9721869092737648
2,0.4054958887916612,0.06474978499189002,0.529754326216449
2,0.003534374778108911,0.014062741277939455,0.9824028839439516
2,0.03901708410636982,0.005494505494505495,0.9554884103991247
0,0.8826301948587877,0.03477238496135087,0.08259742017986146
2,0.8033613353627759,0.012771668166376739,0.18386699647084723
0,0.8763598299752732,0.03741392543301884,0.08622624459170805
0,0.93770097417884,0.0076743097622337785,0.05462471605892629
0,0.8847052638155248,0.009432769474193952,0.10586196671028139
0,0.635587374476313,0.052078256810362704,0.31233436871332426
0,0.5129846413990546,0.02807957096341073,0.45893578763753473
0,0.9548859147767537,0.012516795012163377,0.032597290211083034
2,0.11441051552632689,0.08745617231973608,0.798133312153937
2,0.30845711078775834,0.07640025841060097,0.6151426308016404
2,0.668335501228644,0.016119933550279773,0.3155445652210764
2,0.1215885070651041,0.06843529794815201,0.8099761949867438
2,0.004456388120345028,0.0027723672664051314,0.9927712446132497
0,0.9559325956332794,0.00945616962035269,0.03461123474636783
2,0.1961613198295166,0.08273090527038214,0.7211077749001015
2,0.0016215415470167284,0.018210325553498833,0.9801681328994845
0,0.9514658737751015,0.005028174679943384,0.04350595154495495
0,0.8805665425374279,0.016144020392623807,0.10328943706994806
0,0.8409306111740004,0.01948262584751227,0.1395867629784871
2,0.013000366635589641,0.006809121915189433,0.980190511449221
2,0.08941708695545392,0.008435848266786748,0.9021470647777594
1,0.8083565352835116,0.032670526845530706,0.15897293787095793
0,0.11474641479748596,0.018154772312738758,0.8670988128897753
0,0.8244249826926375,0.004852898177267989,0.17072211913009464
2,0.6008283715104736,0.04099083671319046,0.35818079177633594
0,0.9298325533586027,0.024330322844665495,0.04583712379673195
0,0.347904959754141,0.14335691759141236,0.508738122654447
0,0.9463535784881765,0.00244922553356135,0.05119719597826204
0,0.5548929131224283,0.08719621876632162,0.35791086811124995
2,0.015172618462042545,0.020778383228014705,0.964048998309943
2,0.0011295929897716438,0.005184619180253394,0.993685787829975
2,0.08896849215308598,0.03152320142764836,0.8795083064192656
2,0.8586736539352772,0.002433467026469146,0.13889287903825356
0,0.6378454857032426,0.05942135325882637,0.302733161037931
0,0.29300707018053496,0.12938453815203987,0.577608391667425
2,0.5576001411427066,0.029530466441795435,0.4128693924154981
0,0.872858668901518,0.019963964892603134,0.10717736620587878
2,0.8470459674934848,0.018920059822196324,0.13403397268431871
0,0.9358349035505259,0.006370853388384947,0.05779424306108905
0,0.7319451024005044,0.01025124278907469,0.2578036548104209
2,0.5522112227267043,0.05327895045997771,0.3945098268133181
2,0.6913684344769891,0.02571102849495452,0.28292053702805653
0,0.9268766721669413,0.014361193900206244,0.05876213393285242
0,0.6217156053243562,0.029515191227018633,0.348769203448625
2,0.226865536210877,0.041013239847788874,0.7321212239413342
1,0.3171722763739735,0.0686626829727535,0.6141650406532729
0,0.7962772955240216,0.012741453781732663,0.19098125069424557
2,0.0073436491156515975,0.03226572416514945,0.9603906267191991
0,0.8760621863571763,0.007024818923816514,0.11691299471900746
0,0.16011501310851142,0.04642018872423728,0.7934647981672514
0,0.9500986230690075,0.005109246096208156,0.0447921308347845
2,0.06942612729222526,0.028304743988282716,0.9022691287194919
1,0.5136875926422015,0.1210297971332534,0.36528261022454495
0,0.9515455077570923,0.008275242488077905,0.04017924975482967
2,0.26715754036714606,0.03356580145717932,0.6992766581756744
0,0.9100552762720738,0.006646684885045292,0.08329803884288065
0,0.9087305779792134,0.014533543603381632,0.07673587841740478
0,0.6434812451697419,0.029730291824591453,0.3267884630056666
1,0.5863793686540154,0.08900095474949563,0.32461967659648894
2,0.006134174903065352,0.004882776865535486,0.988983048231399
2,0.31612961150393193,0.07390254854844439,0.6099678399476237
2,0.314420975379913,0.04705173272352015,0.6385272918965669
2,0.1438628625243821,0.027412919861263325,0.8287242176143547
2,0.1321822251258838,0.11794845566423885,0.7498693192098773
0,0.9442102033267546,0.007756349524940822,0.048033447148304195
2,0.5624482679573732,0.025941988234877717,0.41160974380774923
0,0.5225932635413311,0.03605297413809538,0.44135376232057383
1,0.36476431700876727,0.12129572720728009,0.5139399557839524
2,0.049139519213895214,0.01636977140806679,0.9344907093780378
0,0.8689062946966541,0.04318905771280313,0.08790464759054269
2,0.13568915043506388,0.11557437273515889,0.748736476829777
0,0.9065178874432978,0.013198319763835353,0.08028379279286688
0,0.6140975670984696,0.1210570619911775,0.2648453709103528
0,0.912467640620152,0.031137337424384633,0.05639502195546309
2,0.02393904260922147,0.16281884713683992,0.8132421102539386
0,0.956958848942094,0.006384517088700801,0.03665663396920544
2,0.36509858766798614,0.1092129971535645,0.5256884151784492
0,0.9418645790853813,0.007781965987819022,0.050353454926799435
0,0.8458077550471927,0.025439764906553863,0.12875248004625348
2,0.1247300384225715,0.09746684826217503,0.7778031133152534
2,0.08890498261423123,0.03917738862188683,0.8719176287638815
0,0.7549630871054352,0.05742377666980013,0.1876131362247643
0,0.9435441840266995,0.022441794871172573,0.034014021102127825
0,0.9585441260301067,0.009972584687420542,0.03148328928247263
0,0.8785515850254705,0.0022317110489140594,0.11921670392561534
2,0.9454244570253165,0.006585087616880538,0.047990455357802775
0,0.9510243971300197,0.014884990669733143,0.03409061220024691
0,0.5181025265597013,0.11385323583310503,0.36804423760719357
0,0.5131932161988025,0.13390763195456384,0.3528991518466338
0,0.7769973983223671,0.010136515478124195,0.21286608619950856
1,0.570522483743711,0.10722253646760542,0.3222549797886836
0,0.9609213087655624,0.008532539303799973,0.030546151930637627
0,0.4245242848215959,0.045360801779140474,0.5301149133992638
0,0.19171200499520144,0.057321234258600764,0.7509667607461976
0,0.8926560357499578,0.008278876464194862,0.09906508778584706
0,0.222302938305579,0.06503883962829068,0.7126582220661304
0,0.8820146859967766,0.028669676233295114,0.08931563776992842
2,0.45024246055038153,0.03084202810736373,0.5189155113422549
2,0.11989421053587969,0.06383674472058175,0.8162690447435388
2,0.9115131968962373,0.01320071806414336,0.07528608503961945
2,0.11681933536315196,0.06343150793209146,0.8197491567047565
2,0.8925842513024881,0.018058774984576108,0.08935697371293584
0,0.9599338285352716,0.008163018150548838,0.0319031533141795
2,0.5040964083342133,0.0872992241981789,0.40860436746760787
0,0.5559404714759004,0.07907826319173483,0.3649812653323647
0,0.9517332659567599,0.005672376834235951,0.0425943572090043
0,0.9455164582469688,0.009205721776784574,0.04527781997624662
0,0.9478129401479095,0.008904340786192995,0.04328271906589777
2,0.015208166438280595,0.03785740205468755,0.9469344315070318
2,0.8316055088588974,0.05247694528633737,0.11591754585476513
0,0.95746931270217,0.006801794720468668,0.03572889257736158
1,0.6605921845157786,0.11358888633357096,0.22581892915065033
0,0.9555766122747575,0.0059734658703693745,0.03844992185487281
0,0.6905675097426919,0.03141886146499328,0.27801362879231467
0,0.9371254122317366,0.007838123875692722,0.05503646389257046
2,0.14029685716127446,0.01219983964102997,0.8475033031976954
0,0.9520165970747374,0.01133913508245758,0.03664426784280505
2,0.20904505405039467,0.028721596834265343,0.76223334911534
2,0.7801696884307212,0.013750905247123142,0.2060794063221555
2,0.08546219689573313,0.06885129286102763,0.8456865102432396
0,0.28387024836724256,0.07794906956190763,0.6381806820708499
2,0.0014191765617163456,0.017579494210086942,0.9810013292281967
2,0.606662180653922,0.112917684837734,0.2804201345083441
0,0.9007649273340288,0.01420363902740407,0.08503143363856713
0,0.4637905901393665,0.04717842217738151,0.48903098768325165
0,0.9397574847067102,0.012217510846634404,0.048025004446655514
0,0.12709507133763748,0.02034684406770232,0.8525580845946603
0,0.9397154974761502,0.00926160417974823,0.05102289834410134
0,0.4147000038112925,0.025568489365787997,0.5597315068229196
1,0.16954178556111085,0.08985324149130379,0.7406049729475856
0,0.6237127199330754,0.01601731802139643,0.3602699620455281
0,0.8288028400224122,0.016842298617391307,0.15435486136019624
2,0.20107115080710494,0.08093949913173258,0.7179893500611625
0,0.3928603204080622,0.08526101484429428,0.5218786647476437
0,0.8615472961374353,0.002674201829647036,0.13577850203291764
0,0.9541067368344851,0.006215090212570113,0.03967817295294484
2,0.9538345931046908,0.008852453083817897,0.037312953811491335
0,0.9599556932087646,0.006212446215503476,0.03383186057573238
2,0.22551672967319078,0.028350331079616545,0.7461329392471928
2,0.650004518562419,0.057402045435467126,0.2925934360021139
2,0.05031640312421567,0.14036559642089688,0.8093180004548871
2,0.0043555670939176725,0.11078458462360366,0.8848598482824788
0,0.7872200461651199,0.008876460252984088,0.20390349358189597
0,0.8366292601591258,0.003927533991594231,0.15944320584928
2,0.0016936074146569218,0.001510989010989011,0.9967954035743543
2,0.3531321365776013,0.09444783645672931,0.5524200269656695
0,0.8875034150393923,0.014403272668229569,0.09809331229237785
0,0.9535877343311439,0.006771125133073981,0.03964114053578231
0,0.6183057467168737,0.034301119494885846,0.3473931337882405
0,0.482136202004321,0.08373320912903923,0.4341305888666397
0,0.2814578026678216,0.11588390733143686,0.6026582900007414
0,0.7669133228703738,0.022482105601119688,0.2106045715285059
0,0.9635504463190842,0.006165247785435396,0.03028430589548032
0,0.7880117878283311,0.018045129844334602,0.1939430823273343
1,0.4477665066311867,0.20635939318783098,0.3458741001809824
0,0.19539003152489537,0.10545394901261157,0.6991560194624931
0,0.8747879244336947,0.04091388739863671,0.08429818816766874
0,0.7555635649159899,0.0565755409611624,0.18786089412284798
2,0.003837329758988745,0.0010504201680672268,0.995112250072944
2,0.6594026427598306,0.07508418318374481,0.2655131740564245
0,0.37145411472264894,0.05431337184064411,0.5742325134367073
0,0.9532150488466574,0.006431751986548531,0.040353199166794106
2,0.12843035279047418,0.06139242830431839,0.8101772189052074
0,0.9571657987116892,0.0058344254750969165,0.036999775813213565
2,0.00021905805038335157,0.0006575392086471993,0.9991234027409696
0,0.9481488952379367,0.007084546780843999,0.044766557981218945
2,0.9060606651846336,0.011232891876530947,0.0827064429388355
0,0.583910954244477,0.10923020958620917,0.3068588361693136
0,0.45866981105139903,0.02577853132759719,0.5155516576210037
2,0.00120414924036136,0.008536920133250381,0.9902589306263883
0,0.9532170723190986,0.007023172389350843,0.039759755291550666
0,0.956252207314539,0.006375850534801225,0.03737194215065968
0,0.7490430579644102,0.06745702605125686,0.18349991598433293
2,0.017108168336485305,0.0311009229188046,0.9517909087447101
