target,prediction_0,prediction_1,prediction_2
2,0.06401660500240453,0.009865183003256357,0.9261182119943391
0,0.9696581828995884,0.004072317327081005,0.02626949977333053
0,0.9733406811208837,0.0026448183369007917,0.02401450054221565
2,0.08244238593182168,0.017748353313721134,0.8998092607544572
0,0.9347519494321349,0.00457321138501075,0.060674839182854254
0,0.7579442925939203,0.00631930604831823,0.23573640135776158
0,0.8971265234340013,0.014869877345742147,0.08800359922025647
2,0.028516144955142198,0.002116197429023964,0.9693676576158339
0,0.9744120812476555,0.0015981139278362822,0.02398980482450807
1,0.3205827473439983,0.02307771582398302,0.6563395368320187
2,0.07438982199126275,0.006934532404991835,0.9186756456037454
0,0.8831339609879166,0.011097293638429212,0.10576874537365415
0,0.9143637478628434,0.012303825102060732,0.07333242703509599
0,0.7913893736079977,0.020730949829477062,0.1878796765625254
0,0.9432641680312472,0.010532564260147344,0.04620326770860546
2,0.26139003949718065,0.027015971002474392,0.711593989500345
0,0.9465771149313686,0.003847451780754474,0.04957543328787697
2,0.8120311943950499,0.017903123935320463,0.1700656816696297
0,0.967201629062748,0.0032512240201397554,0.029547146917112205
2,0.17916853398751334,0.015018710843498534,0.8058127551689881
0,0.9181742436243991,0.008873361337642192,0.07295239503795874
1,0.5119109886632505,0.07453399385477295,0.4135550174819765
2,0.09037044745903279,0.00570128098295823,0.903928271558009
0,0.9581923680939606,0.0024245904487428375,0.03938304145729659
0,0.5250760124352968,0.01771109949693299,0.45721288806777033
0,0.9544394281132497,0.008369509851789242,0.037191062034961066
0,0.9580424137439673,0.004131382861782308,0.03782620339425062
0,0.9626583971327392,0.0032179352145962456,0.034123667652664676
0,0.6460775315261846,0.019815932593806367,0.3341065358800089
0,0.9558528115256482,0.004961143339306749,0.039186045135045
2,0.0536639377891186,0.00945225886006657,0.9368838033508149
2,0.24333057087882407,0.02518711090538897,0.7314823182157869
0,0.3948835903488369,0.08043656258785482,0.5246798470633083
2,0.5130320454771621,0.014761638465580837,0.4722063160572571
0,0.8653537612815333,0.026939792640353444,0.10770644607811329
2,0.056622000907548986,0.017232833225658533,0.9261451658667925
2,0.42867296118042375,0.03393392676732602,0.5373931120522503
0,0.9159928939533601,0.020286837450292895,0.06372026859634691
0,0.4550578681099073,0.1091702964475548,0.43577183544253784
0,0.8138537338651066,0.025960719124071628,0.1601855470108218
0,0.8533809807997348,0.002756558413995724,0.14386246078626957
2,0.014690087105958038,0.9188115799179963,0.0664983329760456
0,0.9152783712352308,0.004629414232010848,0.08009221453275833
0,0.9603772148913311,0.002377255252098038,0.037245529856570855
0,0.9473902401989286,0.004920888412983224,0.04768887138808837
0,0.5456289681644071,0.06196768339074114,0.3924033484448518
0,0.8472907928277651,0.005604764861214904,0.14710444231102007
2,0.8339769779314914,0.013074133774239485,0.15294888829426925
0,0.847390288075975,0.0054750666187688285,0.14713464530525627
2,0.6819805944571579,0.039144599462264264,0.2788748060805778
0,0.9467468104692166,0.012161319772063073,0.04109186975872039
0,0.9770156109575026,0.0029236282989642593,0.02006076074353318
2,0.06419935797898459,0.0056441204084041255,0.9301565216126113
2,0.26969681853766125,0.02722664230867993,0.7030765391536589
2,0.1574486137580914,0.01266264063177824,0.8298887456101304
0,0.8627458607919904,0.007206839253221496,0.1300472999547879
0,0.8468689847036662,0.04888336409476485,0.10424765120156912
0,0.7803117423875825,0.059933469981394184,0.1597547876310234
0,0.9697276737208067,0.0020168877395929955,0.028255438539600393
0,0.8370574177361358,0.0576012525422577,0.10534132972160641
1,0.936497096516922,0.004693089768303853,0.058809813714773986
2,0.8786680753587268,0.006913453127387265,0.114418471513886
0,0.927172177755745,0.009008050539583826,0.06381977170467096
2,0.1523669793143519,0.006408017403944075,0.8412250032817041
2,0.11857647534958694,0.03348486546539739,0.8479386591850157
2,0.038669595103864515,0.004698999925805507,0.9566314049703301
1,0.9150994850591485,0.014661337924748021,0.07023917701610347
2,0.2501292863866435,0.006928798253032481,0.7429419153603241
2,0.06790260890077772,0.03767616188755049,0.8944212292116719
0,0.9094024204825474,0.0034269240905341943,0.08717065542691839
0,0.9660608772392193,0.0042836945130981675,0.029655428247682563
0,0.8376390922986949,0.004269852024140963,0.15809105567716394
0,0.9621295728324641,0.006410412627663868,0.03146001453987206
0,0.9334591545150391,0.01847389285628716,0.04806695262867378
2,0.015906144529703983,0.001711435670680912,0.982382419799615
2,0.06157156587560145,0.003419477269524046,0.9350089568548746
0,0.9571522567164381,0.006019640295202649,0.036828102988359236
0,0.5067589134872093,0.009539006438642935,0.48370208007414783
0,0.9010243900920822,0.013572512818697919,0.08540309708921995
0,0.893790333352939,0.0058489585121319606,0.10036070813492909
0,0.6359991656444375,0.023981887606482618,0.34001894674907995
2,0.7348196036324475,0.015034656234114655,0.25014574013343793
1,0.7226141533862809,0.004702248509486433,0.27268359810423276
0,0.8883879365801076,0.014087530615114835,0.09752453280477763
0,0.876951538085393,0.007285363031542572,0.11576309888306432
2,0.6805268019072565,0.015219626088233853,0.3042535720045096
0,0.9604877905305873,0.003465092481485723,0.036047116987927
2,0.05519690120075013,0.006766404407871921,0.9380366943913778
0,0.963891244152423,0.004990144763535523,0.031118611084041497
0,0.9029697668098647,0.006190252310714604,0.09083998087942054
0,0.8653162178372064,0.004733767285733305,0.12995001487706037
0,0.8379633905320427,0.013932024723891621,0.1481045847440658
0,0.9019065093570324,0.01660379343201793,0.08148969721094967
0,0.9566155532065302,0.004864347243133323,0.03852009955033633
0,0.9566608885684604,0.0030824890199201323,0.04025662241161951
0,0.9648290376442861,0.005114481627320187,0.030056480728393824
0,0.9621259273956911,0.0031173139559472975,0.034756758648361565
2,0.023401395243813163,0.009801838015722963,0.9667967667404638
0,0.9664895163744333,0.0038281564478946407,0.02968232717767213
0,0.5262013756035387,0.005011218234776648,0.4687874061616847
2,0.037359931619429645,0.06581736604786655,0.8968227023327039
2,0.03571026324323789,0.0030640540169559155,0.9612256827398062
2,0.0681979292797267,0.008468560055310062,0.9233335106649632
2,0.06617715909465935,0.09515867773920439,0.8386641631661363
0,0.9564909255906391,0.0032958859452933403,0.04021318846406763
0,0.8984479391283634,0.046985859681721996,0.05456620118991458
0,0.964619181200903,0.004076900314785107,0.031303918484311896
2,0.5064868546381327,0.013721176486234306,0.47979196887563286
0,0.4573195490569289,0.020944302127452956,0.5217361488156181
2,0.2740638148849685,0.05861128479303724,0.6673249003219943
0,0.9303195483545957,0.0083551411225108,0.06132531052289358
2,0.1237000221459127,0.017315352970143114,0.8589846248839441
0,0.9456463976955102,0.003260801319085415,0.05109280098540443
2,0.07474702070629245,0.009671418574780759,0.9155815607189269
0,0.9598640896053285,0.002214673341692372,0.037921237052979125
0,0.6801215390487151,0.01607090388176928,0.3038075570695157
0,0.9609679608959085,0.002474346604850281,0.03655769249924114
0,0.9564804375214703,0.0022984475961342937,0.041221114882395514
0,0.9360893834875155,0.006144963658060191,0.05776565285442441
2,0.5278712324533135,0.01968532402665919,0.4524434435200273
0,0.8616878526534618,0.0058685564870846725,0.13244359085945348
0,0.9439834766510316,0.004620651815826053,0.05139587153314233
0,0.7963574797851948,0.11353397603349515,0.09010854418131013
0,0.9558536424879462,0.005132364463216628,0.03901399304883712
0,0.4566962063343243,0.009338267517861345,0.5339655261478143
0,0.6348376753786946,0.03411256164054468,0.33104976298076083
0,0.9350414049860181,0.005880416579818831,0.05907817843416314
0,0.9314964569092337,0.003817625292899401,0.06468591779786693
2,0.22463694246013718,0.013334651719471863,0.762028405820391
0,0.8664216903412401,0.012424872512836145,0.12115343714592383
2,0.11421126246780833,0.008094962553496144,0.8776937749786955
0,0.9447536869706553,0.003994168361290098,0.0512521446680546
2,0.03854682229756962,0.004547830701827951,0.9569053470006024
0,0.9440020690695043,0.011535772160126948,0.04446215877036851
2,0.6386726740703178,0.14500288814277973,0.21632443778690238
2,0.4769954579714152,0.011579951722990227,0.5114245903055946
0,0.7449710498816392,0.003837315519399659,0.25119163459896116
0,0.9742746364610594,0.002512909501635307,0.023212454037305416
0,0.9525766609666486,0.003915306368430457,0.0435080326649208
2,0.6963197550871242,0.007440862805440446,0.2962393821074354
0,0.5837068243105504,0.02424929364552258,0.39204388204392704
0,0.31865280155813575,0.14177359557644123,0.5395736028654231
0,0.9019527042284439,0.014860918619080227,0.08318637715247576
0,0.7628859248161992,0.004661361289809324,0.2324527138939914
0,0.8498816017211326,0.010384667238704232,0.13973373104016332
0,0.9270080212274735,0.003511992092586546,0.06947998667993995
2,0.05354549853121637,0.0050621301148527885,0.9413923713539308
0,0.9535265844049448,0.0035415450880992875,0.042931870506955835
0,0.8534470983402549,0.07677752687891504,0.06977537478083001
2,0.222474275865979,0.10525506046174854,0.6722706636722724
0,0.9685366765644579,0.0021534735340663115,0.029309849901475813
2,0.5414001384364832,0.010358653941545753,0.44824120762197106
0,0.9603461911055577,0.0041094805187476,0.03554432837569465
0,0.8640879090887434,0.006387988735168905,0.12952410217608773
0,0.2831941002004611,0.010866466982191837,0.7059394328173472
0,0.8911819087976739,0.005881976979852388,0.10293611422247381
2,0.04933081257217144,0.004569441977317025,0.9460997454505115
2,0.04525703188003775,0.007389450845782664,0.9473535172741797
2,0.7303934153737554,0.007977595953118486,0.2616289886731261
0,0.9553794737851203,0.0022355049902219645,0.04238502122465766
0,0.05021990692484125,0.018379873393400126,0.9314002196817587
0,0.9627803829474736,0.003310555760326376,0.03390906129220003
2,0.8380405300971914,0.008925444418105055,0.15303402548470346
2,0.7971007380161018,0.01765454689223801,0.1852447150916601
0,0.9230625827836014,0.006412737981936864,0.07052467923446158
2,0.6898954522178145,0.050699877229522655,0.25940467055266286
0,0.9726299923969002,0.0029596412100279484,0.024410366393071946
2,0.02757605276252926,0.0031049362140549695,0.9693190110234158
2,0.7942389475004452,0.012067956236050824,0.19369309626350392
0,0.8025382924673443,0.008195448610981652,0.189266258921674
0,0.6583447331118124,0.06733457981974393,0.2743206870684436
1,0.3644240979001309,0.04797855110232971,0.5875973509975394
2,0.1785266223943333,0.008237527187318825,0.813235850418348
0,0.8849798495092034,0.011626072442417876,0.10339407804837866
2,0.2522990857917384,0.1257982161351709,0.6219026980730907
2,0.07487353712182569,0.01206023314603996,0.9130662297321344
0,0.9445907305241734,0.004198766579616798,0.051210502896209584
0,0.13041427932128175,0.03682379164604983,0.8327619290326684
2,0.2106474470714243,0.026015490225254567,0.7633370627033211
0,0.9135374019348504,0.002408303503833654,0.08405429456131606
0,0.30654027551081814,0.03292136896238367,0.6605383555267982
0,0.6205138096744477,0.01956311701388878,0.35992307331166346
2,0.024334639357389578,0.0013311924390837849,0.9743341682035267
0,0.9678329461020725,0.0025226880996634983,0.029644365798264044
2,0.3035092961527799,0.012169908946369141,0.684320794900851
2,0.4126609802164252,0.032347336869793214,0.5549916829137814
1,0.5137620670865505,0.20293132920545262,0.283306603707997
0,0.562527208446931,0.02563001232216208,0.4118427792309069
2,0.16402329088650067,0.003939192598290212,0.8320375165152091
2,0.33156894482454546,0.02958296517553039,0.6388480899999242
0,0.6579469423288445,0.013963338893917486,0.328089718777238
0,0.9452112614671981,0.002315008502650049,0.052473730030151766
0,0.8662237011286764,0.009874953600938388,0.1239013452703853
2,0.25210972801241954,0.014863117296421167,0.7330271546911593
2,0.25109613151702587,0.01023165739747801,0.7386722110854962
0,0.9639728586641884,0.004633979579329523,0.03139316175648223
0,0.7741681219287292,0.01894617493380664,0.20688570313746424
0,0.9595269558974393,0.00404816878720942,0.036424875315351296
2,0.9185500252595881,0.006461923497901641,0.0749880512425104
0,0.9318603380266831,0.006004787073689791,0.0621348748996271
0,0.9292672098864444,0.006605466075976928,0.06412732403757862
0,0.9750935600960738,0.0014591712537665523,0.02344726865015971
2,0.7227238410801355,0.008075079912036319,0.26920107900782814
0,0.9603660964236699,0.00509097213878789,0.03454293143754222
0,0.9271085196811767,0.006486672656235415,0.06640480766258795
0,0.28700019814610495,0.023195086880049738,0.6898047149738453
0,0.937552929070846,0.0027544710680527137,0.05969259986110132
2,0.5252714742447553,0.013779521843676224,0.46094900391156857
0,0.9476589264876786,0.006558004700563191,0.04578306881175826
2,0.11406516193382732,0.007540861330982891,0.8783939767351897
0,0.9528976065110167,0.007098484812068867,0.040003908676914356
2,0.8700453408699467,0.015874066857635132,0.11408059227241812
2,0.03967033900018266,0.009485351469420028,0.9508443095303973
2,0.033740332623452336,0.004165898830022383,0.9620937685465252
0,0.5150933854021704,0.045265214821851724,0.4396413997759778
0,0.9120986952627543,0.003667119090007127,0.08423418564723843
0,0.9370263518281352,0.0058684206051564615,0.05710522756670845
0,0.8556121843707161,0.01214282385886864,0.13224499177041527
2,0.5944655857424377,0.01042287063926189,0.3951115436183004
0,0.9614605069659768,0.004034647857227718,0.034504845176795265
0,0.3703989413040441,0.1566034656110449,0.47299759308491085
0,0.9546506316436947,0.0028583615983154734,0.04249100675798985
2,0.928510966307739,0.006398754099862648,0.0650902795923985
2,0.7587302162172707,0.011988469840935309,0.22928131394179402
2,0.0663011945640209,0.013472448841454668,0.9202263565945245
0,0.9643095586527125,0.0027374942897077674,0.032952947057579715
0,0.9560640041621141,0.005769930258014639,0.03816606557987118
2,0.5369262278940832,0.009539979428146808,0.45353379267777
2,0.06940406045371812,0.0026144762150409253,0.927981463331241
2,0.06891196749075816,0.012833884966668627,0.9182541475425732
0,0.9186576901078256,0.0022241638367181335,0.07911814605545628
2,0.056181061835502887,0.04623215203100269,0.8975867861334943
0,0.917343172504247,0.008828993149781757,0.07382783434597129
0,0.9519052857567829,0.005662551425738672,0.042432162817478344
0,0.3896426388798549,0.01500707866163686,0.5953502824585083
0,0.6191665327991878,0.04533399123531916,0.33549947596549307
2,0.730845230452012,0.00997730106090607,0.25917746848708195
2,0.926818880130628,0.0028590485641966073,0.0703220713051756
0,0.9804671164237324,0.0011982173428514821,0.01833466623341613
2,0.29204050509927004,0.011498260234501807,0.6964612346662282
2,0.042936131983195826,0.006891824834063079,0.9501720431827412
0,0.8034518182516459,0.009668049618882022,0.18688013212947208
0,0.948819089958029,0.004324284677260437,0.04685662536471063
0,0.9612627668104773,0.00320124499292229,0.03553598819660038
0,0.8647405437788942,0.006005891868224618,0.12925356435288102
2,0.049271733010284015,0.008345551950051338,0.9423827150396645
0,0.27034814364155557,0.01881017425982922,0.7108416820986153
0,0.8125479652047816,0.009244882495601434,0.17820715229961703
2,0.18962200452355377,0.008640984790214601,0.8017370106862316
0,0.8986126177165658,0.0036841364464526346,0.09770324583698174
0,0.19258590637347228,0.13530925540871333,0.6721048382178143
2,0.09532517535902553,0.007405834524908981,0.8972689901160655
2,0.05599842227355498,0.006609133028318964,0.9373924446981261
1,0.5068286364256332,0.015323441981830097,0.4778479215925368
0,0.9595561541312982,0.0035138426080636664,0.03693000326063805
0,0.930690944348485,0.007596212100038281,0.061712843551476694
2,0.19885076494935622,0.029802724180611046,0.7713465108700327
0,0.8662048420066177,0.0038902009615958636,0.1299049570317863
0,0.9715627890006697,0.002575309041355915,0.025861901957974304
1,0.20352301018132282,0.35795466649603364,0.43852232332264357
0,0.9260981032241281,0.004870273597489085,0.06903162317838278
2,0.34687847188048043,0.06285549027549459,0.590266037844025
0,0.2966333180564062,0.013087861740751019,0.6902788202028427
0,0.9479787961709031,0.008198093938145929,0.04382310989095091
2,0.23213565219747093,0.1156135842965422,0.6522507635059869
0,0.5940980933841942,0.04071515565674448,0.3651867509590614
0,0.7493258669933852,0.03930516993676942,0.21136896306984532
0,0.7067441628900762,0.009388627765213224,0.2838672093447106
2,0.6301182859562577,0.025955210971342416,0.3439265030723997
2,0.028343694097046596,0.005774301756438099,0.9658820041465153
0,0.9135307823172804,0.028023587119325226,0.05844563056339441
2,0.07935423261352641,0.003647307196811937,0.9169984601896616
0,0.9043932310866876,0.004947548544131784,0.09065922036918075
2,0.5909633480436687,0.08057769687110161,0.32845895508522965
0,0.901289770933429,0.002967611687356746,0.09574261737921436
0,0.727372549476243,0.03062052479562617,0.24200692572813073
2,0.8709245880981,0.004947674305272354,0.12412773759662758
0,0.567081078793853,0.09392574094461506,0.33899318026153197
2,0.5449285139046783,0.0570087379643501,0.3980627481309715
0,0.9748499555851778,0.001440467306607674,0.023709577108214495
2,0.9440368505762723,0.00494165966961717,0.051021489754110666
0,0.8950409276768284,0.013257575379301143,0.09170149694387064
0,0.9460645478093181,0.004716774902144726,0.04921867728853731
0,0.7331178195822577,0.030534037935721996,0.23634814248202027
0,0.930595525003988,0.004795188559125586,0.0646092864368865
2,0.13569942667860024,0.008934252093569624,0.8553663212278302
0,0.6664417480223136,0.05195059544061373,0.2816076565370726
0,0.8784588066319368,0.008300900157056602,0.11324029321100655
2,0.07629628792125409,0.005063173173290421,0.9186405389054555
0,0.9697448517530376,0.0038183085489129722,0.026436839698049382
0,0.9667365658103032,0.004400056308747216,0.028863377880949524
0,0.9085533612270301,0.010714378497120583,0.08073226027584943
2,0.044178046414585725,0.002990642114006313,0.9528313114714079
2,0.012279856442499276,0.0020704511425225338,0.9856496924149781
2,0.14047527121412798,0.010279990033929069,0.8492447387519428
2,0.1463573617393905,0.01454301923569508,0.8390996190249145
2,0.31946594994782673,0.00820996629924163,0.6723240837529316
2,0.3824918664584007,0.018075348775057856,0.5994327847665414
0,0.9027269731921266,0.003949876303833728,0.09332315050403957
0,0.9687159156563218,0.00502950847684246,0.026254575866835855
0,0.9263797181896195,0.003957134691538685,0.06966314711884179
1,0.15888446693498606,0.7463260017737107,0.0947895312913032
1,0.7972520859727805,0.01761463007287101,0.18513328395434844
0,0.8674399463557522,0.021117977103145415,0.11144207654110252
2,0.0674238704070266,0.04429746104186734,0.8882786685511062
2,0.7191640199587298,0.012650828302056867,0.2681851517392134
0,0.6504183006915404,0.029211963985116534,0.3203697353233431
0,0.9761106779699461,0.0013933297838749608,0.022495992246178976
0,0.9569251972808118,0.0024798297633301706,0.04059497295585811
2,0.034196680856001985,0.003399651264810576,0.9624036678791874
0,0.5086770915934371,0.006317617829666649,0.4850052905768963
0,0.8308122278769599,0.011328840649377326,0.1578589314736627
0,0.9225229628502921,0.0037367008592960518,0.07374033629041189
2,0.5378678159829087,0.004555940356045516,0.4575762436610458
0,0.9564705133648002,0.004922241768716003,0.03860724486648381
0,0.9479972959331601,0.005045853005055522,0.04695685106178447
0,0.7973274358774481,0.07766626467781003,0.12500629944474184
0,0.9506226549255531,0.003662641196519134,0.04571470387792777
0,0.900535381907854,0.007339177343178955,0.09212544074896693
2,0.5752678504686359,0.025749818934594826,0.3989823305967692
0,0.9725643437526398,0.001465003828010709,0.025970652419349583
0,0.917134200326026,0.008697861554721461,0.07416793811925251
0,0.9404626891111413,0.00524201905995859,0.0542952918289001
2,0.777065848645415,0.01277826139833118,0.21015588995625392
0,0.33860398372112666,0.02447275131517067,0.6369232649637027
0,0.7728103958133187,0.017286266795872723,0.20990333739080858
2,0.03227322537554182,0.00200190551645155,0.9657248691080066
0,0.738164108814536,0.012562912187644602,0.24927297899781944
2,0.12792125718840525,0.06174539538075391,0.8103333474308408
2,0.7048174514221063,0.023642873877523982,0.2715396747003697
0,0.931112762424576,0.0037664694651454614,0.06512076811027846
0,0.9115160811100337,0.006960408293915583,0.08152351059605074
0,0.8188336303784648,0.007939647453506393,0.17322672216802898
2,0.4830655607702444,0.030063255058080236,0.48687118417167546
0,0.8632616984134448,0.03841061642147375,0.0983276851650816
2,0.9394569066555046,0.006408532065150914,0.054134561279344386
2,0.20049489175882276,0.018243330584015224,0.781261777657162
0,0.9781906513598294,0.0011766860056824215,0.020632662634488208
0,0.9077827819877153,0.007428011242292074,0.08478920676999246
2,0.07232183324806846,0.013257314441046275,0.9144208523108853
0,0.5340977246086351,0.021612346115627075,0.4442899292757378
0,0.599689868735356,0.00598881024155642,0.3943213210230875
0,0.7362482244183998,0.012747910215623437,0.2510038653659768
0,0.9390729131151441,0.007230274278249428,0.05369681260660657
0,0.6754045399447927,0.010212662604057296,0.31438279745115005
2,0.05408581507509099,0.006971171463069055,0.9389430134618401
0,0.9262103687410016,0.004055662699818957,0.06973396855917934
0,0.8019708570682124,0.017915328659637783,0.1801138142721498
1,0.32608448222005315,0.005887284581713657,0.6680282331982331
0,0.4742171209584725,0.018628434889613785,0.5071544441519138
2,0.17090910524929265,0.0047510183693898035,0.8243398763813174
2,0.1387266458976358,0.018593474980384113,0.8426798791219801
0,0.9045783943704514,0.007187017126033361,0.08823458850351536
0,0.9620674334165197,0.001583791660906619,0.03634877492257384
2,0.051301508842525996,0.006399744409040468,0.9422987467484335
0,0.8756877649217695,0.003995772325732366,0.12031646275249819
2,0.0811376220191702,0.007185590630853636,0.9116767873499761
0,0.9656097661967555,0.002252103689220846,0.032138130114023715
0,0.8921428576877625,0.0159931440301907,0.09186399828204682
0,0.8738291592829093,0.010817178034208395,0.1153536626828823
0,0.9740730730956901,0.002226054048815217,0.023700872855494548
2,0.20094174197334153,0.010914002812773877,0.7881442552138845
0,0.9718232519157168,0.001522827015892566,0.026653921068390617
0,0.9682710493185934,0.0028243258411094897,0.028904624840297027
0,0.7867571256751646,0.013486288660112184,0.19975658566472315
0,0.8513637560506828,0.021506289582387265,0.1271299543669299
2,0.6470971861663113,0.0093159659252324,0.3435868479084563
0,0.8851737798721807,0.0142177685826884,0.10060845154513075
0,0.28397926518577377,0.019395627539398552,0.6966251072748277
0,0.8325512672702974,0.011035983764350277,0.1564127489653524
0,0.9010515395691591,0.005163313901915692,0.09378514652892526
2,0.14402055107303402,0.01681972307778992,0.8391597258491761
2,0.1320713686590128,0.009735129676905728,0.8581935016640814
0,0.4710138644998463,0.016960410769996027,0.5120257247301577
0,0.9556784533884661,0.003859171813253589,0.040462374798280396
2,0.5298082440648259,0.11197181315410333,0.3582199427810708
0,0.8952658190743544,0.022732387004561507,0.08200179392108396
0,0.9472397351382006,0.00510694520534404,0.047653319656455397
0,0.9104313976679743,0.00687130450184871,0.08269729783017689
0,0.9590699276501808,0.0036423682348434706,0.037287704114975694
0,0.96224700681682,0.0036257107420700698,0.034127282441109824
0,0.36868540831633134,0.00882401962375771,0.622490572059911
2,0.06457965562356095,0.005934188017499525,0.9294861563589396
0,0.8354615349825042,0.009277552743139031,0.15526091227435665
0,0.8688799688272729,0.007872921583552137,0.12324710958917504
2,0.3758107783637292,0.010686768449167413,0.6135024531871033
2,0.4102315169308223,0.01574936300292692,0.5740191200662508
2,0.39062906347693266,0.0574756848969875,0.5518952516260799
0,0.5174243354448403,0.007149950314151171,0.47542571424100843
0,0.8717987382002768,0.01314029634280311,0.11506096545692007
0,0.9463519746872753,0.013703228489751777,0.03994479682297293
0,0.8043772457804071,0.008797539573845941,0.18682521464574697
2,0.6517867858824626,0.02247860425488519,0.3257346098626522
0,0.9774015370534074,0.0032163175673045924,0.019382145379288184
2,0.12361569296050118,0.019328077609860345,0.8570562294296384
0,0.9485876027085498,0.006808641884236479,0.04460375540721374
0,0.9583281865127286,0.002850155361544348,0.038821658125727285
0,0.35471525094058776,0.022591576781553845,0.6226931722778584
0,0.8015227658259035,0.013972064136756045,0.18450517003734032
2,0.7569998530045016,0.01974929269316457,0.22325085430233388
0,0.8227052132763162,0.02857627885136281,0.14871850787232102
0,0.7539224615832695,0.007868562024922927,0.23820897639180755
0,0.7443644153965845,0.007738689052060364,0.2478968955513551
2,0.9231343302020516,0.00493395313815895,0.07193171665978948
0,0.8837261484183674,0.005855454332272329,0.11041839724936031
0,0.6728039475091432,0.02865576863824624,0.2985402838526107
1,0.07692468510843145,0.16544435126184845,0.7576309636297202
0,0.9690700963197463,0.005293976248262989,0.025635927431990675
0,0.9626418140179996,0.003684809052344848,0.033673376929655455
0,0.9338291960002651,0.0029845491214665763,0.06318625487826812
0,0.9292527502136253,0.0043248023185457375,0.06642244746782888
0,0.9705366231901471,0.001959974023286077,0.02750340278656672
0,0.9729231025407961,0.001742616701378025,0.025334280757826108
2,0.1667892950999496,0.013736250458870333,0.8194744544411801
2,0.1993223234861774,0.041522710448323424,0.7591549660654993
0,0.9584635914043125,0.005476933769032394,0.036059474826655245
2,0.5714321691359546,0.02505206522995968,0.4035157656340857
2,0.2904369518470832,0.04894358023452491,0.6606194679183919
0,0.8465539574963893,0.004599817847963483,0.14884622465564729
0,0.9403842391934696,0.005867134127288886,0.053748626679241365
2,0.33520324925599876,0.01803961040033561,0.6467571403436656
0,0.5995567526663851,0.02200790859723541,0.3784353387363795
2,0.1816060771704766,0.01695243082839318,0.8014414920011302
0,0.6477552517432236,0.018300842985412128,0.33394390527136425
2,0.13411603790497423,0.007720490755061433,0.8581634713399644
2,0.04322848159613765,0.0037090452304365377,0.953062473173426
2,0.03624691000970794,0.0030156368236573003,0.9607374531666348
2,0.03190938487493287,0.002570826526762741,0.9655197885983043
0,0.9595966672860586,0.003734135999737517,0.0366691967142039
0,0.9052557299910214,0.0028485262224338097,0.09189574378654464
1,0.325303263211101,0.02683896158042826,0.6478577752084709
2,0.08745395969354944,0.025257098003828242,0.8872889423026223
0,0.9400799394313762,0.011861613505934017,0.04805844706268986
2,0.33308684212345824,0.019233130968718044,0.6476800269078238
0,0.12114741799945947,0.007722521590683827,0.8711300604098566
0,0.8978564713129413,0.00553654864475318,0.09660698004230545
0,0.9207705442219007,0.004672749724002108,0.07455670605409699
0,0.9602362327169178,0.003557354326127101,0.03620641295695491
0,0.9535737313267832,0.001730383527608654,0.04469588514560817
0,0.10993658603952887,0.008713035347813845,0.8813503786126573
2,0.1993918801516447,0.05570636394911699,0.7449017558992382
0,0.9659052340744023,0.0024937565074900983,0.03160100941810771
2,0.9026534741526795,0.007020187749919202,0.09032633809740127
2,0.0450972986098041,0.005291567070132837,0.949611134320063
0,0.969622824312958,0.003983529606745035,0.02639364608029703
0,0.9624085431383997,0.0020091706674047875,0.035582286194195484
0,0.9716501983369367,0.0026912855715848128,0.025658516091478525
0,0.9490333491579377,0.003961825027605005,0.04700482581445731
0,0.9635665144245587,0.003317535767930441,0.03311594980751091
0,0.9668065416781771,0.005479369119308592,0.027714089202514187
0,0.9265449725897517,0.010666143369695185,0.06278888404055319
0,0.9535795516623483,0.004268818222435444,0.042151630115216214
2,0.20963707032837894,0.0300534772780016,0.7603094523936195
0,0.6124061807895884,0.20080523003858772,0.18678858917182373
2,0.09705282261182442,0.011615631276997912,0.8913315461111776
0,0.9384990105540054,0.0028941427811975838,0.058606846664797076
2,0.3055890369214657,0.023743606481952215,0.670667356596582
0,0.5793616088051057,0.37233692135029767,0.04830146984459666
2,0.029060615302848286,0.003659631960554762,0.9672797527365968
2,0.5106779904477319,0.0950149222146361,0.3943070873376319
0,0.957108486365021,0.0038216182316640626,0.03906989540331486
2,0.08457224430602353,0.006559078794529544,0.9088686768994468
0,0.9727601876606968,0.0021652672285306755,0.025074545110772527
0,0.9607137205879382,0.0025389646488009976,0.03674731476326073
0,0.8748016784517847,0.005827574067027978,0.1193707474811873
2,0.650522878549557,0.07368508225378938,0.27579203919665357
0,0.965918257857095,0.004099306561097273,0.029982435581807704
0,0.43975608722768883,0.013289822445755294,0.5469540903265558
2,0.11307763789077005,0.012809177631759087,0.8741131844774708
2,0.05827496663959853,0.05354267803663114,0.8881823553237703
2,0.06994770848307896,0.004097435360760787,0.9259548561561602
2,0.08638191027072929,0.01235149581046726,0.9012665939188035
2,0.049161072478723304,0.0069044908435379315,0.9439344366777387
0,0.9122971587549474,0.005446418887864498,0.08225642235718814
2,0.022388955131079292,0.003087120022419261,0.9745239248465015
2,0.5867822441970775,0.03458796496397736,0.37862979083894516
2,0.04495422077306219,0.008459528636596667,0.9465862505903411
2,0.07430612516121972,0.0052928181427055335,0.9204010566960746
0,0.9018131298961461,0.029038681492808114,0.06914818861104569
2,0.7951435022268832,0.006492509076994291,0.19836398869612257
0,0.9205978171722327,0.011222788792663644,0.06817939403510367
0,0.9336915952386742,0.007331646763584794,0.05897675799774094
0,0.9480697861583371,0.0026094158453936565,0.04932079799626917
0,0.6144040297732508,0.059411041200262485,0.32618492902648677
0,0.5581977666318251,0.00811885672305572,0.4336833766451193
0,0.9539542824499176,0.005965459141749381,0.04008025840833316
2,0.08258856800740505,0.01835985558019648,0.8990515764123985
2,0.27594841863645825,0.015155146147764701,0.708896435215777
2,0.6605773600680317,0.01196115827665796,0.3274614816553104
2,0.08273022544592305,0.008164797544344314,0.9091049770097326
2,0.018905988203335392,0.0016202489813775336,0.9794737628152871
0,0.9673154092343611,0.0028375571622389945,0.029847033603399836
2,0.10202250812101527,0.0384338318369087,0.8595436600420759
2,0.023352144536374204,0.004531085639746461,0.9721167698238793
0,0.939080682381245,0.003722250438066769,0.05719706718068843
0,0.9639153141222593,0.002935189188767537,0.0331494966889732
0,0.9511319613498052,0.002579186239314095,0.04628885241088077
2,0.05236076728670872,0.005902999520371778,0.9417362331929195
2,0.07123833185196392,0.006695734995846367,0.9220659331521898
1,0.732182475584538,0.2021385642175032,0.0656789601979588
0,0.09183074148818679,0.004857221947441176,0.903312036564372
0,0.8293257844085848,0.0064048567442279705,0.1642693588471871
2,0.7402793884825019,0.0337517499677794,0.2259688615497188
0,0.9076321349128403,0.041940413358221906,0.050427451728937714
0,0.5355136027050025,0.10537757818894142,0.3591088191060561
0,0.9325891441684794,0.0048133153762299034,0.06259754045529078
0,0.5506221321269528,0.12269688149865883,0.3266809863743883
2,0.05174995513852458,0.004084515259568478,0.9441655296019069
2,0.04194398722356212,0.004764403442039108,0.9532916093343988
2,0.07499267098713253,0.009696000263264603,0.9153113287496029
2,0.8672699316973872,0.0048823650570076005,0.12784770324560504
0,0.583158086257376,0.022272180656072824,0.3945697330865511
0,0.6599081809089733,0.04921658416883917,0.2908752349221875
2,0.29920705363293243,0.007336275080640267,0.6934566712864273
0,0.9502736751051061,0.003641025828414924,0.04608529906647901
2,0.8676539166833692,0.008314854827257691,0.12403122848937306
0,0.9175691330264789,0.0052599910453203684,0.0771708759282005
0,0.8824479509581056,0.018074262681873274,0.09947778636002119
2,0.4386019360143275,0.07188907430741015,0.48950898967826234
2,0.5037564316097967,0.011106183898356815,0.4851373844918465
0,0.9499512072393509,0.008050567280500163,0.04199822548014906
0,0.4697819684059604,0.024816997942553695,0.5054010336514859
2,0.14007558131130932,0.015214767322216228,0.8447096513664744
1,0.5474315545634624,0.009750359347164748,0.4428180860893729
0,0.7638736367396415,0.03916783945036161,0.19695852380999684
2,0.03183005087318948,0.02904600346927244,0.9391239456575382
0,0.9339345284261318,0.0037313598975353113,0.062334111676332994
0,0.10869011800688888,0.06613753100810972,0.8251723509850014
0,0.9644418559704218,0.0025666229379110537,0.03299152109166721
2,0.03560945074951239,0.004585090027892537,0.9598054592225951
1,0.5264329076932852,0.04150441145507044,0.4320626808516444
0,0.9566257136353915,0.00401544555288266,0.03935884081172593
2,0.29362462148341867,0.008946438563479653,0.6974289399531016
0,0.9132436519178809,0.0023607195776167837,0.08439562850450243
0,0.9606900448367034,0.0026992770777842256,0.036610678085512535
0,0.6800437565214559,0.023553827279298997,0.29640241619924507
1,0.7728829574420238,0.03436508949230272,0.1927519530656735
2,0.022249208228674554,0.0044923524038907375,0.9732584393674348
2,0.2799334685663192,0.028386723913349846,0.6916798075203311
2,0.32232829697666854,0.03087426118537849,0.6467974418379528
2,0.158601993924167,0.005638590580104762,0.8357594154957283
2,0.15148917529300165,0.025246195878904785,0.8232646288280935
0,0.9667672948561844,0.002385597149081703,0.030847107994733804
2,0.45251280259766846,0.02109603716664828,0.5263911602356833
0,0.7290172594263349,0.007347786860895504,0.2636349537127696
1,0.4766400737820004,0.013665544206384595,0.5096943820116151
2,0.06705799551282081,0.0065657180616326685,0.9263762864255466
0,0.8860124443930563,0.01592332659256926,0.09806422901437459
2,0.03881763324203068,0.004605061760197834,0.9565773049977715
0,0.9316600783533316,0.002857197982738155,0.06548272366393007
0,0.7070272413480153,0.03042244775572053,0.26255031089626424
0,0.9548240066403096,0.0051460391602284996,0.04002995419946199
2,0.037121557408439636,0.0033756996715422084,0.959502742920018
0,0.9484321596674558,0.004341410565613969,0.04722642976693038
2,0.157484280065995,0.02466553899530019,0.8178501809387048
0,0.8784774906198636,0.0036287805357299793,0.11789372884440635
0,0.9490359592864928,0.004569669297420052,0.046394371416087196
2,0.17500698426980751,0.014767131072865628,0.8102258846573269
2,0.09584272493252381,0.006753158594880801,0.8974041164725955
0,0.9076129611348148,0.007413587759088994,0.08497345110609618
0,0.9445224340755352,0.005713512492369522,0.04976405343209538
0,0.9715549369586184,0.0055247533195013215,0.022920309721880305
0,0.8718044613857052,0.004655370827038865,0.12354016778725598
2,0.9559614832754881,0.003526164983597,0.04051235174091469
0,0.9518226638386103,0.006942001083678047,0.04123533507771175
0,0.5080712443767853,0.10718098813923908,0.38474776748397554
0,0.5100137139984398,0.1291989201079432,0.36078736589361704
0,0.8618841287964506,0.0057127355389613695,0.13240313566458795
1,0.5373394210957294,0.31537147990078906,0.14728909900348144
0,0.9608372426931946,0.0047531317452372225,0.03440962556156817
0,0.30461560571218943,0.011014259983731062,0.6843701343040794
0,0.17071521592411398,0.009269415294165757,0.8200153687817202
0,0.9042042967208086,0.007402196344935148,0.08839350693425616
0,0.2609375724162195,0.00769481352622777,0.7313676140575528
0,0.890405404988066,0.0121129942775515,0.09748160073438245
2,0.46690488410573844,0.014527407016279036,0.5185677088779825
2,0.08366243100562587,0.0114596802448898,0.9048778887494843
2,0.9581014741177221,0.0036194666242218097,0.0382790592580562
2,0.15818394677377634,0.006976042691465404,0.8348400105347583
2,0.900732155446213,0.009021250433579032,0.09024659412020791
0,0.9668724700563565,0.0037720184331174805,0.02935551151052607
2,0.3417449924967126,0.35148510754741297,0.30676989995587445
0,0.6038291434053923,0.03692874125326163,0.3592421153413461
0,0.9598945993101995,0.0026761626266135997,0.037429238063186904
0,0.9567732751903684,0.004716182326683546,0.03851054248294822
0,0.94096129640048,0.0061408021354410905,0.05289790146407901
2,0.06681804207921123,0.00579509254993187,0.9273868653708569
2,0.8572187197508568,0.01791628925133067,0.12486499099781254
0,0.9508199516198387,0.0042255573127867015,0.04495449106737462
1,0.47370720599791916,0.40287418939396274,0.12341860460811818
0,0.9638928436499847,0.0030307093619884196,0.033076446988027
0,0.6895181539235273,0.026902024101446997,0.28357982197502574
0,0.9554885172556111,0.0045086450951664836,0.040002837649222404
2,0.04473337336879856,0.007525897506804537,0.9477407291243969
0,0.9482643183990139,0.0055389639130102915,0.04619671768797562
2,0.1502214158588325,0.007655782655446967,0.8421228014857206
2,0.7025869383617451,0.011990237294409577,0.28542282434384536
2,0.095253266564715,0.018639311798400476,0.8861074216368845
0,0.09677150504317295,0.004762969648720603,0.8984655253081064
2,0.04035695107110239,0.0061138484326101125,0.9535292004962875
2,0.5258812314716338,0.03814552411064235,0.43597324441772395
0,0.9367955243194666,0.01269651140530474,0.05050796427522876
0,0.46114628568658755,0.0096500306435932,0.5292036836698192
0,0.9493362998868898,0.004730554672388915,0.04593314544072123
0,0.14364656260584138,0.007695808000785481,0.8486576293933732
0,0.9618809526585893,0.0026653245532938367,0.03545372278811678
0,0.3654274606878079,0.006731222356866371,0.6278413169553257
1,0.26248320051921525,0.027396186783850217,0.7101206126969345
0,0.6115617606598327,0.006964270701492759,0.38147396863867467
0,0.9157215258470631,0.006400508306513738,0.07787796584642313
2,0.28475936115221284,0.012602430750789905,0.7026382080969974
0,0.5476503853505285,0.01648514037537702,0.4358644742740944
0,0.8920410118145701,0.004459337531392937,0.10349965065403688
0,0.9524519693948118,0.012087408040781202,0.03546062256440706
2,0.9583452699443591,0.0035209561572969294,0.03813377389834403
0,0.9593839812136032,0.004117674656381974,0.036498344130014876
2,0.17268135888429684,0.009125342352883512,0.8181932987628197
2,0.5860659046415008,0.022451688508768174,0.391482406849731
2,0.04593485352089754,0.10326613407500795,0.8507990124040945
2,0.04618919444750129,0.006385709726494577,0.9474250958260041
0,0.7897151808483355,0.043218481369622495,0.16706633778204188
0,0.7669990073168336,0.005709514309583243,0.22729147837358318
2,0.014083566821235537,0.0012973393584081328,0.9846190938203564
2,0.26494308409918377,0.0417868762409112,0.693270039659905
0,0.957428632004619,0.00252865206615484,0.0400427159292261
0,0.9481065962249224,0.004182117095020646,0.047711286680057065
0,0.7566688209422331,0.010946686119556156,0.2323844929382108
0,0.3281025590835675,0.03173749170442254,0.64015994921201
0,0.37944291761167664,0.04318931004067706,0.5773677723476464
0,0.8343247572005167,0.007967614256312512,0.1577076285431707
0,0.981773311006636,0.0021405219100186436,0.016086167083345468
0,0.8626621983128091,0.004575922600260114,0.1327618790869306
1,0.4101985500729926,0.4077801103742394,0.18202133955276795
0,0.34362625356434573,0.0268753770532205,0.6294983693824338
0,0.9389849722491731,0.01033736906060708,0.050677658690219764
0,0.8653117935330474,0.04049189474472227,0.09419631172223047
2,0.03698535064708217,0.010074721252500788,0.9529399281004169
2,0.9262754671220254,0.006963142034037526,0.06676139084393706
0,0.3639300007202938,0.009054376744845315,0.6270156225348609
0,0.9627196363226324,0.003878015780691234,0.03340234789667631
2,0.21445251519133365,0.01626192904973468,0.7692855557589316
0,0.9372813205823511,0.0038101865000338903,0.058908492917614984
2,0.041366014750107455,0.0036611124208228113,0.9549728728290698
0,0.9272656643360911,0.0017782435205310027,0.07095609214337802
2,0.9513007577715864,0.002900705718349976,0.0457985365100637
0,0.7360265945984251,0.03505314053844837,0.2289202648631265
0,0.5387463397365526,0.016853919864423462,0.44439974039902397
