target,prediction_0,prediction_1,prediction_2
2,0.16237209188617016,0.053143805587722255,0.7844841025261077
0,0.8109904596594459,0.019462841609844534,0.16954669873070954
0,0.9022021614322615,0.018036982309318546,0.07976085625841975
2,0.2644713654209525,0.12080735915174824,0.6147212754272992
0,0.6051936926932654,0.031585498398091195,0.3632208089086434
0,0.8020339836774736,0.021006037956387922,0.17695997836613836
0,0.8978672068361381,0.020792515116175088,0.0813402780476869
2,0.050375967804596716,0.03459607851898862,0.9150279536764145
0,0.9272468482054079,0.013692304118104992,0.059060847676487165
1,0.38437876384151565,0.053112078367921096,0.5625091577905633
2,0.0683915700114239,0.021988986684096892,0.9096194433044794
0,0.8123467386651163,0.01880694098569939,0.1688463203491843
0,0.7815895334543955,0.023542358940239073,0.19486810760536533
0,0.9146553175406893,0.015530135013292663,0.06981454744601809
0,0.8930686594486431,0.019319151646654997,0.08761218890470197
2,0.40091415535332803,0.06887918692249499,0.5302066577241767
0,0.8178024056513599,0.02873952107077153,0.15345807327786867
2,0.5298975037741807,0.09607856515881366,0.3740239310670059
0,0.9168915220640993,0.01356949998580117,0.06953897795009979
2,0.3953629814230559,0.06360234493478799,0.5410346736421561
0,0.784802847755028,0.023933550723370663,0.19126360152160143
1,0.45723038139658584,0.07391608017966733,0.46885353842374683
2,0.19973344954794017,0.04471446529136463,0.7555520851606953
0,0.9263242078763674,0.015518030220485741,0.0581577619031471
0,0.5389836365601144,0.10416516782913021,0.35685119561075535
0,0.9104478497249654,0.01652502095603543,0.07302712931899917
0,0.9272468482054079,0.013692304118104992,0.059060847676487165
0,0.9283332947855527,0.012804166205978226,0.05886253900846973
0,0.5862093202479829,0.05424736766868147,0.35954331208333584
0,0.9116740873936287,0.01316622223630532,0.07515969037006599
2,0.2669151104182626,0.08982193138587742,0.64326295819586
2,0.29853145060214115,0.04452573696775697,0.656942812430102
0,0.4497603728807864,0.11564088507317913,0.4345987420460343
2,0.51820284918975,0.0583835932991565,0.42341355751109344
0,0.7987564340676349,0.044720901146044684,0.1565226647863201
2,0.22294951429341542,0.049270049864733836,0.7277804358418507
2,0.5831478287047214,0.03530408574322842,0.3815480855520501
0,0.8595638770896137,0.029210431838093402,0.11122569107229316
0,0.4372832131106193,0.04677823989176965,0.5159385469976107
0,0.4860639687345044,0.040225281524854495,0.47371074974064115
0,0.9026488936518569,0.013454127072725919,0.08389697927541724
2,0.23020611806958946,0.18548326092858633,0.5843106210018241
0,0.7729765306117179,0.02327052033370512,0.20375294905457692
0,0.9310589846743568,0.01244301676028995,0.05649799856535315
0,0.9234282576081873,0.01526029526933593,0.06131144712247688
0,0.6999636358587634,0.037203201352821576,0.26283316278841495
0,0.9041032468234915,0.01566012692953899,0.08023662624696906
2,0.7692509010402993,0.028836879025524724,0.20191221993417582
0,0.7503051752800648,0.01746766101121973,0.23222716370871538
2,0.48377677624399484,0.07493636070357561,0.44128686305242953
0,0.8906727367403572,0.02492284675841275,0.08440441650123012
0,0.9320030057506834,0.013656675616491316,0.05434031863282542
2,0.22730638511521503,0.05891416678712032,0.7137794480976646
2,0.41869501013753485,0.054881373593734135,0.526423616268731
2,0.4602523993070029,0.06210446390202301,0.477643136790974
0,0.9194622824105829,0.01592243926595828,0.06461527832345908
0,0.8091010878453889,0.037929430138739666,0.15296948201587207
0,0.7586605707321082,0.06702864084292741,0.17431078842496447
0,0.9206462120234846,0.013283069470276394,0.06607071850623926
0,0.9205755420067568,0.017874578185302775,0.0615498798079404
1,0.6577866542107802,0.04458963040086096,0.2976237153883588
2,0.7155617603684972,0.033939953146657015,0.2504982864848456
0,0.7661214568347634,0.034341168874432414,0.19953737429080423
2,0.09090581764494807,0.015610311398354875,0.8934838709566971
2,0.1711982546767596,0.05801375662111753,0.770787988702123
2,0.0020209366312551936,0.002560070830236984,0.995418992538508
1,0.8061362626988374,0.021505554186720687,0.17235818311444132
2,0.46944757256072045,0.028979105317752267,0.5015733221215272
2,0.18150758785525972,0.07463074256333355,0.7438616695814066
0,0.7659185415397555,0.028734948904341816,0.20534650955590267
0,0.93083845500632,0.01287319620930832,0.05628834878437156
0,0.7062926921600472,0.05200054157669476,0.24170676626325802
0,0.9305209641694014,0.012639771345802483,0.05683926448479587
0,0.9270178074520357,0.014675493337906048,0.05830669921005832
2,0.0006684491978609625,0.0007836990595611285,0.9985478517425779
2,0.1022683910243297,0.019317017528629972,0.8784145914470403
0,0.9222262060677161,0.014902130645186772,0.06287166328709724
0,0.5034137195189576,0.03131529336754713,0.4652709871134952
0,0.8055608617923057,0.010669296769747243,0.18376984143794714
0,0.8722549725895518,0.014961032379581744,0.11278399503086634
0,0.5559607710011308,0.03885832234919574,0.4051809066496734
2,0.8521936893645792,0.023191915676589483,0.12461439495883164
1,0.7225660541064782,0.017089333363372674,0.2603446125301491
0,0.8393713195780568,0.026311665802215892,0.13431701461972737
0,0.7825480786426945,0.027998822040918286,0.18945309931638718
2,0.5906037049389201,0.04075518628988111,0.36864110877119854
0,0.9265845578958658,0.014503246142658556,0.058912195961475684
2,0.35663879284348066,0.08568626654122904,0.5576749406152902
0,0.9320030057506834,0.013656675616491316,0.05434031863282542
0,0.6918677128852547,0.032423352545063344,0.2757089345696819
0,0.7935040185213438,0.020006053677978912,0.18648992780067733
0,0.5428319516513206,0.054145942267244666,0.4030221060814349
0,0.8382125037108078,0.019643959086258347,0.14214353720293388
0,0.9255952335416106,0.015201956312970657,0.059202810145418845
0,0.9288528166388639,0.014752244766973382,0.05639493859416259
0,0.9028429699628433,0.00394280285779331,0.09321422717936337
0,0.9255822566299043,0.013057204667915616,0.06136053870218078
2,0.03287768085656333,0.03277583673366105,0.9343464824097755
0,0.9052871384492058,0.0248375554734365,0.06987530607735777
0,0.7066423379664974,0.03366662219214479,0.2596910398413578
2,0.09491915533776053,0.059911347922353635,0.8451694967398856
2,0.06571023041021798,0.006705435435182684,0.9275843341545993
2,0.04919701724459722,0.0637937445701575,0.8870092381852451
2,0.10338901643932073,0.030475413273246436,0.8661355702874327
0,0.9244052040727271,0.013544732562371646,0.06205006336490201
0,0.9234577750234546,0.016120399835630496,0.06042182514091482
0,0.9259097147481309,0.01519618796844145,0.05889409728342772
2,0.5620553090221538,0.06854900801999675,0.36939568295784936
0,0.5151275057030075,0.050263125453200004,0.4346093688437926
2,0.19297343622472238,0.06107976146434823,0.7459468023109289
0,0.8956867248679393,0.020258935306110486,0.08405433982595042
2,0.27870425858720876,0.061029315763873826,0.6602664256489175
0,0.7570208528970881,0.02534727227122313,0.21763187483168878
2,0.16697972043008372,0.053003732963095164,0.7800165466068212
0,0.9277281060233662,0.015156492478457214,0.0571154014981766
0,0.48877839125208383,0.03422165748347787,0.4769999512644383
0,0.9272029970660637,0.01383544760259521,0.05896155533134106
0,0.9272468482054079,0.013692304118104992,0.059060847676487165
0,0.9235167431309308,0.015951159447211538,0.060532097421857806
2,0.5085544797738306,0.06274493543467077,0.42870058479149886
0,0.9272468482054079,0.013692304118104992,0.059060847676487165
0,0.9214424208239929,0.016616342751539653,0.06194123642446751
0,0.7727539277505049,0.03151590972395132,0.19573016252554398
0,0.9255952335416106,0.015201956312970657,0.059202810145418845
0,0.7361954554517915,0.02788080113585115,0.2359237434123574
0,0.6517045824592517,0.05369291577698931,0.29460250176375896
0,0.8106453885344539,0.023372321985851124,0.16598228947969493
0,0.824399496654002,0.017774447473672593,0.15782605587232548
2,0.19303358320386182,0.10673808389752662,0.7002283328986115
0,0.8912290649611383,0.024999700855243973,0.0837712341836178
2,0.17864704588620248,0.029206247326548442,0.7921467067872491
0,0.7102504410030545,0.02585268574088495,0.2638968732560605
2,0.059634253829457556,0.030459101824181142,0.9099066443463611
0,0.9063326899078997,0.017534734414966367,0.07613257567713368
2,0.7290190900369522,0.11486409974167569,0.15611681022137205
2,0.5198834533308837,0.03889176263544952,0.4412247840336666
0,0.7895053669991942,0.06030697567433923,0.1501876573264666
0,0.93083845500632,0.01287319620930832,0.05628834878437156
0,0.9143434978152368,0.015470793250267189,0.07018570893449576
2,0.690129795163936,0.012476992877093352,0.2973932119589706
0,0.5094336628767404,0.08719765208818839,0.40336868503507134
0,0.34542328015815144,0.06362703999749737,0.5909496798443514
0,0.7646496360329271,0.03252137806908562,0.20282898589798717
0,0.344981438464702,0.05547756090880543,0.5995410006264926
0,0.8420535220264731,0.026433696131046416,0.13151278184248108
0,0.8723512381408566,0.016448722007826627,0.11120003985131678
2,0.2271977302711461,0.05403310727816479,0.7187691624506891
0,0.9078072943936042,0.016785155052537575,0.07540755055385805
0,0.7871154837043076,0.05387864078513654,0.159005875510556
2,0.2837816660381814,0.07106035593277824,0.6451579780290403
0,0.9283315890245916,0.013061927000374538,0.05860648397503383
2,0.3671667108748872,0.05996695875572356,0.5728663303693892
0,0.9288528166388639,0.014752244766973382,0.05639493859416259
0,0.8852323068211593,0.015105281848596601,0.09966241133024446
0,0.6581719375669528,0.01563693698239637,0.3261911254506509
0,0.7066290637425668,0.031117721449740385,0.2622532148076928
2,0.1366410860688949,0.06339826270374734,0.7999606512273578
2,0.061945343825139484,0.015558781536064189,0.922495874638796
2,0.7107724661211875,0.023416037636740637,0.2658114962420719
0,0.9200572638231888,0.016839438834855006,0.06310329734195629
0,0.1168619307234009,0.0730262677785474,0.8101118014980517
0,0.9278514489547269,0.013951676755789911,0.05819687428948332
2,0.8155353128685351,0.024027921340525286,0.16043676579093974
2,0.7480179648798698,0.03081253745787556,0.22116949766225458
0,0.7575856167077875,0.02366711765097953,0.2187472656412329
2,0.31083420542594975,0.0539205163115465,0.6352452782625037
0,0.9214424208239929,0.016616342751539653,0.06194123642446751
2,0.04366253879602044,0.019519946648179406,0.9368175145558002
2,0.7932774412823794,0.023154467753343247,0.18356809096427745
0,0.9235167431309308,0.015951159447211538,0.060532097421857806
0,0.6595062607540151,0.057198887109669465,0.2832948521363154
1,0.4113292698194083,0.07225662603175914,0.5164141041488325
2,0.23638831988844206,0.04877523358736973,0.7148364465241882
0,0.7078717793224797,0.04245845784592889,0.24966976283159112
2,0.38565994021240224,0.07529917908283752,0.5390408807047603
2,0.15160778945951767,0.05367563594795913,0.7947165745925232
0,0.9271620902750612,0.012950590270255607,0.05988731945468367
0,0.22260183211745102,0.050641864843849346,0.7267563030386998
2,0.30046098419459855,0.058374240480162355,0.6411647753252391
0,0.9272468482054079,0.013692304118104992,0.059060847676487165
0,0.3597239961777476,0.047766020518987484,0.5925099833032649
0,0.6098571360715417,0.05885259946506431,0.33129026446339394
2,0.0211325403588816,0.010208344395542185,0.9686591152455762
0,0.9183466506266525,0.015456125654672179,0.06619722371867519
2,0.3298919056773285,0.06602550698687219,0.6040825873357993
2,0.49838676775469354,0.05234148780376675,0.4492717444415398
1,0.6742596420208303,0.07808117487510753,0.24765918310406212
0,0.40255409219930494,0.046742084183790826,0.5507038236169042
2,0.4956760168870409,0.03690129912672364,0.46742268398623543
2,0.49216868005520814,0.11626007681324717,0.3915712431315448
0,0.6673183457565534,0.05849761078502815,0.27418404345841807
0,0.9260989143555692,0.014145405018315134,0.059755680626115505
0,0.5300033113863531,0.05400883464553211,0.41598785396811466
2,0.31703410128830756,0.06013076303196108,0.6228351356797315
2,0.37139231411945794,0.03882306746430223,0.5897846184162399
0,0.9021049963553567,0.016913544894867114,0.08098145874977603
0,0.6172703764159752,0.04902945404385095,0.33370016954017384
0,0.9270178074520357,0.014675493337906048,0.05830669921005832
2,0.7274816198080911,0.02481896027824422,0.2476994199136646
0,0.9270178074520357,0.014675493337906048,0.05830669921005832
0,0.8351836245467605,0.022494207516139793,0.14232216793709956
0,0.9194302559220658,0.01604761407203473,0.06452213000589933
2,0.7686529182321414,0.034625403260869395,0.1967216785069891
0,0.9254305884705358,0.01459693870847893,0.05997247282098526
0,0.798770364751867,0.018798979854141244,0.1824306553939918
0,0.32205125216209834,0.03556784748464527,0.6423809003532565
0,0.9049547799474061,0.013453826565046208,0.08159139348754779
2,0.40479153901105647,0.06391047104235244,0.531297989946591
0,0.9256223337501092,0.015152560897480252,0.05922510535241063
2,0.1451775534203324,0.015465886684665591,0.8393565598950019
0,0.9207967451608776,0.015108225657865538,0.06409502918125691
2,0.8625776157149497,0.022993108585219142,0.11442927569983127
2,0.1942615113333633,0.052118922064566094,0.7536195666020705
2,0.13096262079679524,0.028019173564011412,0.8410182056391937
0,0.6947252818178273,0.04169329208526804,0.2635814260969049
0,0.8542183356904346,0.028778780179549,0.11700288413001624
0,0.9147804733861118,0.01586693001063291,0.06935259660325549
0,0.6932076778042187,0.04299717094805826,0.2637951512477231
2,0.9071869345371215,0.013797705816455267,0.0790153596464234
0,0.9293746592623147,0.014690328552081414,0.05593501218560407
0,0.3397489806481522,0.08325756655372835,0.5769934527981194
0,0.812886754949326,0.026228529151515002,0.16088471589915884
2,0.8929841301471079,0.017173771123941136,0.08984209872895099
2,0.36217187628366515,0.05423223089635214,0.5835958928199827
2,0.18247072054342336,0.03617735284576805,0.7813519266108087
0,0.9277281060233662,0.015156492478457214,0.0571154014981766
0,0.919028107982803,0.014849838011968375,0.06612205400522848
2,0.38972414369302544,0.05215311433373798,0.5581227419732365
2,0.12845675436211407,0.04112130666513039,0.8304219389727555
2,0.24584812118644916,0.06069140863904525,0.6934604701745057
0,0.8295123587033547,0.021669496279170468,0.1488181450174749
2,0.00552995391705069,0.05982964404017035,0.934640402042779
0,0.8953103747468354,0.02303817107610241,0.08165145417706215
0,0.9176337250813601,0.013400671774484695,0.06896560314415605
0,0.2616532536098698,0.052584782498286645,0.685761963891843
0,0.6053706788819122,0.02710515430697221,0.36752416681111566
2,0.5125127336322666,0.022662904342565363,0.46482436202516814
2,0.9272468482054079,0.013692304118104992,0.059060847676487165
0,0.9259097147481309,0.01519618796844145,0.05889409728342772
2,0.6655308101090269,0.024387513465023453,0.31008167642594925
2,0.2819276650421102,0.05910777488417837,0.6589645600737113
0,0.7996417310689629,0.03593101534629393,0.1644272535847432
0,0.9288528166388639,0.014752244766973382,0.05639493859416259
0,0.9235431782166362,0.012393686928415961,0.06406313485494843
0,0.903054615067851,0.018980764247994244,0.07796462068415475
2,0.028414934381385638,0.04932617486061484,0.9222588907579995
0,0.4504884871486038,0.06377865746210067,0.48573285538929545
0,0.7597788004166504,0.033266163424549175,0.20695503615880062
2,0.18339664649183585,0.03940346978472545,0.7771998837234386
0,0.8886086203244653,0.019852578333771635,0.09153880134176297
0,0.2986982720000718,0.0850551569645499,0.6162465710353783
2,0.18105625946973777,0.022626887625994477,0.7963168529042677
2,0.09983694766668375,0.02586269733929668,0.8743003549940195
1,0.421974014952619,0.026109018916801133,0.5519169661305798
0,0.9277248883806753,0.013089012558084995,0.05918609906124028
0,0.8661628910563162,0.020744036626795557,0.11309307231688831
2,0.33401506016569216,0.05848379078364856,0.6075011490506593
0,0.9207967451608776,0.015108225657865538,0.06409502918125691
0,0.9253243779960992,0.011931697851451198,0.06274392415244927
1,0.3359904171183582,0.0893769022969316,0.5746326805847102
0,0.7476818819938269,0.03472694446038503,0.2175911735457878
2,0.3365445701868293,0.08809078190389505,0.5753646479092756
0,0.35652376545344094,0.05912474421076921,0.5843514903357899
0,0.9273389187482118,0.014777655843494542,0.05788342540829373
2,0.22004849177259586,0.05930746918892862,0.7206440390384756
0,0.5120803505604092,0.042534364665450665,0.4453852847741393
0,0.6457653870856936,0.06394469725085986,0.2902899156634466
0,0.6349859319132417,0.03402327215069629,0.330990795936062
2,0.52806526258075,0.07553331518341955,0.39640142223583036
2,0.04368320791814,0.01668512094635037,0.9396316711355096
0,0.8525074098875749,0.03797900893430046,0.10951358117812476
2,0.1985613986393133,0.029606788902053496,0.7718318124586333
0,0.9163036836936995,0.01660558180692441,0.06709073449937625
2,0.29489376653976557,0.07346849469260186,0.6316377387676325
0,0.8979801379430534,0.016234006198637792,0.08578585585830878
0,0.797159252736028,0.09057077093655597,0.11226997632741605
2,0.7625262562454991,0.029075174536399944,0.20839856921810093
0,0.5754581839679609,0.0766169656719486,0.3479248503600905
2,0.4611128718578031,0.06416187107267171,0.47472525706952523
0,0.9272029970660637,0.01383544760259521,0.05896155533134106
2,0.9255952335416106,0.015201956312970657,0.059202810145418845
0,0.8336890327450701,0.037024708333838044,0.129286258921092
0,0.927679808853937,0.012779687476513183,0.05954050366954995
0,0.5919024412927637,0.0523416989855049,0.35575585972173124
0,0.9299421512494264,0.014048710217344242,0.056009138533229315
2,0.1412394680479917,0.04382207348039239,0.814938458471616
0,0.3399206998163186,0.05700732870523751,0.6030719714784438
0,0.8383193813015717,0.011237425533468801,0.15044319316495947
2,0.08316579412653453,0.031117861924068124,0.8857163439493974
0,0.9320030057506834,0.013656675616491316,0.05434031863282542
0,0.9082040712701851,0.017695944470910812,0.07409998425890402
0,0.8923647606907897,0.024774069928306053,0.08286116938090425
2,0.1776971378943498,0.112170263177206,0.7101325989284442
2,0.010285292193186931,0.03171007498946802,0.958004632817345
2,0.2834352515180294,0.04137643983535865,0.6751883086466118
2,0.17303261607220413,0.03985325102260739,0.7871141329051885
2,0.5409027990434937,0.037803513433451896,0.42129368752305496
2,0.6089676484948771,0.04927273553852098,0.341759615966602
0,0.8007243471723761,0.026699319476824912,0.1725763333507991
0,0.9272029970660637,0.01383544760259521,0.05896155533134106
0,0.9228436592276075,0.01561864390463408,0.06153769686775832
1,0.6594559637145467,0.08635599214674469,0.2541880441387086
1,0.8198090209439195,0.023065344730060472,0.1571256343260201
0,0.830473952951773,0.020457525162055838,0.14906852188617112
2,0.1350605445970146,0.04234334918626248,0.822596106216723
2,0.8926751926219519,0.01361567098020728,0.09370913639784088
0,0.5736343339001673,0.0783676496472338,0.3479980164525988
0,0.9207627440632336,0.01673024183025015,0.06250701410651624
0,0.9127173962669748,0.015516162296740443,0.07176644143628452
2,0.12274618298878895,0.12345613645361499,0.7537976805575959
0,0.4920500055842599,0.0436006043520632,0.46434939006367676
0,0.8991228385042364,0.017891713470503615,0.08298544802526074
0,0.907896146770349,0.016202374269631788,0.07590147896001924
2,0.7132619651009836,0.025154807526291765,0.2615832273727245
0,0.9046177526277817,0.02009187095507982,0.07529037641713876
0,0.9282281317133527,0.01460557135367942,0.05716629693296795
0,0.576757302887399,0.06974912784525199,0.35349356926734915
0,0.8898703013682417,0.01792221816638249,0.09220748046537558
0,0.7877208582292216,0.02676174978361994,0.18551739198715825
2,0.5167075679004836,0.07063906944510825,0.41265336265440816
0,0.9272029970660637,0.01383544760259521,0.05896155533134106
0,0.9028097248535853,0.022039883970364108,0.07515039117605062
0,0.7974950249552877,0.02482005573109847,0.17768491931361388
2,0.6502067583586174,0.042688096574135824,0.3071051450672469
0,0.5167758514898606,0.051648859050820804,0.4315752894593185
0,0.6130804741340031,0.04179445390950565,0.3451250719564911
2,0.16785896083555696,0.08386228077763229,0.7482787583868109
0,0.7959031546517273,0.02118723948387335,0.18290960586439933
2,0.4376015657640663,0.0791833101855833,0.48321512405035033
2,0.4995118049878112,0.06767828104128414,0.4328099139709046
0,0.9239544800390063,0.013016910826340804,0.06302860913465277
0,0.84814733823267,0.03154122581442637,0.12031143595290375
0,0.7420822129312679,0.024914649669250753,0.233003137399482
2,0.6913663486962477,0.044130246049453176,0.26450340525429916
0,0.8819364828203964,0.02755681918235777,0.09050669799724617
2,0.7574836442335661,0.03494091599597879,0.20757543977045506
2,0.552347943519476,0.04949644557830659,0.3981556109022175
0,0.9189222933535368,0.015573189153014012,0.06550451749344911
0,0.838568734909268,0.03243470205340791,0.12899656303732418
2,0.1675858523659387,0.09628548444523537,0.736128663188826
0,0.46019071532602873,0.058747682404794326,0.48106160226917694
0,0.5626590945837502,0.022008961927910742,0.415331943488339
0,0.7816766385345711,0.03132570131767426,0.18699766014775462
0,0.9193309268949126,0.0152351287351085,0.06543394436997989
0,0.600774262172613,0.026106840100211328,0.37311889772717566
2,0.16579690285988102,0.059866768112989986,0.7743363290271289
0,0.9268162888863724,0.012803329082769349,0.0603803820308588
0,0.7234375158322135,0.060127405376721434,0.21643507879106533
1,0.23859712341035164,0.05895182373807911,0.7024510528515693
0,0.641777159189075,0.025726179389716306,0.33249666142120865
2,0.5392213306553089,0.031058035121796564,0.4297206342228946
2,0.35179916979402537,0.05958919348293508,0.5886116367230396
0,0.893810636562311,0.014987264532406454,0.09120209890528265
0,0.9277281060233662,0.015156492478457214,0.0571154014981766
2,0.10485039197815987,0.02527459844671113,0.8698750095751291
0,0.9128858040488896,0.016193279388185912,0.07092091656292461
2,0.15637281587928478,0.03126708056604174,0.8123601035546736
0,0.9223842529515194,0.012621311426853995,0.06499443562162634
0,0.8431311797857327,0.02099290874398814,0.1358759114702791
0,0.7247698232846486,0.03808386134423302,0.23714631537111847
0,0.9301163812836156,0.01279014728565211,0.05709347143073214
2,0.2642015897686472,0.04979251118385607,0.6860058990474968
0,0.9260989143555692,0.014145405018315134,0.059755680626115505
0,0.8335366966197626,0.021857661056498782,0.14460564232373863
0,0.7622238287978211,0.022609819484658282,0.21516635171752058
0,0.9021220745901583,0.01427218761777236,0.08360573779206948
2,0.38998710772072587,0.05586867732510818,0.5541442149541659
0,0.8718965122896891,0.030107446893060563,0.09799604081725043
0,0.3763634739329986,0.06868283866164548,0.5549536874053559
0,0.6624509764101572,0.049889138870520044,0.28765988471932274
0,0.8758789249051158,0.03039886051910952,0.09372221457577466
2,0.4822188190339851,0.05314370833664564,0.4646374726293693
2,0.33334955568228647,0.05370177163074208,0.6129486726869714
0,0.4872110904068473,0.0280645654413833,0.4847243441517697
0,0.784196666366848,0.04194721699118225,0.17385611664196984
2,0.5245196850202041,0.061096222845275015,0.41438409213452077
0,0.8964480393802757,0.021749244208966467,0.08180271641075777
0,0.9263198014356767,0.01442485421866381,0.05925534434565948
0,0.9235167431309308,0.015951159447211538,0.060532097421857806
0,0.9283017377567131,0.014829094633662982,0.05686916760962393
0,0.9241414344394274,0.014013102107614835,0.06184546345295812
0,0.653777330936063,0.040304567384882896,0.3059181016790541
2,0.12353297691363402,0.04936566143963285,0.8271013616467334
0,0.7650295445565294,0.022279241178297382,0.21269121426517304
0,0.7432389260224771,0.037487809698446596,0.21927326427907623
2,0.347882408734758,0.048555324450813626,0.6035622668144285
2,0.4115382064484715,0.04273227809170189,0.5457295154598266
2,0.45006805540855854,0.0663673637187723,0.48356458087266924
0,0.4197062985019485,0.05118134291951353,0.5291123585785379
0,0.7181662885708696,0.04204884752319606,0.23978486390593431
0,0.9237494163753038,0.015640782441478276,0.060609801183218
0,0.4138491514935887,0.05752723884871011,0.5286236096577009
2,0.5750546956604285,0.017502277013381456,0.40744302732619003
0,0.924119380376845,0.013818564323172714,0.06206205529998218
2,0.3004724814958679,0.13729754645498057,0.5622299720491515
0,0.8335366966197626,0.021857661056498782,0.14460564232373863
0,0.8993681071274011,0.01852798878652662,0.08210390408607232
0,0.3966554960456537,0.051901429898126954,0.5514430740562197
0,0.6276558539821153,0.028169156195744182,0.3441749898221405
2,0.6709923369964065,0.033897148828057146,0.29511051417553663
0,0.592177679854467,0.09487435694602174,0.3129479631995112
0,0.899253697374162,0.01235040450339865,0.08839589812243928
0,0.4726761899048879,0.07259752696873688,0.4547262831263753
2,0.9288528166388639,0.014752244766973382,0.05639493859416259
0,0.663389842369625,0.01792975728882808,0.3186804003415469
0,0.5699260704306511,0.09999591800108305,0.33007801156826583
1,0.2001435859189236,0.08707115145401358,0.7127852626270629
0,0.8193105123569301,0.023375383555245467,0.15731410408782454
0,0.9217367116848902,0.015385139342228338,0.06287814897288121
0,0.8392853997643428,0.017898499429812188,0.14281610080584506
0,0.7711058387897879,0.02258132740240618,0.2063128338078058
0,0.9146832500536526,0.017288582007878778,0.06802816793846868
0,0.919028107982803,0.014849838011968375,0.06612205400522848
2,0.3663791807034477,0.043146125548125566,0.5904746937484269
2,0.27137538910036263,0.040619639988434,0.6880049709112035
0,0.8771067757700993,0.025116290989959475,0.09777693323994137
2,0.7129462555560238,0.07627077683445366,0.21078296760952267
2,0.3412247299315913,0.06693547876998988,0.5918397912984188
0,0.9123888050979848,0.012816763312423672,0.07479443158959194
0,0.9119333869990854,0.015958157305022883,0.07210845569589261
2,0.6206995702472503,0.07224444874281093,0.3070559810099388
0,0.8089443038603845,0.034193690068735516,0.15686200607088038
2,0.2865536875399982,0.03619201987027458,0.6772542925897274
0,0.5845892036934073,0.06953086567221718,0.3458799306343755
2,0.17375668029507432,0.03776810734436384,0.7884752123605616
2,0.06846526094358861,0.029566222785178103,0.9019685162712332
2,0.0009195870607158405,0.003420457954928548,0.9956599549843557
2,0.08175782004690788,0.05564151269063293,0.8626006672624591
0,0.9307447525093374,0.012787041795743335,0.05646820569491923
0,0.9002209284004177,0.021616107863971393,0.07816296373561085
1,0.4311233623769227,0.09673096891866989,0.47214566870440744
2,0.17780040933458457,0.04702368657681298,0.7751759040886024
0,0.9085030709113137,0.0175378445877631,0.07395908450092405
2,0.5282736073884876,0.05111853051501069,0.42060786209650175
0,0.2385343646629557,0.028253591591484883,0.7332120437455596
0,0.6906377767253997,0.03398844501063869,0.27537377826396164
0,0.7222961971727948,0.07789444007438952,0.19980936275281574
0,0.9288528166388639,0.014752244766973382,0.05639493859416259
0,0.7979745142769464,0.026772742234116752,0.17525274348893657
0,0.5176758659646811,0.04287880749928683,0.4394453265360318
2,0.17551038596895216,0.04747932463392839,0.7770102893971195
0,0.9184611906769324,0.01425242997455231,0.06728637934851542
2,0.8408686109224792,0.019668840949301845,0.13946254812821887
2,0.10458773303964455,0.03786262768855665,0.8575496392717991
0,0.925249997186127,0.014233848618753452,0.0605161541951193
0,0.9270178074520357,0.014675493337906048,0.05830669921005832
0,0.9170420552014924,0.015394656173390316,0.06756328862511746
0,0.9277281060233662,0.015156492478457214,0.0571154014981766
0,0.8155382664316532,0.022045370678482515,0.16241636288986402
0,0.9250705494633471,0.015155005825867863,0.059774444710785364
0,0.9037400310626433,0.01369660271215237,0.08256336622520433
0,0.9255952335416106,0.015201956312970657,0.059202810145418845
2,0.2624139409118371,0.06065945059134679,0.6769266084968162
0,0.9127493217168074,0.015252662989108278,0.07199801529408431
2,0.13571837024180325,0.03223856253579935,0.8320430672223972
0,0.8020339836774736,0.021006037956387922,0.17695997836613836
2,0.2326620376157184,0.031080666546562174,0.7362572958377193
0,0.8636925197609407,0.02667912087912088,0.10962835935993831
2,0.010869958244195949,0.006632487827491421,0.9824975539283126
2,0.4622062362935927,0.07162033060296263,0.4661734331034444
0,0.9173363362939901,0.01388408919234416,0.06877957451366587
2,0.19962350478322918,0.04079905704006645,0.7595774381767048
0,0.9270178074520357,0.014675493337906048,0.05830669921005832
0,0.845226611674271,0.01636846189898286,0.13840492642674615
0,0.8980371831194756,0.019029387158728612,0.08293342972179578
2,0.2750213902912614,0.06990070993777299,0.6550778997709656
0,0.9191969908006704,0.014754033890881101,0.06604897530844865
0,0.5606573542015992,0.11876435058748888,0.32057829521091186
2,0.10473063406889646,0.0603270643676506,0.834942301563453
2,0.17090231920109453,0.05439514327673207,0.7747025375221734
2,0.08875291375291375,0.07198946886446887,0.8392576173826174
2,0.1697220416447835,0.026296098058685345,0.8039818602965311
2,0.04786851695021229,0.032207672516661866,0.9199238105331258
0,0.6711686652363155,0.03292669006616807,0.29590464469751643
2,0.044463431305536566,0.0,0.9555365686944636
2,0.398240405199594,0.07086579991084364,0.5308937948895621
2,0.003848764539554013,0.002360669301458775,0.9937905661589873
2,0.032661081351431295,0.01005475584279932,0.9572841628057696
0,0.7318901387800764,0.03702386965318908,0.23108599156673454
2,0.7243741841884854,0.021467670214439707,0.254158145597075
0,0.871490909974662,0.030532011246633482,0.09797707877870454
0,0.9192223632938203,0.014054411155954002,0.06672322555022583
0,0.7370059359349401,0.06692194982177872,0.19607211424328128
0,0.8178335032419368,0.03480775468987722,0.14735874206818605
0,0.6093350549198332,0.037804768635501286,0.35286017644466566
0,0.9256223337501092,0.015152560897480252,0.05922510535241063
2,0.189778666266629,0.06997386596494667,0.7402474677684243
2,0.400555207115527,0.09515051168649884,0.504294281197974
2,0.6811475257036932,0.032822522893958574,0.2860299514023484
2,0.31419288182636496,0.0376672802347287,0.6481398379389064
2,0.005714839209608679,0.008426966292134831,0.9858581944982565
0,0.9278514489547269,0.013951676755789911,0.05819687428948332
2,0.214563009063293,0.04663148178683659,0.7388055091498701
2,0.008027323641457711,0.004721690325273575,0.9872509860332686
0,0.9259097147481309,0.01519618796844145,0.05889409728342772
0,0.7375533710183707,0.03781194591967156,0.2246346830619577
0,0.804616964349464,0.02383836732590414,0.17154466832463194
2,0.05188254523658237,0.02786792135793914,0.9202495334054784
2,0.18916417315591408,0.03804170050232029,0.7727941263417657
1,0.7601480411579501,0.04938019881314534,0.1904717600289045
0,0.30389784852038537,0.04982114979565923,0.6462810016839554
0,0.7253361972920135,0.019515647694618724,0.25514815501336774
2,0.5796637139916093,0.03443742560408245,0.38589886040430826
0,0.9214424208239929,0.016616342751539653,0.06194123642446751
0,0.5299766832343737,0.09982756585109673,0.37019575091452955
0,0.9222119063392291,0.013830947468803163,0.0639571461919677
0,0.45301913216791034,0.05243787652324169,0.49454299130884805
2,0.16431232365782047,0.047663465899155544,0.7880242104430241
2,0.02327609825425978,0.007414033665291674,0.9693098680804485
2,0.20741332576919327,0.05221144411023019,0.7403752301205765
2,0.9055711559376877,0.012685724281980212,0.08174311978033245
0,0.43765951601924685,0.0455963371891473,0.516744146791606
0,0.6990570575849784,0.07323132802861193,0.2277116143864095
2,0.5102931852109021,0.0465015239541267,0.44320529083497123
0,0.7890718752544618,0.027099634949033,0.18382848979650543
2,0.7280495216843366,0.027040747570903505,0.24490973074476005
0,0.9202267224394906,0.014932170688682947,0.06484110687182651
0,0.5500851207936903,0.03672750716913315,0.4131873720371766
2,0.4065894782374384,0.04175117402557629,0.5516593477369852
2,0.5268103396624485,0.04816728843012077,0.4250223719074307
0,0.9025610837474243,0.01919196979151486,0.07824694646106058
0,0.5075791965271488,0.03891480552723838,0.45350599794561275
2,0.6393407691195172,0.07330234343554057,0.28735688744494187
1,0.41682813859945667,0.06139839052222428,0.521773470878319
0,0.7341889916527156,0.01681503413420344,0.24899597421308095
2,0.056553111910757056,0.040876546538548816,0.902570341550694
0,0.9045323022386473,0.013663177167457262,0.08180452059389552
0,0.29973857053775327,0.0648662091857198,0.6353952202765268
0,0.9127015547705518,0.014861329018539916,0.0724371162109079
2,0.1127489149219036,0.030551971303452607,0.8566991137746439
1,0.404127636753022,0.0675466130518917,0.5283257501950863
0,0.9292030191615248,0.013518339272804686,0.05727864156567071
2,0.2335991660569645,0.030023973227693557,0.7363768607153419
0,0.9234921582460227,0.013978734633629768,0.06252910712034772
0,0.8354909889377523,0.03352552832852761,0.13098348273372004
0,0.6344073018479379,0.038920227885882425,0.32667247026617946
1,0.5132115190512161,0.07654573890716054,0.41024274204162336
2,0.008345662674830105,0.002156514983308293,0.9894978223418617
2,0.343920008671247,0.04813394974922538,0.6079460415795277
2,0.2750229376593023,0.043265116132593116,0.6817119462081046
2,0.5125628308197656,0.06702531225450761,0.42041185692572675
2,0.245345917663916,0.06680796870659568,0.6878461136294883
0,0.9272468482054079,0.013692304118104992,0.059060847676487165
2,0.5109622449698251,0.038070370533295726,0.4509673844968791
0,0.367482991087764,0.038192964917341,0.5943240439948949
1,0.2910913309298954,0.05146314229368727,0.6574455267764173
2,0.24565372079765457,0.0639898749000908,0.6903564043022545
0,0.8679377312057674,0.027548079700359468,0.10451418909387312
2,0.08914784666833453,0.0538607193191163,0.8569914340125492
0,0.9050542590085162,0.022636931018805612,0.07230880997267818
0,0.5861259869796435,0.07120149673841344,0.3426725162819426
0,0.8987624983652566,0.02099256923506368,0.08024493239967972
2,0.0837655863885956,0.044433364223633934,0.8718010493877706
0,0.9255952335416106,0.015201956312970657,0.059202810145418845
2,0.38624044456054774,0.04471476052988464,0.5690447949095675
0,0.9263242078763674,0.015518030220485741,0.0581577619031471
0,0.8985747357715523,0.02450388454752692,0.07692137968092079
2,0.39917272163290707,0.12127444796848036,0.47955283039861246
2,0.1164207153881487,0.04017386271517341,0.8434054218966778
0,0.6119697266068034,0.0509203866367069,0.33710988675648973
0,0.9109745025478069,0.022314544198710037,0.06671095325348315
0,0.9223747571286215,0.013542134197029331,0.06408310867434928
0,0.8979930588238643,0.012292288253306093,0.08971465292283039
2,0.9196461498677223,0.015365305883954223,0.06498854424832354
0,0.9255952335416106,0.015201956312970657,0.059202810145418845
0,0.6354244762736044,0.07767792901653914,0.28689759470985643
0,0.6393252528832011,0.09860014348509878,0.2620746036317002
0,0.5074411187655372,0.03394756234867428,0.4586113188857885
1,0.6493768832036549,0.07442673266592875,0.2761963841304163
0,0.9273389187482118,0.014777655843494542,0.05788342540829373
0,0.3828676601432067,0.06894220436462423,0.5481901354921689
0,0.23651171458591305,0.04199097041219579,0.7214973150018912
0,0.9293746592623147,0.014690328552081414,0.05593501218560407
0,0.35260476177263045,0.03250471552176342,0.6148905227056062
0,0.9105296586453409,0.018481945371694807,0.07098839598296441
2,0.48056936963657715,0.0376421436037558,0.48178848675966707
2,0.1242545143168901,0.033345180409146385,0.8424003052739635
2,0.8108266865706946,0.025630791212782594,0.1635425222165224
2,0.2986382316850923,0.041686307284232,0.6596754610306758
2,0.8846514147436509,0.027019216905790983,0.08832936835055813
0,0.9293746592623147,0.014690328552081414,0.05593501218560407
2,0.17166611229633352,0.14612538791711932,0.6822084997865472
0,0.4540579773862815,0.07621733658351329,0.4697246860302052
0,0.9305321060021423,0.01252411849567756,0.056943775502180057
0,0.9121094109170697,0.015297498879257484,0.07259309020367243
0,0.9080380230972054,0.017304778388633094,0.07465719851416157
2,0.1338380869517092,0.049725999845989355,0.8164359132023018
2,0.6913111542978526,0.0664056219364243,0.24228322376572314
0,0.9288528166388639,0.014752244766973382,0.05639493859416259
1,0.6504135411877322,0.07997999046713813,0.2696064683451297
0,0.9262660702809116,0.013402880083293885,0.060331049635794914
0,0.6926016401867084,0.04069999125984288,0.26669836855344864
0,0.9270781559026425,0.012968206676794108,0.05995363742056403
2,0.023073818929690865,0.013170166526849695,0.9637560145434592
0,0.9090152149417585,0.01698733317500556,0.0739974518832368
2,0.22634159730897724,0.03807337155104867,0.7355850311399741
2,0.7719729041060224,0.020127112367988993,0.20789998352598904
2,0.33722214904947806,0.08467469533371647,0.5781031556168054
0,0.20887963863372033,0.013300111637032992,0.7778202497292466
2,0.0035762288786482335,0.0020881336405529955,0.9943356374807988
2,0.5987843252041494,0.07642714697117296,0.3247885278246777
0,0.9005767239172013,0.019937623579422515,0.07948565250337615
0,0.43954996304956223,0.055471807854228644,0.5049782290962092
0,0.8002511339210128,0.036568270248254715,0.1631805958307325
0,0.11282394757893852,0.003148897885739991,0.8840271545353213
0,0.9260989143555692,0.014145405018315134,0.059755680626115505
0,0.3672679359900202,0.0864173387350372,0.5463147252749427
1,0.2956871569842908,0.055489854616220184,0.6488229883994889
0,0.5919472279251164,0.02944147730482199,0.37861129477006167
0,0.7764907273190859,0.024691773340992495,0.1988174993399218
2,0.3267144185562261,0.035810603027202216,0.6374749784165717
0,0.5682975490389774,0.08482406816003508,0.34687838280098743
0,0.9118956554124632,0.014661345886663327,0.07344299870087366
0,0.9202267224394906,0.014932170688682947,0.06484110687182651
2,0.9272468482054079,0.013692304118104992,0.059060847676487165
0,0.9202267224394906,0.014932170688682947,0.06484110687182651
2,0.40609272489231535,0.04396004482044052,0.549947230287244
2,0.7230256007430859,0.034966525390248825,0.24200787386666528
2,0.10073887915779989,0.12102080565682956,0.7782403151853704
2,0.04702855979150488,0.02427795671987701,0.9286934834886182
0,0.8915628667662725,0.014072801932604871,0.09436433130112282
0,0.9288528166388639,0.014752244766973382,0.05639493859416259
2,0.0008741258741258741,0.0017564595029383762,0.9973694146229358
2,0.41390492407448204,0.07923417540476424,0.5068609005207538
0,0.8193105123569301,0.023375383555245467,0.15731410408782454
0,0.9234120839296317,0.015744528327074347,0.06084338774329396
0,0.7876695160529839,0.032278357612322735,0.1800521263346936
0,0.4624131797011107,0.07054680060940098,0.46704001968948844
0,0.7639618946144627,0.056591110788057064,0.17944699459748034
0,0.8380065980903267,0.02787626757898269,0.13411713433069056
0,0.9260989143555692,0.014145405018315134,0.059755680626115505
0,0.849630091094543,0.02705601004668131,0.12331389885877576
1,0.4887077806399164,0.1237426208378877,0.38754959852219584
0,0.4166935032200966,0.06807474235096658,0.5152317544289369
0,0.7681965223934836,0.03024995265160494,0.20155352495491136
0,0.8558813248234309,0.03122399865535928,0.11289467652120981
2,0.034053409170778974,0.03425806907298444,0.9316885217562365
2,0.5840355330731224,0.06230003404799534,0.3536644328788823
0,0.6645525836656822,0.046892026860967675,0.28855538947335
0,0.9192223632938203,0.014054411155954002,0.06672322555022583
2,0.4306968060990629,0.036478341474490424,0.5328248524264466
0,0.9248131526857495,0.013378560774404821,0.06180828653984647
2,0.0,0.0,1.0
0,0.9259097147481309,0.01519618796844145,0.05889409728342772
2,0.8019336429063838,0.026873648732313918,0.17119270836130224
0,0.5985259689567788,0.06413246996211398,0.3373415610811071
0,0.403910277246904,0.038822146927266814,0.5572675758258292
2,0.0,0.0007451564828614009,0.9992548435171387
0,0.9207967451608776,0.015108225657865538,0.06409502918125691
0,0.9118292879131609,0.0152874380052529,0.07288327408158694
0,0.8370411487844792,0.03041921584060715,0.13253963537491392
2,0.19799548406023335,0.08023120583365605,0.7217733101061107
0,0.6238640055288859,0.03735324909718811,0.33878274537392594
2,0.13694619371492522,0.02872049783524553,0.8343333084498292
0,0.7536200170183291,0.03518255337389999,0.21119742960777102
