target,prediction_0,prediction_1,prediction_2
2,0.02180950223651428,0.07069357857866904,0.9074969191848168
0,0.9060121128297697,0.015134713000473676,0.07885317416975622
0,0.9484188538898409,0.010306932828298776,0.0412742132818602
2,0.1246925663063816,0.10464894281231843,0.7706584908812999
0,0.8162273028649419,0.014710064680229451,0.16906263245482891
0,0.8237165776200989,0.012604407681099526,0.16367901469880158
0,0.8621291458858921,0.031425081052070473,0.10644577306203751
2,0.004410940209983514,0.05351705919756664,0.9420720005924498
0,0.9351961005429577,0.004812143217844353,0.05999175623919797
1,0.33097391798012693,0.05633795978172563,0.6126881222381475
2,0.03126848626666664,0.05270812806118202,0.9160233856721516
0,0.722489231459036,0.013660346237003438,0.2638504223039605
0,0.8880333580089843,0.013375751188368448,0.09859089080264727
0,0.8439708653204797,0.0036209892701504504,0.1524081454093698
0,0.9015484877906749,0.017592502861695714,0.08085900934762942
2,0.16345400671657756,0.11417001591760896,0.7223759773658136
0,0.9146817359716444,0.014177187615981697,0.07114107641237409
2,0.6354840539475589,0.11611388940063758,0.2484020566518038
0,0.938799817065608,0.010436675077502617,0.05076350785688942
2,0.261018418245127,0.05162341443351626,0.687358167321357
0,0.8786433665204824,0.018410056254923538,0.10294657722459404
1,0.4849228983534169,0.0917775391832652,0.42329956246331785
2,0.25906493173989054,0.019264100567693062,0.7216709676924165
0,0.9527080863724093,0.007958219902764607,0.039333693724826396
0,0.433652130336558,0.07364388422511992,0.492703985438322
0,0.9473941709576998,0.009328896514800018,0.043276932527500055
0,0.9553974679310298,0.007749033159166838,0.03685349890980322
0,0.9596541132652772,0.0069174055920256505,0.03342848114269728
0,0.5593080814619333,0.06996043069261733,0.3707314878454495
0,0.9324147431052373,0.008203363548321442,0.059381893346441485
2,0.0723868347103543,0.07507221794372357,0.8525409473459218
2,0.15946023162154166,0.021568440463882056,0.8189713279145762
0,0.2826088898081218,0.10185917221168428,0.6155319379801939
2,0.3431220077262956,0.0472458904676261,0.6096321018060784
0,0.7451430115919213,0.0608289043888391,0.19402808401923935
2,0.06855925764193746,0.053718058589328314,0.8777226837687342
2,0.5182704630285941,0.047620813037333336,0.43410872393407246
0,0.8783560896370316,0.039562375514565255,0.08208153484840265
0,0.6068986020367481,0.04156998606505497,0.3515314118981969
0,0.7250415669177531,0.020701063523025726,0.2542573695592212
0,0.9034728262754788,0.02277868776464506,0.0737484859598757
2,0.07684137225568777,0.3477019406481538,0.5754566870961579
0,0.8494922929328441,0.016178848431329614,0.13432885863582605
0,0.960234855146444,0.004762494622334181,0.035002650231221684
0,0.9612345352820663,0.006589284477793025,0.03217618024014026
0,0.6888140210230642,0.02480140926036622,0.28638456971656956
0,0.8750652374074924,0.0034827736562454445,0.12145198893626225
2,0.8099150168658166,0.018646490229964882,0.1714384929042187
0,0.797863220559804,0.010133452055616804,0.19200332738457912
2,0.4667172983445661,0.11344589099919906,0.4198368106562348
0,0.897991632374278,0.035135102083105274,0.06687326554261672
0,0.9572576515853181,0.00866920395938502,0.03407314445529686
2,0.07723517447032645,0.05839076693538207,0.8643740585942913
2,0.29472821056159376,0.06562871690746347,0.6396430725309427
2,0.23059998821729785,0.0505720404755371,0.7188279713071652
0,0.9189217833043006,0.009294383647646887,0.07178383304805241
0,0.7123583720374533,0.10113707231010499,0.18650455565244187
0,0.6002769628179774,0.10871632598785161,0.2910067111941709
0,0.9375666106843681,0.008132227551085837,0.054301161764546184
0,0.8705440815838983,0.05053429637953832,0.07892162203656346
1,0.7588158353630327,0.053649991027467786,0.18753417360949978
2,0.8024768722087012,0.020298681089865617,0.17722444670143347
0,0.8857957624724805,0.01698521765403097,0.0972190198734888
2,0.2960280816014863,0.07278534406257932,0.6311865743359343
2,0.12803581891183255,0.025487856036107513,0.8464763250520599
2,0.014262655366712116,0.0022279299898610955,0.9835094146434267
1,0.8907441089035921,0.01134202839049208,0.09791386270591643
2,0.46715948657549045,0.04708002203401424,0.48576049139049515
2,0.01962459083546861,0.10237532383563294,0.8780000853288984
0,0.8221942736148083,0.018856508583145797,0.15894921780204585
0,0.9525026536574019,0.006346205753666639,0.04115114058893112
0,0.7982531949424113,0.0254086172523376,0.1763381878052511
0,0.9431498463645787,0.01370850498343035,0.04314164865199066
0,0.9405224005213209,0.023695477167788567,0.03578212231089073
2,0.0012439804605517048,5.4858547761163314e-05,0.9987011609916872
2,0.015595771848279656,0.021392691779815273,0.963011536371905
0,0.9376188547163734,0.009843511184839289,0.05253763409878748
0,0.40832409962730826,0.08486062498733393,0.5068152753853579
0,0.9162912564452463,0.011621736843776296,0.07208700671097718
0,0.8063936382656877,0.008500204410739553,0.18510615732357286
0,0.6301188072787163,0.05254398818230415,0.3173372045389798
2,0.7794383450839013,0.020684567188535202,0.19987708772756355
1,0.703848051593517,0.016011712961043336,0.28014023544543926
0,0.8263010159336248,0.044629216246131614,0.12906976782024357
0,0.8292611548609884,0.019052097002472405,0.15168674813653873
2,0.6957881541048224,0.0404705796713775,0.2637412662237998
0,0.9644194421842767,0.00624908332392012,0.02933147449180297
2,0.010491030348020335,0.013218711474509993,0.9762902581774698
0,0.959077912618797,0.008046429727377468,0.032875657653825364
0,0.8061070616227911,0.016278865112540473,0.1776140732646684
0,0.8520013565372281,0.0029974858356756288,0.14500115762709634
0,0.6925711792303118,0.06173393334997966,0.2456948874197084
0,0.812078517293164,0.04622642589117687,0.14169505681565922
0,0.9663284931978089,0.00727338424491529,0.026398122557275572
0,0.9671431790041888,0.006714024807776462,0.02614279618803463
0,0.9579817822329165,0.009512602079680918,0.032505615687403074
0,0.9516805229542986,0.0062170822471048675,0.04210239479859645
2,0.01085869818337057,0.02295147046550394,0.9661898313511253
0,0.8889799927897583,0.02084595181004471,0.09017405540019702
0,0.4096827714854122,0.03372193750546049,0.556595291009127
2,0.0189221268170401,0.04842173263520271,0.932656140547757
2,0.0017976681199821695,0.0018307439767342166,0.9963715879032837
2,0.006333596759275564,0.005543158010359017,0.9881232452303653
2,0.019616136828697037,0.0593424366095408,0.9210414265617618
0,0.9611487985643173,0.0063110219211606425,0.032540179514522226
0,0.916744033473665,0.035859071999332574,0.04739689452700261
0,0.949830991005415,0.01228327799818174,0.037885730996402904
2,0.4883059704953388,0.07190351869396346,0.4397905108106978
0,0.5990653475396285,0.04853560330511406,0.35239904915525755
2,0.24669419058160702,0.09235419887205921,0.6609516105463338
0,0.9092205874025152,0.017713833323211907,0.07306557927427293
2,0.17211836978705164,0.033947818480261995,0.7939338117326863
0,0.852505170579122,0.01942500374833018,0.128069825672548
2,0.05493582902552923,0.07011772750144483,0.8749464434730259
0,0.9421228297463986,0.007893442583418476,0.04998372767018268
0,0.7026358310498152,0.015523188596368856,0.28184098035381583
0,0.9345192963853185,0.016007063021318275,0.04947364059336329
0,0.9555976967639817,0.0075087585596245055,0.03689354467639361
0,0.9416569956634073,0.010989027929490866,0.0473539764071012
2,0.7293149350496781,0.03156203749335492,0.23912302745696665
0,0.8556065640289987,0.006049288148711243,0.13834414782228996
0,0.9432665957218038,0.015157191141263916,0.04157621313693255
0,0.8071467651586381,0.026459922139960172,0.16639331270140212
0,0.9550304313470048,0.006635728333693027,0.038333840319301905
0,0.6508324910089658,0.021129508099557267,0.32803800089147717
0,0.3852024212549784,0.096678696446825,0.5181188822981966
0,0.885408938505921,0.013337867249779593,0.10125319424429893
0,0.891773725018616,0.016060885844899852,0.09216538913648414
2,0.14024845068226416,0.03311962009145825,0.8266319292262775
0,0.8509657180855906,0.03794514232873724,0.11108913958567179
2,0.22353030803020016,0.02950765064465333,0.7469620413251467
0,0.7147978543030337,0.03304375747547749,0.25215838822148856
2,0.020667708938709905,0.031163987178727353,0.9481683038825628
0,0.9255683838138281,0.010678720865406149,0.0637528953207654
2,0.5160805022868828,0.10641702828504526,0.37750246942807186
2,0.5589591382324784,0.058588093974045935,0.3824527677934756
0,0.6750212894163374,0.05376034641573609,0.27121836416792655
0,0.9589433367034512,0.005379162706798445,0.03567750058974998
0,0.945416398056902,0.013410504895078973,0.04117309704801867
2,0.7622321018384829,0.005206302397032936,0.23256159576448412
0,0.5929853501554827,0.09676991874310502,0.31024473110141193
0,0.3102132697510177,0.08603269566028914,0.6037540345886931
0,0.8346561204730225,0.03340344553795543,0.13194043398902208
0,0.5146433883931001,0.040944069304106157,0.4444125423027935
0,0.8143204924132151,0.03533877113076891,0.15034073645601576
0,0.8956398271547451,0.0009757794761967636,0.10338439336905832
2,0.05585065101783248,0.02806633592042767,0.9160830130617398
0,0.9221350415568117,0.0061092230332592985,0.0717557354099289
0,0.8673625023538494,0.045218398378625575,0.08741909926752486
2,0.3421737922855849,0.05650132095941186,0.6013248867550032
0,0.9546672055521672,0.006198932242842071,0.03913386220499036
2,0.534719990513158,0.056727282851037064,0.40855272663580483
0,0.9693591435948065,0.00645798374341858,0.02418287266177474
0,0.8281437638253021,0.011626678434841404,0.16022955773985656
0,0.44820027624288666,0.029594446882587274,0.522205276874526
0,0.8860838950472392,0.012217485987624625,0.10169861896513613
2,0.003615209485854207,0.003127983237599078,0.9932568072765465
2,0.029972994245792323,0.012243070910708627,0.957783934843499
2,0.8029747867461787,0.010060303549717571,0.18696490970410387
0,0.932063170514557,0.012070537747068417,0.055866291738374936
0,0.06507218938611464,0.03836015222312705,0.8965676583907585
0,0.9614647115699864,0.006853843778722749,0.0316814446512914
2,0.8704351224893156,0.020166310091044297,0.10939856741964012
2,0.7993023096231048,0.030666813714190593,0.1700308766627051
0,0.7786426843604108,0.026006898665711247,0.195350416973878
2,0.4976008247194019,0.1473311038532855,0.35506807142731256
0,0.9552514616041343,0.009537627752400678,0.03521091064346539
2,0.023401097959329903,0.003430279863639846,0.97316862217703
2,0.7764857122794196,0.03138956923505463,0.19212471848552562
0,0.9326290410894773,0.013242107941638317,0.05412885096888419
0,0.5384080648453343,0.09621297531069366,0.36537895984397245
1,0.35700763904303195,0.04664704264582505,0.596345318311143
2,0.2680971020714171,0.056702033320064585,0.6752008646085187
0,0.8012673187657031,0.04109591045093372,0.15763677078336324
2,0.23760366130864527,0.21620965007305823,0.5461866886182963
2,0.08050164236281583,0.03209072734108151,0.8874076302961027
0,0.95348145520723,0.007185358683461243,0.039333186109309026
0,0.1523743643338853,0.050983526726471703,0.796642108939643
2,0.1696296133462807,0.026344157485224517,0.804026229168495
0,0.9457616189302379,0.007865591532095208,0.04637278953766676
0,0.36528930973782925,0.11473855884257554,0.5199721314195953
0,0.5545759890197508,0.08192728470823285,0.36349672627201635
2,0.02152429982178589,0.014141019331900397,0.9643346808463136
0,0.9567942797583355,0.004282298893318463,0.0389234213483455
2,0.37100611029673686,0.10801208790269579,0.5209818018005677
2,0.4555985417023522,0.0421034629304958,0.5022979953671521
1,0.3788369017278023,0.10520802127217492,0.5159550770000227
0,0.31460047379997674,0.08201577781821724,0.6033837483818062
2,0.5613677317568697,0.023742108436939132,0.41489015980619137
2,0.19224850755773668,0.1665383226906393,0.6412131697516236
0,0.6416774152677005,0.0576179020399982,0.30070468269230105
0,0.9601173357469244,0.005854756130440207,0.034027908122635356
0,0.7465988581097146,0.032629346792833976,0.22077179509745148
2,0.2949940844487693,0.07425085205818152,0.6307550634930492
2,0.33526117576268877,0.09907544762875564,0.5656633766085556
0,0.9273456557150863,0.004739625638996327,0.06791471864591772
0,0.6909265094462004,0.059227163629731384,0.2498463269240681
0,0.9501240236350889,0.013538089568585139,0.03633788679632614
2,0.8695532123682886,0.0171257754230595,0.11332101220865119
0,0.9540856959543514,0.010418121316711887,0.035496182728936926
0,0.9262178331023669,0.006989755602875853,0.0667924112947572
0,0.9468136533367271,0.007234563913833038,0.04595178274943991
2,0.6687337489529336,0.04294938555650779,0.2883168654905589
0,0.9640403265799102,0.010573561068311345,0.025386112351778067
0,0.8092737589931461,0.013137806225775487,0.17758843478107836
0,0.28116465194169954,0.07382050883838687,0.6450148392199134
0,0.8962226421014996,0.001192132824426385,0.10258522507407379
2,0.3853309716042164,0.06554123917747179,0.5491277892183118
0,0.9578997352995896,0.008213282294297191,0.03388698240611295
2,0.22361813778270626,0.03711301516913983,0.7392688470481539
0,0.9416557037168877,0.01896618042768592,0.03937811585542639
2,0.8280764385721203,0.017809617000510754,0.15411394442736875
2,0.055500375810692205,0.10592983455042655,0.8385697896388811
2,0.04508115850741704,0.014871229156943444,0.9400476123356395
0,0.5861584656168745,0.06925328343566338,0.34458825094746226
0,0.855776018741055,0.040462042282579644,0.10376193897636529
0,0.9371095754723835,0.015765466538374476,0.04712495798924244
0,0.8666872739895639,0.02699207452169815,0.10632065148873748
2,0.8083127025132524,0.006144146619360473,0.18554315086738718
0,0.9261790250482201,0.014812826410716969,0.05900814854106305
0,0.381931694128651,0.09409612978497059,0.5239721760863782
0,0.9314638798426076,0.00809217847202682,0.06044394168536534
2,0.8997554534913442,0.011667691754750282,0.0885768547539055
2,0.5042404705035466,0.04545474533331789,0.45030478416313535
2,0.04579303166284698,0.04942908825005109,0.904777880087102
0,0.951393879277913,0.0065617795614846776,0.04204434116060194
0,0.9321989792147857,0.012770716789037913,0.055030303996175575
2,0.4206418503602643,0.13857280790964668,0.4407853417300889
2,0.03938321285739126,0.02687074829931973,0.9337460388432891
2,0.10309317380445912,0.07086997016631373,0.8260368560292265
0,0.8662876478243466,0.017588605818163572,0.11612374635749041
2,0.2572165287065352,0.03308584424468989,0.7096976270487746
0,0.8827575849178775,0.02961744630299861,0.08762496877912387
0,0.9291427318878246,0.008189131382113387,0.06266813673006234
0,0.3423381210312531,0.05487660655320704,0.6027852724155396
0,0.7058375855291157,0.0504334405624486,0.24372897390843576
2,0.7218364726055776,0.01154597647451407,0.26661755091990824
2,0.8807123442837563,0.0033022435526341436,0.11598541216360948
0,0.9567853595916953,0.006194665070636479,0.03701997533766767
2,0.4115889476228264,0.022002023856449327,0.5664090285207246
2,0.04550819742876396,0.025330771155467814,0.9291610314157686
0,0.8877442916646368,0.015463825395492707,0.0967918829398704
0,0.9622939921971962,0.002780409231707654,0.034925598571095846
0,0.9394622738524854,0.004852701049216435,0.05568502509829851
0,0.7856486550841293,0.02129363068734331,0.19305771422852724
2,0.001760085111428351,0.019794873962811703,0.9784450409257598
0,0.4355770662882005,0.06805867207639882,0.49636426163540104
0,0.8063077528816024,0.03799809834532258,0.15569414877307503
2,0.27554392473002437,0.03787495945684994,0.6865811158131252
0,0.9305064540609536,0.013580341846227348,0.05591320409281907
0,0.122931464551629,0.07482814229260083,0.8022403931557703
2,0.24144269807382482,0.020914311142469433,0.7376429907837055
2,0.022850034887631102,0.0044046334085469365,0.9727453317038218
1,0.5296990555436127,0.02544047383920957,0.44486047061717787
0,0.9596163590809803,0.006275238209620995,0.03410840270939921
0,0.8187015781678464,0.014739773031731266,0.16655864880042195
2,0.2254605790255907,0.04721127219957264,0.7273281487748368
0,0.8180544841380618,0.005589285180113562,0.1763562306818247
0,0.9453950354748272,0.003466371420811399,0.051138593104361516
1,0.12071851472726144,0.22332587334461187,0.6559556119281266
0,0.849508986858462,0.01759278519905002,0.13289822794248815
2,0.2845025820121674,0.06933979464840784,0.6461576233394248
0,0.2364304954082938,0.04430886050907673,0.7192606440826295
0,0.9523704222981406,0.009129274079312842,0.0385003036225462
2,0.14348945568753865,0.12703977257032434,0.7294707717421369
0,0.5336573771911963,0.047478509569096855,0.4188641132397068
0,0.6023967644746415,0.06985339751040573,0.32774983801495267
0,0.6242056808517158,0.027021750958727202,0.3487725681895569
2,0.55062234583326,0.09701272808730489,0.3523649260794352
2,0.08384144498556864,0.013588426626978447,0.9025701283874531
0,0.7758564894104505,0.07836682918170565,0.14577668140784336
2,0.134991313291463,0.008895465074657157,0.8561132216338798
0,0.9358058540616544,0.014208690179156769,0.049985455759189196
2,0.2672979823171647,0.1438137675823706,0.5888882501004647
0,0.8483438118178092,0.006570686621462286,0.14508550156072805
0,0.5387433371147169,0.08523022429231952,0.3760264385929636
2,0.8589679856529443,0.017020937811446906,0.12401107653560885
0,0.5884594717909317,0.1349796565069105,0.2765608717021577
2,0.5361399922387019,0.046180342927289786,0.41767966483400837
0,0.9421442222377678,0.0032574997437554445,0.054598278018476706
2,0.9611292634639205,0.005897861581459731,0.03297287495461961
0,0.87387716162146,0.034535469205073194,0.09158736917346708
0,0.9564925585044075,0.00774036123076136,0.035767080264831407
0,0.5723054577999646,0.0797619428761945,0.3479325993238411
0,0.9481074646003754,0.008148961605772418,0.04374357379385176
2,0.1440245698925864,0.04159289686646724,0.8143825332409464
0,0.7103783532759701,0.03450634827780508,0.2551152984462249
0,0.8407236711136723,0.0037166810366122908,0.15555964784971554
2,0.049835611753874645,0.011758826593664562,0.9384055616524609
0,0.9522662773601942,0.008432738341029195,0.03930098429877657
0,0.957583112306178,0.01008614323893513,0.032330744454886776
0,0.8481640430479886,0.038770154234248615,0.11306580271776259
2,0.04487667679914761,0.04696361439288672,0.9081597088079649
2,0.004351660817911528,0.0,0.9956483391820886
2,0.25326121800313245,0.036410771328734846,0.7103280106681323
2,0.13369479491175118,0.034614839756688734,0.8316903653315597
2,0.4920275101040645,0.031079682058929962,0.47689280783700566
2,0.5240886465479069,0.05922321787671024,0.416688135575383
0,0.8631262113366777,0.01409633520722394,0.12277745345609839
0,0.9447008421624185,0.006774840676113151,0.04852431716146833
0,0.9555017486895349,0.004138999810069871,0.040359251500395314
1,0.3573217094159028,0.15642389558112435,0.4862543950029729
1,0.766760767477931,0.023789910545310163,0.2094493219767588
0,0.8784450597166392,0.02129814733427984,0.1002567929490805
2,0.03685413768817233,0.06148209914324602,0.9016637631685814
2,0.7150314936885109,0.01260778989747356,0.2723607164140154
0,0.5242839198261373,0.11707815072207636,0.3586379294517864
0,0.9514392789932865,0.006494610269836217,0.04206611073687668
0,0.9110269090809706,0.013715042271946167,0.07525804864708362
2,0.043081999016669724,0.038270993050649064,0.9186470079326812
0,0.41647716440713617,0.08547049767850354,0.49805233791436015
0,0.8897174588098797,0.01072026006036053,0.0995622811297594
0,0.9152909213710742,0.008882181591672209,0.07582689703725373
2,0.6537918692074948,0.022374163232588003,0.3238339675599174
0,0.9423533169128667,0.01790088160554284,0.039745801481590126
0,0.9461760267973492,0.013005879887476037,0.04081809331517468
0,0.682245681077791,0.10577773845968229,0.21197658046252657
0,0.925640811666714,0.010727828123780172,0.06363136020950598
0,0.8434756435001084,0.020267815760680874,0.13625654073921048
2,0.5986562767552741,0.09331070170853145,0.3080330215361946
0,0.957767119568172,0.003252857419374576,0.03898002301245344
0,0.8833462443729205,0.03234361686973844,0.0843101387573408
0,0.934135102398056,0.011579110262645685,0.05428578733929822
2,0.6364701997726684,0.04374681998728158,0.31978298024005014
0,0.3590892843593395,0.03875255554318302,0.6021581600974774
0,0.6914433989564335,0.06461088934594698,0.24394571169761947
2,0.020820687781076378,0.027794453736989178,0.9513848584819345
0,0.8006838178953368,0.01820381961189276,0.18111236249277016
2,0.17368853411348759,0.115118974512091,0.7111924913744214
2,0.6597382706279381,0.05112642265353886,0.2891353067185235
0,0.9371781723300036,0.008884519060198071,0.05393730860979811
0,0.8443159626750251,0.02757743244112823,0.1281066048838466
0,0.754731213861306,0.024175115714441742,0.22109367042425224
2,0.3567066358704319,0.06982895643510832,0.5734644076944597
0,0.8527518172225566,0.05354780664946724,0.09370037612797621
2,0.856051396284398,0.023089773196384496,0.1208588305192177
2,0.3641127408904661,0.04783570466386208,0.5880515544456719
0,0.9513876524188379,0.005486663396630626,0.04312568418453138
0,0.8035996487816482,0.03646890298235395,0.1599314482359978
2,0.035435592745269424,0.16722951251009843,0.7973348947446318
0,0.6147681116263909,0.05333205798406703,0.33189983038954235
0,0.7034850092001441,0.009728167168879056,0.2867868236309766
0,0.5641617676965952,0.04044360914102024,0.3953946231623843
0,0.9417490760426361,0.009944132800296017,0.048306791157067826
0,0.5438056824031063,0.021329684683767343,0.4348646329131264
2,0.01935378524901624,0.00687910685263677,0.9737671078983468
0,0.9380149528359422,0.005724178849571266,0.056260868314487025
0,0.6703458675143531,0.04094228548937787,0.28871184699626884
1,0.42369709708136777,0.06994868206220735,0.5063542208564249
0,0.6773780952300716,0.008088213040725115,0.3145336917292032
2,0.35996401004637746,0.017150348651587176,0.6228856413020357
2,0.21405986594654255,0.021549302639054496,0.7643908314144028
0,0.8011632658500807,0.008343649629892076,0.19049308452002717
0,0.9496594711455162,0.006917068479196316,0.043423460375286854
2,0.015489571159906429,0.012139332529925304,0.9723710963101683
0,0.9478692656139833,0.00787390267561875,0.04425683171039802
2,0.047520885149042555,0.030921250208535016,0.9215578646424223
0,0.951754214547514,0.00442423842503694,0.04382154702744873
0,0.8060105173892951,0.060090761803614674,0.13389872080709025
0,0.6958114075555849,0.03888569261075019,0.2653028998336648
0,0.9559267994829861,0.006719338998781111,0.03735386151823265
2,0.30012594749865995,0.06306474050087992,0.6368093120004604
0,0.9518589800825313,0.00275559617565936,0.04538542374180928
0,0.8960804790562001,0.01572665480846367,0.08819286613533617
0,0.8461186430590327,0.019518434788676337,0.13436292215229106
0,0.9047577163337854,0.011124396506797668,0.0841178871594168
2,0.541739114275838,0.029321985024101858,0.4289389007000603
0,0.8351952635637863,0.055106616204523055,0.10969812023169055
0,0.35358513302184374,0.056183073383464226,0.5902317935946921
0,0.6811428621162577,0.056001160711385924,0.2628559771723565
0,0.8615855197297472,0.024629799709566264,0.11378468056068601
2,0.11740878651561662,0.050090032339958956,0.8325011811444244
2,0.2378356007846729,0.043386122365322584,0.7187782768500045
0,0.4985496968087529,0.026535291612903883,0.4749150115783435
0,0.8719965707969273,0.020111033016480307,0.10789239618659247
2,0.6063786445217662,0.06896422048288135,0.32465713499535276
0,0.9051990228652247,0.022403679997941166,0.07239729713683392
0,0.952442593197467,0.008655145942896165,0.03890226085963674
0,0.9423144083531225,0.00963137325273625,0.048054218394140744
0,0.9541786486366759,0.008825309985030876,0.036996041378292883
0,0.9585314878483154,0.008963094729078549,0.03250541742260636
0,0.4268479593005419,0.03210971938811172,0.5410423213113462
2,0.021119838016575826,0.05114230840415842,0.9277378535792657
0,0.7902838952095553,0.012387714593196477,0.19732839019724807
0,0.7947738769737922,0.03772930742785396,0.16749681559835436
2,0.39826878449233344,0.0450604733226004,0.5566707421850662
2,0.3144499935996706,0.03919489410796404,0.6463551122923654
2,0.49937810719797165,0.05381280105426,0.4468090917477682
0,0.3929723972493856,0.048843690884547784,0.5581839118660666
0,0.7831655251584886,0.05010611089480681,0.16672836394670465
0,0.9483327548036917,0.01231931602096386,0.039347929175344375
0,0.5194970607402548,0.12292310955886554,0.35757982970087954
2,0.7571502863791093,0.025306546115427857,0.21754316750546265
0,0.9627691454203812,0.009376367066369327,0.027854487513249367
2,0.030140418527969063,0.0898245194252878,0.8800350620467433
0,0.8946255198850311,0.015850845572114337,0.08952363454285454
0,0.9069018015186071,0.012458897360242346,0.08063930112115046
0,0.3424263779662019,0.07748444246805127,0.5800891795657468
0,0.80048347076658,0.012982098801766737,0.18653443043165313
2,0.5987949280993027,0.04393698328210851,0.3572680886185888
0,0.7589382023126815,0.058907425603187465,0.18215437208413096
0,0.8618917536750077,0.012674032107164609,0.12543421421782783
0,0.5872269842862228,0.04685685556849995,0.3659161601452773
2,0.9635801941451098,0.0042020365496395875,0.03221776930525053
0,0.8315553956748255,0.00742713960665037,0.16101746471852416
0,0.5090107817946344,0.09369088904400079,0.3972983291613649
1,0.15294080470825835,0.21500035911214563,0.6320588361795959
0,0.8951536071445484,0.014845651219697307,0.0900007416357549
0,0.9448060561634227,0.01123451437284643,0.04395942946373072
0,0.849605429339756,0.035184165408671614,0.1152104052515723
0,0.8665944736411819,0.01675786664788479,0.11664765971093284
0,0.9541327161255934,0.007789709176399649,0.03807757469800724
0,0.9517918609507307,0.005532839879199809,0.04267529917006926
2,0.25257177058068436,0.020229779058341286,0.7271984503609745
2,0.35611465446501595,0.12798725858772467,0.5158980869472592
0,0.918154087232607,0.017768685659342753,0.0640772271080501
2,0.2982360336446071,0.05011522167812618,0.6516487446772669
2,0.3341616525327223,0.14149190903099176,0.524346438436286
0,0.8674397549041399,0.0019857608363465047,0.1305744842595137
0,0.9360403133987472,0.012687394700094556,0.05127229190115805
2,0.38728254642152876,0.049848191329701065,0.5628692622487698
0,0.6907021413401773,0.029477223697495666,0.2798206349623265
2,0.203232376247231,0.08090447157289991,0.7158631521798692
0,0.6199980521369799,0.0927384739729629,0.28726347389005746
2,0.06791442673591638,0.023199804245946514,0.9088857690181369
2,0.012957997256254628,0.005224936559713571,0.981817066184032
2,0.015617111562086831,0.008741507056697753,0.9756413813812154
2,0.02266729665004455,0.0016030565214887379,0.9757296468284666
0,0.9454231225482177,0.011626473313763756,0.04295040413801803
0,0.8717062800285693,0.0011555547984461066,0.12713816517298462
1,0.3710410763668724,0.0789137898953661,0.5500451337377616
2,0.0510182203320624,0.08974796902971025,0.8592338106382275
0,0.9434007767668964,0.010836795803470167,0.04576242742963333
2,0.49261762766395617,0.06165429086764037,0.44572808146840337
0,0.1759054108331691,0.010378672387740985,0.8137159167790898
0,0.7634913166276334,0.02464475017973537,0.21186393319263128
0,0.8626182818898831,0.03175220035766572,0.10562951775245095
0,0.9590301804185103,0.0056268632750803805,0.03534295630640907
0,0.9241047690381722,0.004487325663495465,0.07140790529833235
0,0.4521694072697058,0.0339686969166025,0.5138618958136919
2,0.1906496029273387,0.10192715727931774,0.7074232397933435
0,0.9559561669421979,0.008411809427650057,0.03563202363015234
2,0.8406970491492566,0.0038305290605820078,0.15547242179016169
2,0.028315695969264143,0.014691999064750952,0.956992304965985
0,0.957624453457453,0.010072204809712767,0.0323033417328342
0,0.9657525845289956,0.008213305311946624,0.026034110159058238
0,0.9556427326309013,0.007109548326665841,0.03724771904243278
0,0.9510297812523341,0.011881350665921142,0.037088868081743914
0,0.91324550881553,0.012717274788806302,0.07403721639566378
0,0.9550669791085618,0.00721782993469686,0.03771519095674132
0,0.8839878822299753,0.020435397477942614,0.09557672029208218
0,0.9552443056473856,0.008451621511781453,0.036304072840832625
2,0.11272956895920397,0.11585285511528327,0.7714175759255127
0,0.7934920115910443,0.004532098114274592,0.20197589029468108
2,0.13563253043638754,0.03521807351285147,0.8291493960507611
0,0.8709035028658022,0.018537010804004668,0.1105594863301931
2,0.25869226777432536,0.03699984548153376,0.7043078867441409
0,0.937325645264334,0.0236666047317869,0.03900775000387931
2,0.047417571028686614,0.029439602252462265,0.9231428267188513
2,0.4568494269522295,0.0833401527920458,0.45981042025572455
0,0.9215907374200154,0.007113752652438864,0.07129550992754577
2,0.22476865111490796,0.03790633145732657,0.7373250174277658
0,0.9551565140593249,0.008502520502630718,0.036340965438044714
0,0.9152625973198486,0.012364967304490868,0.07237243537566064
0,0.8576850296528895,0.002722239503386035,0.13959273084372473
2,0.6925046941200083,0.07538147570560881,0.23211383017438297
0,0.9415864058556551,0.009538666510419451,0.04887492763392538
0,0.3844509105422896,0.07045345103419569,0.5450956384235147
2,0.19196635332025747,0.0871726638998602,0.7208609827798822
2,0.03401420483271671,0.13581212471162635,0.830173670455657
2,0.07268325246177358,0.0322547663205706,0.8950619812176558
2,0.04765542390131461,0.01719107222242576,0.9351535038762597
2,0.030089530850406946,0.02040886745640304,0.9495016016931899
0,0.8241279401868999,0.02265974017180671,0.15321231964129356
2,0.003864070711896799,0.013365244654990855,0.9827706846331125
2,0.486245435803275,0.054510341138853856,0.45924422305787116
2,0.0009721916501577518,0.013552071123211907,0.9854757372266302
2,0.06232018790041483,0.004759055380667914,0.932920756718917
0,0.848332509738238,0.045420362573358235,0.10624712768840376
2,0.8072313443472425,0.010916286011451934,0.18185236964130552
0,0.8844031324555006,0.03656413431477436,0.07903273322972496
0,0.94871084859544,0.010439189240488323,0.04084996216407159
0,0.8882758641066868,0.018870192289277683,0.09285394360403515
0,0.5955295433085128,0.049697638984332465,0.35477281770715463
0,0.5389295990504769,0.023304617592406967,0.43776578335711636
0,0.9586646566077259,0.008906191241541047,0.03242915215073276
2,0.047760941216440804,0.096224836533696,0.8560142222498632
2,0.31013735814505294,0.08441264375942291,0.605449998095524
2,0.6033935842984162,0.03358186185682218,0.3630245538447617
2,0.12052298634905882,0.043773263401609065,0.835703750249332
2,0.004499122996246477,0.006341011402718556,0.9891598656010349
0,0.9559701496657395,0.009627259743698947,0.034402590590561825
2,0.17188329599177246,0.0788258801348716,0.7492908238733557
2,0.0015678719175220921,0.012052232358164125,0.9863798957243137
0,0.9518076827289371,0.006597742882889445,0.04159457438817287
0,0.8885215240508955,0.01796048953498453,0.0935179864141207
0,0.8500836260905058,0.020015537412498664,0.12990083649699588
2,0.010416820288210763,0.005567793533468324,0.9840153861783208
2,0.09384195792553202,0.016741384060867108,0.889416658013601
1,0.709953554870056,0.05076135762374304,0.23928508750620095
0,0.12850621493560505,0.015292359500939521,0.8562014255634556
0,0.8128223920262629,0.00835618798874053,0.17882141998499715
2,0.6349658502141187,0.04347352753090491,0.3215606222549762
0,0.9310447067835659,0.029526211472726292,0.03942908174370803
0,0.333323915952457,0.1282301476548459,0.538445936392697
0,0.9414712912368817,0.0027132496417980262,0.05581545912131989
0,0.5807256032919645,0.09299446240816958,0.32627993429986574
2,0.02786349164392766,0.0318705421759091,0.9402659661801633
2,0.0012861378166384805,0.012609833941798414,0.986104028241563
2,0.07086535159640624,0.01684238972332041,0.9122922586802731
2,0.8504230682997209,0.003048897870214084,0.1465280338300648
0,0.607631638383862,0.05693501181373719,0.33543334980240036
0,0.32679540323955586,0.15297391552287523,0.5202306812375687
2,0.45351490695560137,0.0376594932171923,0.5088255998272063
0,0.8644446469985723,0.026846409275189602,0.10870894372623817
2,0.8165780262324619,0.012544924307684247,0.17087704945985396
0,0.9399693082965511,0.006936654786378671,0.05309403691706994
0,0.7621433328210147,0.011637186080632467,0.22621948109835285
2,0.5172814652243742,0.05893666707840155,0.4237818676972241
2,0.7065257912911779,0.0223924611839414,0.2710817475248808
0,0.9409348442438639,0.015661597244042893,0.04340355851209307
0,0.6409201716877138,0.024842995951521098,0.33423683236076496
2,0.23507235448059935,0.036164241285941645,0.7287634042334588
1,0.35575290544721994,0.07380099111869874,0.5704461034340814
0,0.6819228899604671,0.014999123384644994,0.30307798665488805
2,0.002409614784312831,0.02680076924001823,0.9707896159756688
0,0.8620313053185096,0.0016087569888294227,0.1363599376926609
0,0.16601340683185345,0.06605463140330492,0.7679319617648416
0,0.9445574857970129,0.005126612622144745,0.050315901580841885
2,0.07365753120749045,0.06589933298710246,0.860443135805407
1,0.4780423760818057,0.1281088794909453,0.39384874442724915
0,0.9469315238173799,0.007486409175672329,0.04558206700694764
2,0.279128845747383,0.02935901741635872,0.6915121368362583
0,0.9098344880276947,0.0021215992243999783,0.08804391274790517
0,0.8713732924810165,0.016795075039403574,0.11183163247957988
0,0.6415698031512912,0.033939224693085045,0.3244909721556238
1,0.5312381392618835,0.13313480179161866,0.3356270589464979
2,0.009006572894416188,0.00729247044157516,0.9837009566640086
2,0.3179431652109619,0.10605100370997052,0.5760058310790678
2,0.3197242647012601,0.03706757108267661,0.6432081642160632
2,0.18204142762117576,0.021118745105811132,0.796839827273013
2,0.11425756265652182,0.12501274454198147,0.7607296928014967
0,0.9598967865739639,0.007362095527714209,0.03274111789832176
2,0.5865932836830693,0.021336852839340156,0.39206986347759104
0,0.49254239769130925,0.044835622606299336,0.4626219797023912
1,0.40234100270514367,0.09329867453352943,0.5043603227613271
2,0.04056756477559739,0.02091592947406966,0.9385165057503326
0,0.8601977798810767,0.03966120152659348,0.10014101859232959
2,0.0830778442198717,0.1294332942455869,0.7874888615345415
0,0.9030766762922245,0.020070473577987875,0.07685285012978771
0,0.6526575258126017,0.08203668104604847,0.26530579314135
0,0.9269264405801859,0.02460261026775598,0.04847094915205798
2,0.05235981769036728,0.12067966640121498,0.8269605159084173
0,0.9603267774139027,0.005745407114805877,0.03392781547129139
2,0.31947815216911896,0.055105249408473396,0.6254165984224079
0,0.9480619161592158,0.007079007457626774,0.04485907638315781
0,0.8771051476671734,0.032446074490982156,0.09044877784184452
2,0.10316285007793852,0.12693858502740604,0.7698985648946551
2,0.1006776147222162,0.057399961938757266,0.8419224233390264
0,0.7689709091458495,0.04477305256573,0.18625603828842074
0,0.9261131132522844,0.025296362187106326,0.048590524560608986
0,0.9623497418315831,0.009187069282876284,0.028463188885540645
0,0.8984004769499147,0.0016852315475355951,0.09991429150255027
2,0.9534757035846331,0.006862443462794398,0.03966185295257248
0,0.944868081944856,0.02169241859953277,0.03343949945561056
0,0.5221848327961656,0.13336668573129032,0.34444848147254475
0,0.5040418905589339,0.16360381703638358,0.33235429240468234
0,0.7587047567348241,0.015484077554863756,0.22581116571031215
1,0.517581864610923,0.09591510376481785,0.38650303162425914
0,0.9586300081679804,0.009043625328305526,0.03232636650371401
0,0.42747793538688045,0.08096262344539418,0.49155944116772504
0,0.1938599032540375,0.06299805990590952,0.7431420368400529
0,0.9303848245323856,0.00830690823456864,0.06130826723304567
0,0.19810727594662741,0.048052510485299973,0.7538402135680728
0,0.8688860507604557,0.032124767673969996,0.09898918156557442
2,0.3977114636154769,0.022972201402397825,0.5793163349821254
2,0.16098406013285538,0.028351673669020215,0.8106642661981245
2,0.903163106594618,0.016198096825383368,0.08063879657999853
2,0.1399751579627349,0.07105712878658321,0.7889677132506819
2,0.858848160059199,0.024273557805361834,0.11687828213543885
0,0.9571055698818781,0.007826790055379437,0.03506764006274271
2,0.5128265172260671,0.08033124627645223,0.4068422364974807
0,0.6192382587606852,0.07449852420425902,0.3062632170350557
0,0.9569641956713086,0.00435181216367063,0.03868399216502051
0,0.9408384793161845,0.011106871155702849,0.04805464952811234
0,0.9513775372331497,0.007710786099583254,0.04091167666726664
2,0.021339542779929416,0.03611847971317101,0.9425419775068996
2,0.8054676195766859,0.06187467154082519,0.13265770888248896
0,0.9562147520328589,0.007956952338537309,0.035828295628603846
1,0.6860619800636131,0.09082709118705169,0.22311092874933547
0,0.9519731225863056,0.007237525342075829,0.04078935207161842
0,0.6667406405273867,0.03875253202170708,0.2945068274509061
0,0.9294873222208713,0.005761199481816881,0.06475147829731194
2,0.18032891128597697,0.020415442089252733,0.7992556466247701
0,0.9457259291674462,0.009599541140038735,0.044674529692515
2,0.24354339857937674,0.026192015403831183,0.730264586016792
2,0.8456223007262267,0.010871615263215253,0.1435060840105582
2,0.06660010356373737,0.06226837726966872,0.8711315191665941
0,0.2594558307914483,0.043317382215592296,0.6972267869929603
2,0.0055426716141001855,0.006914886463330672,0.9875424419225691
2,0.5962494618162606,0.10465195867388484,0.2990985795098547
0,0.9029960392230563,0.016117349408797853,0.08088661136814516
0,0.4994725539379865,0.051653306349465786,0.4488741397125477
0,0.9244823095134479,0.017696646443474972,0.057821044043076975
0,0.18416485980312924,0.019929801808983304,0.7959053383878881
0,0.9538019178333915,0.0033144603270318174,0.042883621839576586
0,0.4605330215720414,0.013883114393568518,0.5255838640343901
1,0.20570750877163874,0.09100636613599067,0.7032861250923705
0,0.6672617322858223,0.016818199551729866,0.3159200681624477
0,0.8094596602679576,0.022014111666299144,0.16852622806574308
2,0.216940875855184,0.08864395480594874,0.6944151693388674
0,0.4482272926755463,0.10683714853145772,0.44493555879299607
0,0.8574059545780169,0.0016033798484224638,0.14099066557356063
0,0.9611564222012142,0.006874230058057451,0.03196934774072788
2,0.9558379423593759,0.008125471479760182,0.036036586160863714
0,0.9633958006284784,0.005881851232258316,0.030722348139263157
2,0.2073670970574448,0.03209744378457935,0.7605354591579758
2,0.6578152558555689,0.0899771836007116,0.25220756054371957
2,0.06631615043868547,0.1020011707778036,0.8316826787835108
2,0.012618059317117365,0.07619773913948209,0.9111842015434006
0,0.7625845148130551,0.021324962529496134,0.21609052265744882
0,0.82933295029163,0.0018116830567397643,0.1688553666516303
2,0.0108617498254653,0.0,0.9891382501745347
2,0.43689668386069047,0.09454123387545181,0.46856208226385754
0,0.8891907701558551,0.016190575393666275,0.09461865445047948
0,0.9499180125617974,0.0077969861219979964,0.042285001316204274
0,0.7078892883600975,0.024040227017166474,0.26807048462273597
0,0.4543313683406547,0.08460879740044827,0.46105983425889707
0,0.2502769871241368,0.1416429347601626,0.6080800781157009
0,0.7704629932208975,0.02476087479057888,0.2047761319885235
0,0.9688179363783297,0.005502673518757713,0.025679390102912425
0,0.7683628265975018,0.018785053155832076,0.2128521202466663
1,0.5176095019244764,0.160648689304881,0.32174180877064246
0,0.23758438459716347,0.08754661179990529,0.6748690036029309
0,0.9187242947778235,0.01846318569229287,0.06281251952988336
0,0.7565719805710968,0.0544525631863326,0.18897545624257045
2,0.0019267132597198756,0.0021963607646383948,0.9958769259756418
2,0.6386002867481241,0.09210668905896406,0.2692930241929118
0,0.34321131109393027,0.04082462984778537,0.6159640590582842
0,0.9586965802185471,0.0060627283619681185,0.03524069141948484
2,0.09772458594724125,0.06396114640424944,0.838314267648509
0,0.956744419716729,0.005493935980231914,0.037761644303039354
2,0.0005059637971030376,0.0007752738677280157,0.9987187623351689
0,0.9394135064669802,0.004688528888478411,0.05589796464454118
2,0.8943513342734675,0.011845355705272433,0.0938033100212601
0,0.5726397974876898,0.11047565471538309,0.3168845477969267
0,0.4233765180756646,0.036956162207153,0.5396673197171823
2,0.002389737472579683,0.003069053708439898,0.9945412088189804
0,0.9432565609563915,0.0114589856828396,0.04528445336076876
0,0.9497823986711765,0.00710580921924585,0.04311179210957761
0,0.8396775135593509,0.02865425297214479,0.13166823346850398
2,0.007632272633491406,0.022820758471135984,0.9695469688953726
