target,prediction_0,prediction_1,prediction_2
2,0.0350956123634908,0.025163431521941514,0.9397409561145676
0,0.9734801560048156,0.006031370884208631,0.020488473110975777
0,0.9727079849774288,0.00907142943453851,0.018220585588032703
2,0.1321403885665977,0.10934852728137534,0.758511084152027
0,0.917513532375986,0.008205500909015916,0.07428096671499816
0,0.8322865392908002,0.0033378106623396407,0.16437565004686025
0,0.8440483512886573,0.04428622562204173,0.111665423089301
2,0.015961282400404925,0.021446994156246894,0.9625917234433481
0,0.9906020098087474,0.00039344691072337425,0.009004543280529166
1,0.3127121559788821,0.045745793936989604,0.6415420500841283
2,0.035586797411476134,0.019812291487264704,0.9446009111012591
0,0.9016997146650958,0.01382877585204391,0.08447150948286043
0,0.9315596762231653,0.008100940081971226,0.060339383694863566
0,0.9214130124130732,0.01032539213249951,0.06826159545442727
0,0.906079082647747,0.047418700468883426,0.046502216883369564
2,0.22095098865092772,0.09729380953733331,0.681755201811739
0,0.8923134034787481,0.00854326097349423,0.09914333554775774
2,0.6703581185438667,0.10315376800072766,0.22648811345540576
0,0.9647152282063385,0.009559043418894858,0.02572572837476657
2,0.18064439097150198,0.060908718272684806,0.7584468907558133
0,0.9243494774416073,0.016782525483609985,0.058867997074782775
1,0.41467554758033975,0.09604712238386205,0.48927733003579815
2,0.06522536899045932,0.011533308301373103,0.9232413227081676
0,0.9645490574080262,0.004834918399187839,0.030616024192786084
0,0.5232882919292124,0.057087617082855396,0.41962409098793213
0,0.9294117487886,0.009355241174276076,0.061233010037123926
0,0.9442672730873514,0.01161633708803272,0.044116389824615736
0,0.984239320920219,0.008656600746481233,0.007104078333299746
0,0.3680855157706154,0.05070570906207014,0.5812087751673145
0,0.9192988019475186,0.011301791113189791,0.06939940693929181
2,0.04846550768304412,0.034167555571706344,0.9173669367452495
2,0.33522473040224976,0.03737263770778947,0.6274026318899607
0,0.2418465137782082,0.22022560820025636,0.5379278780215354
2,0.3829077452286667,0.03552312997337351,0.5815691247979597
0,0.7742631511905689,0.08853752290506434,0.1371993259043668
2,0.042985992827002724,0.028717700512092742,0.9282963066609046
2,0.30034949672487593,0.03789471912518746,0.6617557841499367
0,0.9201455545671173,0.03474647358727075,0.04510797184561193
0,0.3554332715785047,0.09973408228884277,0.5448326461326526
0,0.7404828808732138,0.05353539315805312,0.2059817259687331
0,0.8406449806512006,0.00937486627191255,0.14998015307688678
2,0.08131831595815342,0.47526971896197684,0.4434119650798697
0,0.8735501961166063,0.008290539720407651,0.118159264162986
0,0.9754337182362205,0.002343384097758656,0.022222897666020914
0,0.915083724408638,0.004339205187197615,0.08057707040416429
0,0.6825756051159695,0.110784449170505,0.20663994571352542
0,0.8962054289249426,0.005005106606675973,0.09878946446838162
2,0.7614408542790077,0.04035374742171245,0.19820539829927997
0,0.8905361809212033,0.008347671766274363,0.10111614731252223
2,0.5044992328121438,0.08020043431630405,0.4153003328715521
0,0.9350019582746859,0.035174965393580435,0.029823076331733454
0,0.9817084169377002,0.004269559890453619,0.014022023171846146
2,0.029476210524944188,0.008768116996537425,0.9617556724785183
2,0.41999937233859735,0.01940468310471702,0.5605959445566857
2,0.2116174334055195,0.01820186923230547,0.770180697362175
0,0.7578737878305233,0.008212557196714034,0.23391365497276284
0,0.8616801963152807,0.09482775422612251,0.043492049458596846
0,0.7167853204126364,0.0833671641787903,0.1998475154085734
0,0.9675617344120399,0.0018109408529945244,0.030627324734965652
0,0.7882468616880619,0.10299429216599248,0.10875884614594564
1,0.7851324080180972,0.05811737194904035,0.15675022003286246
2,0.8731165257805961,0.022459856561177254,0.10442361765822661
0,0.9219977317610297,0.014889409921289594,0.06311285831768064
2,0.14796365185179045,0.008484497480683613,0.8435518506675258
2,0.07149081626458592,0.08701200746789321,0.8414971762675209
2,0.02329940777451198,0.014089000998961211,0.9626115912265268
1,0.9196983158208716,0.0027661764119768346,0.0775355077671516
2,0.4074276546555412,0.01737711519855774,0.575195230145901
2,0.07400806920362989,0.15062682839745872,0.7753651023989113
0,0.9748269931369182,0.004832363119662892,0.02034064374341886
0,0.9883031737895797,0.0026375424656903896,0.009059283744730069
0,0.7032408043703744,0.01507086138657161,0.28168833424305406
0,0.9646120118673736,0.005892177077521472,0.02949581105510487
0,0.9354917699131371,0.02591084819710605,0.038597381889757004
2,0.004738940208201881,0.0026194911405837697,0.9926415686512143
2,0.019365265791203193,0.0014799385275339003,0.979154795681263
0,0.9801056156281455,0.0007862676701971426,0.019108116701657407
0,0.7495213450252562,0.024381137823532458,0.22609751715121135
0,0.953413497079018,0.005388942772678441,0.04119756014830352
0,0.7700466546192555,0.009889405326210727,0.22006394005453375
0,0.7729925022856785,0.05946864206757068,0.16753885564675092
2,0.7765766709019671,0.01848112293066604,0.20494220616736677
1,0.6954029142463953,0.0032437690539433455,0.30135331669966137
0,0.7571274356202319,0.023017254640160464,0.21985530973960768
0,0.8183677938932055,0.02450502604539544,0.15712718006139928
2,0.515084166341519,0.07151704036414243,0.4133987932943386
0,0.9591199252217004,0.003882337898898296,0.03699773687940127
2,0.04761255063250196,0.03410244554714289,0.9182850038203552
0,0.9664483012539516,0.007477478340646027,0.026074220405402387
0,0.8500881735569152,0.019126231467288785,0.13078559497579614
0,0.8535710674875681,0.006597331776710302,0.13983160073572173
0,0.7285558634369322,0.0352074891017908,0.2362366474612771
0,0.9421862852200458,0.03378244216942329,0.0240312726105309
0,0.9722840931361173,0.009669458991091501,0.018046447872791145
0,0.9641482538330595,0.004862231336546581,0.030989514830393805
0,0.9606845490181312,0.013967126583293413,0.025348324398575307
0,0.9651299974556821,0.0034183736622787316,0.031451628882039166
2,0.006119770716196019,0.024654082474716007,0.9692261468090879
0,0.9649442726170915,0.013771840733750469,0.021283886649158215
0,0.5041170128503001,0.041931460713337795,0.45395152643636216
2,0.02270143832695595,0.07011878026622924,0.9071797814068149
2,0.004914915576714847,0.0017856618167818499,0.9932994226065033
2,0.037459907722482096,0.015626149327945746,0.9469139429495721
2,0.030688135398467552,0.025646180311761278,0.9436656842897713
0,0.9607927650042998,0.008125119365773367,0.031082115629926837
0,0.9702947502745729,0.011686965566304677,0.018018284159122436
0,0.9575497908657354,0.004878602574631688,0.037571606559632986
2,0.5842397865539789,0.055759349151116085,0.3600008642949049
0,0.6504222980842883,0.050132875514000884,0.29944482640171094
2,0.11292643345626872,0.06070586394033303,0.8263677026033982
0,0.9199516820212544,0.046006666569750235,0.03404165140899525
2,0.17917914415045277,0.08504536338394302,0.7357754924656041
0,0.9246433070386032,0.012574468075368618,0.06278222488602833
2,0.06947098685831597,0.05516492939915303,0.8753640837425309
0,0.9540407929268401,0.0016074147491060003,0.04435179232405401
0,0.7551931299058978,0.025111123643670182,0.2196957464504319
0,0.9630250054898024,0.0035741315394520914,0.0334008629707453
0,0.9173963057355145,0.0043131629869487525,0.07829053127753668
0,0.9334349907486501,0.02017510041572064,0.04638990883562922
2,0.6097757702510239,0.01418997555760251,0.37603425419137354
0,0.902374134145146,0.0119906006032027,0.08563526525165129
0,0.948091637815499,0.014538136259751302,0.03737022592474987
0,0.7950020465997579,0.07799314645123827,0.1270048069490039
0,0.9579742899006684,0.0019940213752414598,0.04003168872409006
0,0.3481968201121298,0.005712664819971184,0.646090515067899
0,0.6649243471682685,0.06294853399496324,0.2721271188367682
0,0.9369580310108634,0.008395356373802072,0.05464661261533454
0,0.9386939164385468,0.012889564569499714,0.04841651899195354
2,0.13774257664706638,0.03994971089957509,0.8223077124533584
0,0.9540304679907745,0.00831975302830986,0.037649778980915594
2,0.1257374214164355,0.02150548762669194,0.8527570909568725
0,0.8747829160904163,0.008214408797032339,0.11700267511255147
2,0.013699017089071407,0.01561085717033031,0.9706901257405983
0,0.9412413117672019,0.01259122236855272,0.0461674658642453
2,0.4155588834408889,0.2037118320174164,0.3807292845416948
2,0.5199939228480219,0.026477662296752632,0.4535284148552256
0,0.8094574726263175,0.013693040333633359,0.17684948704004919
0,0.9865655337948843,0.0018258234863279472,0.011608642718787712
0,0.9407490222184465,0.02041089320595192,0.03884008457560163
2,0.4680180698905194,0.02854228632118214,0.5034396437882984
0,0.5021581025747676,0.10076028439742454,0.397081613027808
0,0.1979763817336496,0.13459184329326862,0.6674317749730817
0,0.9248688530433559,0.023449146120784387,0.051682000835859804
0,0.7469613398235923,0.024890842970469118,0.22814781720593857
0,0.8862881222600729,0.020780512375576946,0.09293136536435004
0,0.9541167515774377,0.001168289111637929,0.04471495931092435
2,0.0592390776995627,0.03508239882001645,0.9056785234804208
0,0.9334424938587391,0.013248365969529469,0.053309140171731426
0,0.9346327017757234,0.01761995975261977,0.0477473384716567
2,0.19996846330465098,0.09231683319324366,0.7077147035021054
0,0.9637509417826371,0.003653699614768594,0.03259535860259436
2,0.4674983578358745,0.08097651780597222,0.45152512435815323
0,0.9651189631300199,0.0053177315659119736,0.029563305304068192
0,0.8993071954436528,0.00883182801682309,0.09186097653952406
0,0.32147958850032404,0.011591489571758696,0.6669289219279173
0,0.8919659813418559,0.006658925036769426,0.10137509362137453
2,0.021950423780949312,0.013496344137312662,0.9645532320817379
2,0.027764166825191443,0.022171250239578118,0.9500645829352303
2,0.7044770185776041,0.014838883856144318,0.2806840975662515
0,0.9649813398765703,0.00290398961219351,0.03211467051123598
0,0.03350095794693253,0.01571163134088678,0.9507874107121808
0,0.9911177568572649,0.000619802997852166,0.008262440144883046
2,0.8534687908262741,0.010688986210482343,0.13584222296324366
2,0.7972014859072452,0.03962196437772,0.16317654971503476
0,0.9007519050074926,0.004921875495868501,0.09432621949663894
2,0.28851443637016894,0.09795016911352243,0.6135353945163086
0,0.9535806050821498,0.02196898749786338,0.024450407419986806
2,0.009550983687382168,0.004106250752197801,0.9863427655604201
2,0.7774777286154637,0.03830530254232318,0.184216968842213
0,0.8673597695414598,0.019373434820625725,0.11326679563791431
0,0.7653766333073244,0.07667731467116308,0.1579460520215125
1,0.34275285023316515,0.06547789034448775,0.5917692594223471
2,0.2671502492741023,0.056841066974332784,0.676008683751565
0,0.8250925937020682,0.06679212817746773,0.10811527812046419
2,0.06033788657319419,0.2035994994310598,0.736062613995746
2,0.051436725356358654,0.03381556297765693,0.9147477116659843
0,0.9791276890995535,0.004028231625041326,0.016844079275405145
0,0.10377109609050278,0.026982477487487812,0.8692464264220093
2,0.08433210327049927,0.04247762474384698,0.8731902719856537
0,0.9412651018190319,0.001802742222727384,0.05693215595824069
0,0.36383667178782586,0.06050605102336321,0.575657277188811
0,0.5946047889540305,0.09473355680314147,0.310661654242828
2,0.004449101085936675,0.002840058397523021,0.9927108405165403
0,0.9760127342216236,0.003403774940379237,0.020583490837997105
2,0.2757268677220846,0.07023738919879935,0.6540357430791162
2,0.4510822586586558,0.07030385501138708,0.478613886329957
1,0.41297299154132144,0.19807717180758228,0.38894983665109634
0,0.5567048313557629,0.03536302292168128,0.4079321457225558
2,0.304169761220066,0.014634396355395438,0.6811958424245386
2,0.4584375580919819,0.11758660718750984,0.4239758347205083
0,0.7123805727173821,0.06670801213911709,0.22091141514350082
0,0.956663726498147,0.007531347764740454,0.03580492573711266
0,0.8035950206358224,0.026371907828553337,0.17003307153562433
2,0.2403419194569623,0.020379890334122474,0.7392781902089153
2,0.29782852277399047,0.027515134538522182,0.6746563426874874
0,0.976992081575425,0.005363841881489424,0.017644076543085384
0,0.6722407955531786,0.0646802291032225,0.26307897534359886
0,0.9531600896029275,0.011346692555602564,0.03549321784146995
2,0.9212540669978989,0.01668605097687558,0.062059882025225596
0,0.9726990486284101,0.004491881123895447,0.022809070247694418
0,0.9367202812228298,0.005312270481613738,0.05796744829555654
0,0.9745498668750658,0.006262477562598343,0.01918765556233586
2,0.8423345046180049,0.007741251106921233,0.14992424427507392
0,0.961488035832362,0.008809328988908275,0.02970263517872967
0,0.899745829850655,0.004103233493057674,0.09615093665628734
0,0.16382199298497713,0.03711764998169192,0.7990603570333309
0,0.9298454744165201,0.0010500690255435914,0.06910445655793641
2,0.4610479778492752,0.03104470572777212,0.5079073164229527
0,0.9595763757732851,0.005942529313222098,0.03448109491349278
2,0.09498440802015015,0.014882868257769374,0.8901327237220805
0,0.9103474900785553,0.031998152350717436,0.057654357570727316
2,0.8948394814552616,0.04160090047440118,0.06355961807033715
2,0.08897926120608098,0.08711985446661207,0.8239008843273069
2,0.059303085121526204,0.04839197538908053,0.8923049394893932
0,0.4969074281820614,0.04777183153480236,0.4553207402831363
0,0.9012535816031424,0.019291625791251592,0.07945479260560591
0,0.9303124911582906,0.00551115461477408,0.06417635422693527
0,0.922915974798506,0.027092319839970118,0.049991705361523905
2,0.5254497416232128,0.02334208212666368,0.4512081762501235
0,0.9707052466493203,0.009877548725843566,0.01941720462483612
0,0.1958034756525379,0.1707670740907512,0.6334294502567109
0,0.9838026387561202,0.000789393106029959,0.015407968137849821
2,0.9400390494099231,0.010883445258342776,0.0490775053317342
2,0.6811931433367077,0.039339185403629,0.27946767125966326
2,0.026710256691421567,0.03446996852605226,0.9388197747825261
0,0.9747288426730705,0.0054490358382863514,0.01982212148864334
0,0.9227019652746017,0.0404541636183687,0.03684387110702966
2,0.3945430896105191,0.047945596336688406,0.5575113140527925
2,0.13437505355390877,0.06195231429107242,0.8036726321550188
2,0.05351109378753619,0.024399459260607003,0.9220894469518569
0,0.9061492394211308,0.006098363754438661,0.0877523968244306
2,0.0981891815811625,0.011596251858667014,0.8902145665601704
0,0.8094637988539445,0.05980758188713746,0.13072861925891796
0,0.958588657263951,0.0067183655218788635,0.03469297721417004
0,0.4339354586476263,0.08547100451703257,0.4805935368353411
0,0.645782348324206,0.02471694559386818,0.3295007060819259
2,0.5575287100583975,0.016260752187130936,0.4262105377544715
2,0.7934560006915644,0.0023132901692379595,0.2042307091391977
0,0.9840659444362417,0.0025893406138115245,0.013344714949946823
2,0.3035944432374212,0.0364843294795308,0.6599212272830481
2,0.0645657907824798,0.027440808932506458,0.9079934002850137
0,0.7950476012993755,0.011830982276233191,0.19312141642439126
0,0.959910228198607,0.002395041314867719,0.03769473048652513
0,0.9832483875399126,0.0008681892915152862,0.01588342316857202
0,0.8171653335395177,0.016544538462767124,0.1662901279977151
2,0.014057044136146125,0.006359338308818929,0.979583617555035
0,0.2770987360488003,0.04791718433493709,0.6749840796162626
0,0.8362296407988469,0.011430282139525122,0.15234007706162803
2,0.019945537968819496,0.015348349196370495,0.9647061128348101
0,0.8927381248329461,0.002109565620210647,0.10515230954684317
0,0.18666416876552344,0.09102684943622573,0.7223089817982509
2,0.09346003174493216,0.023582326828087263,0.8829576414269806
2,0.02977667579065561,0.011412831120190117,0.9588104930891543
1,0.6942641234676797,0.005087317018903067,0.3006485595134173
0,0.9815583006068217,0.006672011698581679,0.011769687694596562
0,0.9711583528638154,0.009191704691002767,0.01964994244518192
2,0.21948546624907908,0.03149807167834321,0.7490164620725778
0,0.9369980742408653,0.0026869294697916277,0.06031499628934297
0,0.9869113343521295,0.0009452777136170535,0.012143387934253295
1,0.18215985817285515,0.48508893284585236,0.3327512089812924
0,0.8945979724491595,0.012948392979967652,0.0924536345708729
2,0.5428958108913242,0.05039254570441121,0.4067116434042646
0,0.4883336206774625,0.056233763941400575,0.45543261538113683
0,0.9651665475810018,0.006809856388814087,0.02802359603018412
2,0.14460626222634315,0.20604320005318993,0.649350537720467
0,0.47617183441178346,0.13888439306476796,0.38494377252344847
0,0.5637678713802605,0.22143971153511657,0.21479241708462293
0,0.633702747952667,0.034054199716978796,0.33224305233035417
2,0.6032961128235375,0.08175406362921421,0.3149498235472483
2,0.07003070918679107,0.019203359313701658,0.9107659314995072
0,0.8577955770036145,0.09431424617489584,0.047890176821489695
2,0.04263048034594075,0.004974055543613499,0.9523954641104457
0,0.8621352574450672,0.007655193449014659,0.13020954910591817
2,0.41039512765372993,0.15694974652137167,0.43265512582489846
0,0.868524613937507,0.0075607099462654875,0.12391467611622746
0,0.7954421284417752,0.09232677898727243,0.11223109257095229
2,0.8908817109720111,0.029682890740358476,0.07943539828763048
0,0.5859016514305961,0.08189959251262413,0.3321987560567797
2,0.4062390717737674,0.03336400295934302,0.5603969252668897
0,0.964477097080157,0.003752263028657195,0.03177063989118566
2,0.9489250985697134,0.003206293069605129,0.04786860836068139
0,0.9018368756478675,0.025742963514442448,0.07242016083768998
0,0.9502716284305373,0.0038097124760414765,0.04591865909342148
0,0.5449555535806467,0.13481617835402188,0.3202282680653315
0,0.9445150689420323,0.010801071923267028,0.04468385913470058
2,0.05836818320933548,0.028524172728092552,0.913107644062572
0,0.6820408434541361,0.036438242771266734,0.2815209137745972
0,0.9115551429382254,0.002682362860922822,0.08576249420085193
2,0.02707958495016659,0.002417509218453836,0.9705029058313797
0,0.9621708066038723,0.017299025226255003,0.020530168169872607
0,0.939715036662033,0.01685664250025873,0.043428320837708256
0,0.9313244291333249,0.017899328699356242,0.05077624216731893
2,0.06227917500388788,0.007629639064909461,0.9300911859312028
2,0.012544146224591003,0.006480138031589092,0.9809757157438199
2,0.10549699979146837,0.021998002407901666,0.87250499780063
2,0.07579491879486926,0.03165358188922908,0.8925514993159016
2,0.3141743855485836,0.012691218362076491,0.67313439608934
2,0.6403396833435026,0.03355973934151979,0.3261005773149776
0,0.898303123912363,0.018077422939702485,0.0836194531479347
0,0.9727657218333243,0.0031776087140578976,0.024056669452617762
0,0.945886493157967,0.010208757558696014,0.04390474928333692
1,0.3957556757053311,0.34327229594563136,0.2609720283490376
1,0.8056400959975105,0.03775186761824919,0.15660803638424034
0,0.9153441275417787,0.025042414126024298,0.05961345833219714
2,0.0374939836867355,0.05050121973860494,0.9120047965746596
2,0.6925063498654958,0.012301293908157283,0.29519235622634693
0,0.5911057109057358,0.1226573356042696,0.28623695348999456
0,0.9747732563293908,0.001932599729960882,0.023294143940648496
0,0.9510209513087658,0.008602507449798808,0.04037654124143537
2,0.009689914420595766,0.00950115891659723,0.980808926662807
0,0.32114067978204885,0.02215653348186818,0.6567027867360831
0,0.8238175845312758,0.014004864758484633,0.16217755071023957
0,0.8766441602495189,0.016389024123315533,0.10696681562716556
2,0.49023930797234394,0.007012754557533297,0.5027479374701228
0,0.941733633881627,0.02494735437101645,0.03331901174735649
0,0.9662834394335512,0.00576463616200173,0.02795192440444705
0,0.5378009230396846,0.25394420562661424,0.20825487133370105
0,0.8846122768261245,0.0078260551842992,0.10756166798957613
0,0.8796129255589504,0.006702676004948231,0.11368439843610147
2,0.5481527135739109,0.1442862301274787,0.30756105629861025
0,0.9677334400106568,0.003718998668430192,0.028547561320913087
0,0.9082470335919846,0.02176925310556222,0.06998371330245316
0,0.9594062163777509,0.014129984486754538,0.02646379913549452
2,0.7844286851072764,0.03183290497937967,0.18373840991334406
0,0.40249552786393594,0.018935631708397575,0.5785688404276665
0,0.6572168668831915,0.05319062766144615,0.2895925054553623
2,0.013190914413939906,0.010006871012435017,0.976802214573625
0,0.8794377621933595,0.009871063963191689,0.11069117384344894
2,0.2218471435447174,0.07646274388214296,0.7016901125731396
2,0.4269314880010223,0.06796008007991132,0.5051084319190664
0,0.9165078812928285,0.007548869544131551,0.07594324916303999
0,0.8560523722300495,0.014565794126802912,0.12938183364314756
0,0.7753569396389336,0.027422935830058646,0.1972201245310078
2,0.4094516843762366,0.09603664601812542,0.49451166960563786
0,0.898979486203404,0.07009078673611822,0.030929727060477762
2,0.9371051049247581,0.017550240724516435,0.045344654350725384
2,0.15441462711057785,0.01579927305559148,0.8297860998338307
0,0.9784130466976615,0.001802922149709278,0.019784031152629337
0,0.9721839416183966,0.004780981167493411,0.02303507721411006
2,0.06455005234060154,0.07164177411484492,0.8638081735445535
0,0.6832551972630942,0.09470792485361926,0.22203687788328635
0,0.5281717746663543,0.007921836912911881,0.46390638842073384
0,0.5740371911578606,0.029924646096510688,0.3960381627456288
0,0.9083668344310418,0.012606020852699367,0.07902714471625892
0,0.6666019555047787,0.027327604569660633,0.30607043992556066
2,0.06488734927298306,0.07901111130588333,0.8561015394211335
0,0.9462808160616316,0.0026687779754451025,0.05105040596292332
0,0.8460495619978344,0.04609109490632028,0.1078593430958453
1,0.43131920453725525,0.050106999566684456,0.5185737958960603
0,0.4539817059347543,0.006499371076618858,0.5395189229886268
2,0.20797495334438887,0.011131899713201252,0.7808931469424099
2,0.19238600648107415,0.07401072357041862,0.7336032699485071
0,0.9294252928881979,0.011095576380975938,0.059479130730826175
0,0.9727031205389248,0.0012457867507859979,0.02605109271028919
2,0.046188618115045155,0.0036851596339824554,0.9501262222509724
0,0.8750715279111839,0.008848499202742395,0.11607997288607382
2,0.019682108888651448,0.007602733555116394,0.9727151575562323
0,0.9820199366084306,0.0009635165020376997,0.01701654688953172
0,0.9086642421491137,0.01971293644555287,0.07162282140533349
0,0.853197775245488,0.015630155546472145,0.13117206920803984
0,0.9810170474814469,0.00403503960864314,0.0149479129099099
2,0.3969962681102257,0.012916742613992074,0.5900869892757822
0,0.9630450305963127,0.0032672363803292,0.033687733023358174
0,0.9661930586601997,0.00828707831833695,0.02551986302146349
0,0.8077226406150737,0.012362759468681662,0.17991459991624467
0,0.8960006283542463,0.018905503844921227,0.08509386780083246
2,0.5338036497070068,0.023919413709619322,0.4422769365833739
0,0.6498902337571943,0.11547431700198728,0.23463544924081836
0,0.5067155673712597,0.04991916874551037,0.44336526388323
0,0.7588689674922239,0.056754415796014875,0.1843766167117612
0,0.9040393205967873,0.008988696233184419,0.08697198317002842
2,0.2360593076681096,0.04403517481370025,0.7199055175181901
2,0.17564570701169507,0.030204199432541535,0.7941500935557635
0,0.6719341960607054,0.010130745077562555,0.31793505886173207
0,0.9409168294509839,0.014477859558102435,0.044605310990913756
2,0.43133433879270483,0.17897803719842217,0.389687624008873
0,0.8867944953619186,0.041752030112233954,0.07145347452584738
0,0.9705829347713786,0.004512920240963764,0.02490414498765761
0,0.9157963095989536,0.011526227998407737,0.07267746240263849
0,0.9782193964056928,0.003105954625456361,0.01867464896885075
0,0.9758756390638142,0.007685099974184027,0.01643926096200176
0,0.5266158500583913,0.05753350733646636,0.4158506426051424
2,0.02873841591904221,0.025331080568117288,0.9459305035128405
0,0.7676344901055929,0.010768963095805589,0.22159654679860147
0,0.8934899568568909,0.04085486007624208,0.06565518306686693
2,0.12022030090020508,0.039224976673778306,0.8405547224260166
2,0.2829180770517322,0.01979679322033704,0.6972851297279308
2,0.307001138221542,0.08414258571023384,0.6088562760682242
0,0.5988058173513728,0.011667043270877425,0.38952713937774974
0,0.7502903724557538,0.027636338238058784,0.22207328930618742
0,0.9417862529022766,0.013234682078440942,0.04497906501928235
0,0.7270695241032977,0.04845293843384095,0.22447753746286137
2,0.8146360262750622,0.01908423531977598,0.16627973840516186
0,0.9752763901558592,0.009291060294793294,0.015432549549347517
2,0.07597272446890323,0.08251569532469266,0.8415115802064042
0,0.8729459787197814,0.005853988767095474,0.12120003251312299
0,0.9207625891928857,0.010453677959858014,0.06878373284725643
0,0.4327459273873932,0.07689411089155532,0.49035996172105145
0,0.7856594740243028,0.015560237542840022,0.1987802884328571
2,0.7458474397615059,0.07240618586492538,0.18174637437356872
0,0.827797083136236,0.08749586900323246,0.08470704786053143
0,0.7717287037631259,0.005890939976878232,0.2223803562599959
0,0.578295531487832,0.018377915990987374,0.40332655252118066
2,0.9540128303107115,0.0008854112089609633,0.045101758480327395
0,0.8638495844951075,0.0014680941020141858,0.13468232140287834
0,0.6493734776029804,0.048545901233695364,0.30208062116332435
1,0.08646631207391726,0.3998045042359351,0.5137291836901476
0,0.9476982072557091,0.020846219536220824,0.03145557320807009
0,0.9613848176829122,0.015012463530941166,0.02360271878614683
0,0.9145970097607933,0.01323489350464637,0.0721680967345603
0,0.829500207695505,0.0075185768630935375,0.16298121544140148
0,0.9599656725691526,0.006331675067509201,0.033702652363338206
0,0.9427313367339994,0.003957121976475224,0.053311541289525276
2,0.1333382588922152,0.020125429396584092,0.8465363117112008
2,0.3070648397891829,0.05086951914590969,0.6420656410649074
0,0.9405000994085538,0.008727776161296066,0.05077212443014996
2,0.4112438300805437,0.026179507137967035,0.5625766627814892
2,0.13404301415918055,0.03821326844503658,0.8277437173957829
0,0.821333422001713,0.0026874419141133337,0.17597913608417376
0,0.9446005157196614,0.021299829846141552,0.03409965443419714
2,0.25355862870837836,0.06760546802585163,0.6788359032657701
0,0.6555910556773357,0.014006950964917457,0.33040199335774684
2,0.1341110511785422,0.039977926212533155,0.8259110226089247
0,0.6132680357993018,0.03782689906640902,0.3489050651342892
2,0.13627142518959642,0.07154264741210298,0.7921859273983006
2,0.01821602515719682,0.002462476619828615,0.9793214982229744
2,0.00423585990257256,0.009398318214372965,0.9863658218830544
2,0.023378297070956407,0.005824990478264399,0.9707967124507793
0,0.9619918826591488,0.008273844634997333,0.02973427270585379
0,0.8657524772906328,0.006812167424002636,0.12743535528536465
1,0.4069923199313747,0.04545806626710598,0.5475496138015193
2,0.06513662631579693,0.0479411478736724,0.8869222258105306
0,0.9446817088609077,0.008386353933611028,0.04693193720548127
2,0.4568092438567796,0.09202484965499734,0.451165906488223
0,0.16805800343537078,0.03249607795231672,0.7994459186123124
0,0.8826639485807108,0.009830214624609156,0.10750583679467983
0,0.8009854476409249,0.03328134776236676,0.1657332045967082
0,0.9686657941026033,0.002859892716078159,0.028474313181318704
0,0.9062576553478685,0.005213413624042094,0.08852893102808933
0,0.3076124869029106,0.04045385782280264,0.6519336552742868
2,0.22369539601432,0.07892622588465369,0.6973783781010263
0,0.9354748607930888,0.011369862665311432,0.053155276541599794
2,0.8846771828155161,0.021059518211559478,0.09426329897292443
2,0.02116826246312287,0.012995365017624202,0.9658363725192528
0,0.9808769044192569,0.003889082995638405,0.015234012585104708
0,0.98328732066719,0.00327255383234392,0.013440125500466032
0,0.9681580819640184,0.006021133270373394,0.02582078476560813
0,0.960056054833742,0.014747960125649998,0.025195985040608007
0,0.9487016661631653,0.005588655279402859,0.045709678557431695
0,0.9770471699320251,0.006891182777800432,0.016061647290174466
0,0.9288196244535621,0.025000598425208582,0.04617977712122928
0,0.9375450478262061,0.006373291636582439,0.05608166053721155
2,0.08202674484340436,0.12758822979282083,0.7903850253637749
0,0.8067316390820237,0.07061619175898902,0.12265216915898729
2,0.03973698423862402,0.03124910524946141,0.9290139105119145
0,0.8530904427874924,0.0035787151721222003,0.1433308420403854
2,0.12767600459789405,0.02228610151940867,0.8500378938826973
0,0.645946862086694,0.31147534503222807,0.04257779288107786
2,0.015233774425910937,0.013754149942335935,0.9710120756317531
2,0.6765993061017234,0.08114323368329447,0.2422574602149821
0,0.9219809232459008,0.007636662421610981,0.0703824143324883
2,0.12171240966708159,0.025728033127096206,0.8525595572058221
0,0.9649756211078883,0.004461057799874735,0.03056332109223699
0,0.9614580228359093,0.003940122517217937,0.03460185464687262
0,0.8815944559805512,0.011172736329607845,0.10723280768984089
2,0.6211051795054946,0.14793613521487464,0.23095868527963082
0,0.9790167658695459,0.008528523722723825,0.012454710407730418
0,0.3522892739806368,0.019594126985841995,0.6281165990335212
2,0.0596836947106561,0.06952027655576828,0.8707960287335755
2,0.06801624549921088,0.10343083038045746,0.8285529241203317
2,0.17649342763091785,0.013371466008891848,0.8101351063601903
2,0.034264309824835415,0.009056784631642521,0.956678905543522
2,0.015540686615049357,0.008503687937356884,0.9759556254475937
0,0.8679497038230375,0.007944491491590072,0.12410580468537245
2,0.008952133421962192,0.0080870621623713,0.9829608044156665
2,0.5521533158530602,0.042608797175152806,0.4052378869717871
2,0.010758639741153087,0.013096254929073842,0.9761451053297732
2,0.02553461170119784,0.009009025422738973,0.9654563628760633
0,0.9322599448088427,0.031405450254203014,0.03633460493695418
2,0.8179468887895814,0.019238628501930297,0.1628144827084884
0,0.9186241177791038,0.029908761937796707,0.05146712028309957
0,0.9252427184083847,0.014752196819892146,0.060005084771723165
0,0.8835758500334855,0.03721666578544184,0.07920748418107264
0,0.5344374560517976,0.0479205898001694,0.41764195414803307
0,0.6289238627421144,0.016792387912888875,0.35428374934499673
0,0.9704783394967779,0.009374276393405566,0.020147384109816365
2,0.10287580415334636,0.11286211938745419,0.7842620764591993
2,0.4306146685994162,0.03950913475846874,0.5298761966421149
2,0.7542829602413279,0.04219510403406638,0.20352193572460586
2,0.10139395536864197,0.03897609401122421,0.8596299506201338
2,0.005669090518262895,0.0072854581069520235,0.9870454513747852
0,0.9715219579615231,0.004836758011908005,0.023641284026568773
2,0.0704515846516418,0.08941441316127502,0.8401340021870832
2,0.007750603323728216,0.019575224208737595,0.9726741724675343
0,0.9365885860474077,0.006353704208054068,0.05705770974453824
0,0.9467631911113243,0.01026203245312888,0.04297477643554691
0,0.9176814833724329,0.011993180632826365,0.07032533599474074
2,0.009248307903423037,0.0037679718773278043,0.9869837202192491
2,0.03020484857585495,0.01199622123882937,0.9577989301853158
1,0.7350742183483399,0.12763892745637448,0.13728685419528563
0,0.08913060351776479,0.008696384518311666,0.9021730119639235
0,0.7844843713297832,0.004833026304847104,0.21068260236536976
2,0.6260018309891655,0.03470681930932267,0.3392913497015118
0,0.9439574323147567,0.012582461841323415,0.04346010584391985
0,0.5610817336760331,0.17898694481862054,0.2599313215053464
0,0.9187740654483221,0.0033700889479443322,0.07785584560373365
0,0.6442290700761714,0.09223266860400879,0.26353826131981983
2,0.023923837489999527,0.013972779517333403,0.962103382992667
2,0.006423020426363706,0.011274155110936723,0.9823028244626997
2,0.09825909419407788,0.1015645166051805,0.8001763892007416
2,0.8774859247355142,0.011804958589555542,0.1107091166749303
0,0.6690683770001983,0.05543400004506793,0.27549762295473373
0,0.5989019735783292,0.16773045542231835,0.23336757099935243
2,0.33912588635430624,0.017436382424671156,0.6434377312210225
0,0.9324412158681449,0.016459756918262593,0.051099027213592434
2,0.8558091648360725,0.005335693739700766,0.13885514142422667
0,0.9441205666284258,0.004661414879233326,0.0512180184923408
0,0.853458319326606,0.010890370435266765,0.13565131023812727
2,0.45208821157892115,0.09369773474221911,0.45421405367885975
2,0.587914237593138,0.03311563735627816,0.378970125050584
0,0.9441107359009225,0.028265695908997707,0.027623568190079814
0,0.4503357095582848,0.019844420787823617,0.5298198696538915
2,0.21383238252795012,0.07743453154968602,0.7087330859223638
1,0.4654611221791835,0.04680457876022161,0.4877342990605949
0,0.8430136706856218,0.01074053112660023,0.146245798187778
2,0.01140255160487235,0.0476823826048023,0.9409150657903255
0,0.9024242703262148,0.017365191774866173,0.08021053789891922
0,0.12007444264257536,0.04649101211308551,0.8334345452443391
0,0.9371475558420724,0.009236000135926436,0.053616444022001226
2,0.031599169471846954,0.012737364105851278,0.9556634664223018
1,0.41929016183738077,0.07219167524403651,0.5085181629185828
0,0.9693835012596832,0.00549821614489317,0.025118282595423688
2,0.17579866564426228,0.0278751862478863,0.7963261481078514
0,0.9445949515670818,0.0006377204577293156,0.05476732797518892
0,0.9344779480725881,0.004211526870990999,0.061310525056420734
0,0.6316519501345065,0.0356581487371631,0.33268990112833047
1,0.7054934139452309,0.12606220485533998,0.16844438119942912
2,0.006641307767633652,0.002282568186236823,0.9910761240461295
2,0.18664649752689946,0.10152913163693292,0.7118243708361676
2,0.20410400608178048,0.0214640071121903,0.7744319868060293
2,0.2407934262064943,0.00353383527899537,0.7556727385145102
2,0.19016016593110643,0.12298483339103103,0.6868550006778625
0,0.9229663869797173,0.0049603983830910055,0.07207321463719163
2,0.35972767033788766,0.023435549696622735,0.6168367799654897
0,0.4847570935346062,0.04122370687713763,0.4740191995882561
1,0.36949425498473315,0.08219693230899713,0.5483088127062696
2,0.05038943649083416,0.027460567206912118,0.9221499963022538
0,0.8424095068540902,0.049728603309103114,0.1078618898368067
2,0.0565334895256049,0.01874674085830024,0.9247197696160948
0,0.8994006153263614,0.020110568078935815,0.08048881659470283
0,0.686267045287372,0.03454201375897237,0.2791909409536556
0,0.9493072981173551,0.010733802017105606,0.039958899865539334
2,0.026296979861237788,0.021192324385695373,0.9525106957530668
0,0.930617185579628,0.0064077726667790555,0.06297504175359281
2,0.04813091380370093,0.02015099839637072,0.9317180877999284
0,0.8045394144904096,0.00957272355571134,0.18588786195387907
0,0.9748756256805992,0.008305772578792624,0.016818601740608303
2,0.3197848211646751,0.11613753527245209,0.5640776435628728
2,0.04882514289186942,0.027249756044128087,0.9239251010640025
0,0.799818774534132,0.053411092109990274,0.1467701333558777
0,0.9241917341852333,0.029052622394009332,0.04675564342075747
0,0.9840261044613753,0.004855059633507584,0.011118835905117055
0,0.846870212226966,0.001672318953827147,0.15145746881920677
2,0.9431466980162441,0.005737396537275381,0.05111590544648054
0,0.9689867869097593,0.008906248582738325,0.02210696450750253
0,0.8166933740744887,0.07643676731357524,0.10686985861193599
0,0.6240748087180191,0.18022712664887555,0.19569806463310535
0,0.7242276792524548,0.008458173154061695,0.2673141475934835
1,0.4832009374259977,0.34532470086987244,0.17147436170412989
0,0.9668113709525574,0.0065614323839792155,0.026627196663463398
0,0.15897657711994612,0.03956464942301121,0.8014587734570426
0,0.1666867457378524,0.02482415797970812,0.8084890962824396
0,0.8667265442410339,0.0281467288531069,0.10512672690585936
0,0.12913064839780075,0.017770500712143134,0.853098850890056
0,0.8608854277296405,0.024548806522816827,0.11456576574754261
2,0.5232550638117974,0.038085358008687946,0.4386595781795146
2,0.018084073768907256,0.011335585140036443,0.9705803410910563
2,0.9392525791677021,0.02583047328647175,0.034916947545826346
2,0.10101061560683526,0.03930110276554345,0.8596882816276212
2,0.9508100012975803,0.011600763839125295,0.03758923486329432
0,0.981386910109189,0.004970447116154677,0.013642642774656284
2,0.20777432122881498,0.23896709719507067,0.5532585815761143
0,0.6846444768995309,0.11793673337881197,0.19741878972165716
0,0.9582662056670271,0.004490627821707909,0.037243166511265045
0,0.9555871052353251,0.010289154806197796,0.0341237399584772
0,0.9227643337477237,0.010678063893533651,0.0665576023587426
2,0.02715517716010401,0.02700720858320811,0.9458376142566879
2,0.8331129910322814,0.06762897854117042,0.09925803042654828
0,0.9764848731244775,0.0015786467711573044,0.02193648010436507
1,0.42755567803158456,0.47820724959563315,0.09423707237278223
0,0.9666854784325852,0.002777837299880483,0.03053668426753426
0,0.7743918161893231,0.024689608048507526,0.20091857576216943
0,0.9504664712918439,0.004506569755377908,0.045026958952778154
2,0.05404414321502755,0.008886585838047582,0.9370692709469249
0,0.9156722133296432,0.017383327528875135,0.06694445914148167
2,0.04732860084882949,0.011159995992506782,0.9415114031586638
2,0.7727967311388809,0.02074192261646073,0.20646134624465842
2,0.13534401894939052,0.14484474710438414,0.7198112339462253
0,0.0553987717133458,0.012277093416262404,0.9323241348703918
2,0.009965835067638484,0.006007999979694544,0.9840261649526669
2,0.5879239209360979,0.10313592219124817,0.30894015687265397
0,0.9082049939570144,0.02196376440762787,0.06983124163535774
0,0.354176604127804,0.03703023120134518,0.6087931646708509
0,0.9185482818687769,0.012040170632247002,0.06941154749897596
0,0.1419295487024968,0.039613815049551165,0.8184566362479521
0,0.9469806638358509,0.0033922442835496165,0.04962709188059943
0,0.29838835587057533,0.026797214357094402,0.6748144297723303
1,0.12371176007640777,0.12703476746995807,0.7492534724536342
0,0.6745168210813589,0.012423875129186216,0.3130593037894549
0,0.8807990803532052,0.016964985844532775,0.10223593380226192
2,0.2538756059491181,0.027534364886671648,0.7185900291642102
0,0.3200980837548391,0.023042620189730596,0.6568592960554303
0,0.940031925658331,0.0061056683810900665,0.05386240596057893
0,0.9467608020738204,0.005000853907082965,0.04823834401909654
2,0.9547535843996131,0.005158827614842181,0.04008758798554468
0,0.9604972672412371,0.005369520495537975,0.034133212263225014
2,0.17201187757687078,0.02918805800948841,0.7988000644136408
2,0.6803349239363918,0.05529966749358767,0.26436540857002055
2,0.014042713502164057,0.05550981957445557,0.9304474669233803
2,0.008793822486722523,0.03435358447533046,0.9568525930379471
0,0.9390574923589791,0.00769638488897053,0.05324612275205042
0,0.922557635832363,0.005267580394591546,0.0721747837730453
2,0.014548994816390283,0.01026985055391886,0.9751811546296909
2,0.4505285398462582,0.10972317613289441,0.43974828402084754
0,0.9103350486747991,0.016123517509764984,0.07354143381543583
0,0.9514097158299782,0.00420642632121562,0.044383857848806094
0,0.8264175488479464,0.02493175093126958,0.14865070022078408
0,0.3200772800616879,0.09354300932980687,0.5863797106085052
0,0.5710135623100414,0.1301088156836106,0.29887762200634804
0,0.7250666808141601,0.024101129177640766,0.25083219000819906
0,0.9705299239042198,0.008874404090987515,0.02059567200479265
0,0.8848091185132249,0.0047529268697604115,0.11043795461701478
1,0.5431846695397607,0.28155701074852224,0.17525831971171688
0,0.31414251724315767,0.1388774477117411,0.5469800350451012
0,0.9053341213674102,0.025483238661383464,0.06918263997120624
0,0.8171708730242984,0.04700224308744994,0.13582688388825184
2,0.003335940974709844,0.012610293456546762,0.9840537655687434
2,0.7922613663168375,0.05026010137886011,0.15747853230430245
0,0.2612222541919501,0.008615111556022242,0.7301626342520277
0,0.9450512435115033,0.007319898647598444,0.04762885784089835
2,0.1311148614041311,0.0488964397967231,0.8199886987991458
0,0.964656723589482,0.0033562567366457173,0.03198701967387215
2,0.008637947794444134,0.007765189714770024,0.9835968624907859
0,0.8970625146722587,0.004069918938419188,0.0988675663893221
2,0.9581545228956596,0.008267050463522961,0.033578426640817505
0,0.5801901526355568,0.118352168115191,0.3014576792492522
0,0.5210446208351102,0.035520445126699524,0.4434349340381903
2,0.004809173800100963,0.012761999307025946,0.9824288268928731
0,0.9393522804339388,0.004179290874243099,0.056468428691818146
