target,prediction_0,prediction_1,prediction_2
2,0.1270628186863239,0.057895941675641265,0.8150412396380348
0,0.7932682875612647,0.02714578860388384,0.1795859238348516
0,0.9114827114287015,0.01636944039503131,0.0721478481762675
2,0.29657385514377027,0.10512675699016374,0.5982993878660658
0,0.6883304879313233,0.034745483173118236,0.2769240288955587
0,0.7659830668028563,0.022017552772998997,0.21199938042414437
0,0.8806481011861022,0.02617676707214188,0.09317513174175604
2,0.07294370104666567,0.03879770381277098,0.8882585951405634
0,0.9276371263553898,0.012704057386614695,0.05965881625799552
1,0.3445769493449208,0.05844237969647315,0.596980670958606
2,0.06485621535684166,0.011913957406830204,0.9232298272363277
0,0.7741880458366324,0.020480035690325336,0.20533191847304244
0,0.8120271644124684,0.022681575657955727,0.16529125992957605
0,0.9090345647624848,0.013468403065455001,0.07749703217205993
0,0.9074145959460571,0.02044490297680194,0.0721405010771408
2,0.33034097437221616,0.06970292428730072,0.5999561013404828
0,0.8585193981358876,0.02742961463654575,0.11405098722756607
2,0.4880373467526307,0.1072412338540125,0.40472141939335693
0,0.9079984543530485,0.018163001321192276,0.07383854432575916
2,0.3373134962770492,0.07325218095295248,0.5894343227699984
0,0.794294254125692,0.026434554720329215,0.179271191153979
1,0.4681162817785277,0.08127809445982506,0.4506056237616472
2,0.13600215797733017,0.03972972682146062,0.8242681152012091
0,0.9185224556271379,0.015744527746343686,0.06573301662651838
0,0.6177379062039533,0.09104392700401899,0.2912181667920277
0,0.9196541365802869,0.01455927748822659,0.06578658593148673
0,0.9296683462891268,0.013347286550096744,0.056984367160776456
0,0.9312639112769289,0.01262877142669529,0.056107317296375754
0,0.5496897673117539,0.05756242003011765,0.3927478126581283
0,0.9259553822926063,0.01176667081972168,0.062277946887672214
2,0.2595006060691291,0.07426352995624068,0.6662358639746303
2,0.24688612859318726,0.04520839379001513,0.7079054776167977
0,0.4522944339105483,0.11023954191735863,0.43746602417209296
2,0.520995314591329,0.06035821460613004,0.41864647080254114
0,0.7647040378274589,0.0524113566199124,0.1828846055526289
2,0.21023077265072024,0.047976700672369726,0.7417925266769102
2,0.5969285057068175,0.03734908104519381,0.3657224132479887
0,0.8910232236819492,0.024070861601073915,0.0849059147169768
0,0.5104579640741649,0.04474216629989113,0.4447998696259437
0,0.5199892612743476,0.040842653742902586,0.4391680849827499
0,0.9116540728856412,0.013772971530856526,0.07457295558350234
2,0.49828468950510374,0.1258654485629489,0.37584986193194725
0,0.787316925428232,0.025492086440417037,0.1871909881313512
0,0.9333698321018719,0.011474204799857666,0.055155963098270915
0,0.9335136796402458,0.011930752121589389,0.054555568238164716
0,0.7182661251156053,0.03798519566311204,0.2437486792212827
0,0.8940141359658861,0.014906631502393377,0.0910792325317208
2,0.7503443107950768,0.033560663356613736,0.21609502584830936
0,0.7700751303950192,0.018981287018194386,0.2109435825867868
2,0.4766857387632294,0.07073153539176043,0.4525827258450103
0,0.9117050476361995,0.019542412265177826,0.06875254009862251
0,0.9263245363940602,0.013540688624804427,0.0601347749811355
2,0.16122439721631493,0.08867469346035614,0.750100909323329
2,0.4148250368965478,0.051791308702135136,0.533383654401317
2,0.3894894477236902,0.039738341320660155,0.5707722109556496
0,0.9133046152910128,0.01728143860825396,0.06941394610073337
0,0.7928453402464416,0.03885269332690355,0.16830196642665457
0,0.6221713621747379,0.10187187891311804,0.2759567589121442
0,0.9216925564416064,0.01457068829889013,0.06373675525950326
0,0.8959447204560476,0.023573507424530713,0.08048177211942183
1,0.6632354840933398,0.05421037589186306,0.2825541400147969
2,0.7369625439406933,0.03498661220734237,0.22805084385196447
0,0.775895550460297,0.030033130733173524,0.19407131880652959
2,0.07541805727248402,0.017314065184486038,0.9072678775430298
2,0.18574922512022238,0.056324085629718953,0.7579266892500587
2,0.001031689804705152,0.0036952067433204667,0.9952731034519743
1,0.8106417039277363,0.023119135631047227,0.16623916044121645
2,0.41320593919214754,0.036250176638268246,0.5505438841695844
2,0.1761440096750138,0.06020508795054148,0.7636509023744448
0,0.7763307198831935,0.0312377293906418,0.19243155072616416
0,0.9329900801773664,0.011394301045107936,0.05561561877752599
0,0.811411261591981,0.02482765209819475,0.16376108630982442
0,0.9320733791017332,0.012148507453444195,0.05577811344482302
0,0.9304726491666501,0.012612755374105096,0.05691459545924518
2,0.0005144032921810699,0.0011866150519634511,0.9982989816558555
2,0.0891038407670989,0.02297688311103774,0.8879192761218628
0,0.9263606022000734,0.013333332672313155,0.06030606512761333
0,0.43593407251794697,0.042513336161171714,0.5215525913208812
0,0.859781956398106,0.014344847831531012,0.12587319577036293
0,0.8794840320577806,0.013359418455366864,0.10715654948685283
0,0.5331144055318718,0.04643190073852501,0.4204536937296031
2,0.842149061846581,0.018422041406860518,0.1394288967465584
1,0.6790892667122512,0.018778736962978146,0.30213199632477067
0,0.7601596888160066,0.03968511952495224,0.20015519165904117
0,0.7457733754550021,0.030139399264682926,0.2240872252803151
2,0.5689502309110247,0.04074832044355771,0.39030144864541744
0,0.9323338254691255,0.012710552359753605,0.054955622171121134
2,0.2068028676591016,0.09597430290660512,0.6972228294342933
0,0.9309686819190959,0.013287025322479641,0.05574429275842449
0,0.7226553896250054,0.02627557222943686,0.2510690381455578
0,0.8274527253971344,0.015990128983390445,0.15655714561947545
0,0.6304190959866282,0.05743698704885653,0.31214391696451516
0,0.7849313935646566,0.03755410365904561,0.17751450277629796
0,0.9311374311890181,0.012260559659029502,0.05660200915195241
0,0.9336172152511327,0.011341830672785208,0.05504095407608213
0,0.8820935404766652,0.017216853496786297,0.10068960602654846
0,0.930495267270663,0.012290387115602226,0.05721434561373468
2,0.04742645808432536,0.040964149541536,0.9116093923741383
0,0.892135616539926,0.02568013283217921,0.08218425062789476
0,0.6493698134763065,0.05367335508603485,0.2969568314376585
2,0.08769031626293672,0.054641907953732735,0.8576677757833302
2,0.022559249543136123,0.016768241039255557,0.9606725094176086
2,0.05383680440514808,0.0342544967738103,0.9119086988210414
2,0.08355402089602115,0.044467011905082676,0.8719789671988959
0,0.9278925238190389,0.01246436560583695,0.05964311057512407
0,0.9206248978011428,0.013920752662750759,0.06545434953610668
0,0.9185562552270973,0.013559145994316998,0.06788459877858573
2,0.5700245168623067,0.07030141392367359,0.3596740692140196
0,0.5542464120161297,0.04410361395902884,0.40164997402484154
2,0.14776638877975629,0.0634491727185934,0.7887844385016505
0,0.9119363853681347,0.015470192428496912,0.07259342220336823
2,0.284578436520708,0.06822517782897203,0.6471963856503202
0,0.7798211775341527,0.031053160643014107,0.18912566182283325
2,0.18618751020932195,0.05097687887134083,0.7628356109193374
0,0.9258821879309879,0.014062298524060265,0.06005551354495188
0,0.5662325015666171,0.03650133776839656,0.39726616066498643
0,0.9275742169288027,0.013140837458212729,0.05928494561298465
0,0.9291224795468623,0.013419442124890138,0.05745807832824742
0,0.9291031298733469,0.01318190882513389,0.05771496130151921
2,0.4743876596923351,0.06738083919591097,0.45823150111175404
0,0.9150505241861969,0.01466067802444189,0.07028879778936101
0,0.9196832143934023,0.015046400952610336,0.06527038465398724
0,0.7445515398046613,0.03452757103034077,0.22092088916499775
0,0.932980482958216,0.011953732785379638,0.05506578425640434
0,0.7397912826960473,0.023613512204755653,0.23659520509919688
0,0.7017834327825947,0.05133438786309896,0.24688217935430673
0,0.7983422252086466,0.024681422459942762,0.1769763523314109
0,0.8248854563256577,0.019268257272258654,0.1558462864020837
2,0.3232759976430658,0.09072035133433533,0.586003651022599
0,0.8975968579344165,0.020681150110276526,0.08172199195530698
2,0.1769296483525637,0.03205045941522229,0.7910198922322139
0,0.6873762787760223,0.033543227587828066,0.2790804936361496
2,0.08260939506740798,0.04177361265982894,0.875616992272763
0,0.9108726918964318,0.016343904570565452,0.07278340353300293
2,0.6796456304241755,0.09368691612781813,0.2266674534480065
2,0.5852263555411912,0.04153262620908355,0.37324101824972555
0,0.6866983646169984,0.07885962974524181,0.23444200563775966
0,0.9338205252518393,0.011393170611111718,0.054786304137049206
0,0.9059913034043819,0.01673571833514855,0.07727297826046951
2,0.7882576041055847,0.016458993076605418,0.19528340281781031
0,0.5023807133827185,0.07446002335568955,0.4231592632615919
0,0.3413336434787739,0.06401240638530994,0.5946539501359163
0,0.7441736522059178,0.03805383488503038,0.21777251290905197
0,0.40921714235308426,0.04149864956714616,0.5492842080797697
0,0.7990059426926496,0.03174072288716404,0.1692533344201863
0,0.8985353602993702,0.010680186742714683,0.09078445295791472
2,0.21674846031287387,0.06174731078680719,0.7215042289003188
0,0.9168195278360707,0.015392649586642621,0.0677878225772865
0,0.8103073229312714,0.0319400620240695,0.1577526150446591
2,0.251008250630576,0.05965111728875836,0.6893406320806653
0,0.9313740269898908,0.012116269120013989,0.05650970389009541
2,0.35362549364985674,0.06606383938892144,0.5803106669612219
0,0.9336172152511327,0.011341830672785208,0.05504095407608213
0,0.9016576220397369,0.012853109039691467,0.08548926892057149
0,0.5251945792196272,0.03317227981264575,0.4416331409677272
0,0.6983905554291203,0.03119726811191178,0.27041217645896765
2,0.11873663597881459,0.04787853413703018,0.8333848298841554
2,0.06343761903481283,0.021737319701603013,0.9148250612635839
2,0.761909853257968,0.021102108301909048,0.21698803844012304
0,0.9223940141651408,0.014213841664014003,0.06339214417084528
0,0.1011487812919051,0.04502991921321205,0.8538212994948823
0,0.9314642049627655,0.011968277216935806,0.05656751782029868
2,0.7932050353335887,0.026617427790969875,0.18017753687544108
2,0.7341690296884809,0.03245316157307504,0.23337780873844396
0,0.758875097222055,0.02556034346116459,0.2155645593167805
2,0.4061420667488064,0.05713156450305766,0.5367263687481361
0,0.9282562679295031,0.013257655746386748,0.05848607632411042
2,0.014817263923659705,0.007448652242261159,0.9777340838340791
2,0.7331542815510714,0.030016171917667075,0.23682954653126104
0,0.9233734928312137,0.014005631008333146,0.06262087616045328
0,0.6096917902018839,0.06950531738946683,0.3208028924086496
1,0.407850713794374,0.05073971836517296,0.5414095678404531
2,0.2716686619869551,0.04761748408380564,0.680713853929239
0,0.6896970687203111,0.043799068481370294,0.2665038627983186
2,0.41466175499123353,0.09585065703134396,0.4894875879774226
2,0.17313222206504975,0.0554333277541866,0.7714344501807637
0,0.9299638239967041,0.011874669186246104,0.0581615068170498
0,0.2105200600568763,0.045717216464152305,0.7437627234789712
2,0.2936077319897916,0.06873752150169447,0.6376547465085141
0,0.9313665810311612,0.012751339986297922,0.055882078982540904
0,0.3714365919398175,0.06072554780025149,0.5678378602599309
0,0.5299985979207795,0.07567902419197689,0.39432237788724367
2,0.028398497388381096,0.004255127826734208,0.9673463747848847
0,0.9255592741509111,0.014699033373865205,0.05974169247522385
2,0.34418930789062613,0.08375039832508399,0.57206029378429
2,0.5518596624564232,0.04768856341121838,0.40045177413235844
1,0.5951000460272512,0.09592950708834677,0.30897044688440195
0,0.36473420071901014,0.04136308788071561,0.5939027114002744
2,0.5328641705286892,0.037272356862366185,0.4298634726089445
2,0.3612075543595381,0.12334569085013034,0.5154467547903316
0,0.7164329655773752,0.06982215040789488,0.21374488401472988
0,0.9286858886329138,0.012899924876389506,0.05841418649069672
0,0.5671956466656236,0.03837286536255799,0.3944314879718185
2,0.2943371441702122,0.053614578603941206,0.6520482772258465
2,0.3998263939792128,0.0511962428301012,0.5489773631906859
0,0.9206052080136755,0.012917306239448922,0.06647748574687586
0,0.610438609430424,0.05046295306423566,0.3390984375053404
0,0.9312328909353682,0.01250974495375158,0.05625736411088053
2,0.6844955341807775,0.024815928509404353,0.2906885373098183
0,0.9237840840256264,0.012325120916888926,0.06389079505748507
0,0.8932587215461044,0.0170184916818205,0.08972278677207496
0,0.9222373123701184,0.014702176589940637,0.06306051103994086
2,0.8157700452405826,0.028031329312750795,0.15619862544666624
0,0.930176789449938,0.013365185911392512,0.056458024638669696
0,0.777312888289954,0.02239387071645277,0.20029324099359322
0,0.3403900520808913,0.039903347968606,0.6197065999505027
0,0.9028988149468302,0.01273926210825524,0.08436192294491421
2,0.4229953452768342,0.07123512446914046,0.5057695302540253
0,0.9289852298450035,0.01295216926610534,0.05806260088889116
2,0.14322416770270394,0.014383558174963876,0.8423922741223316
0,0.9243937884737394,0.014632626937207065,0.06097358458905336
2,0.8580749158635238,0.031646093880309284,0.11027899025616698
2,0.1785769212740789,0.06735581362292994,0.7540672651029913
2,0.1570161906413042,0.034597109393823815,0.808386699964872
0,0.6776346242906645,0.04815774599335895,0.2742076297159767
0,0.8360829397536649,0.03607970647841483,0.12783735376791994
0,0.9226362930815063,0.013728916582370925,0.0636347903361226
0,0.6985667344830835,0.039376421201070495,0.26205684431584564
2,0.8984219370477466,0.011150863495936107,0.09042719945631716
0,0.9157523371697783,0.017681903977762113,0.06656575885245967
0,0.36379346758445463,0.06706986601461135,0.5691366664009336
0,0.8202055826147614,0.029556030889250753,0.15023838649598803
2,0.8992745451676738,0.01777661349515457,0.08294884133717163
2,0.4192863882713867,0.043817434904799425,0.536896176823814
2,0.13107424082826882,0.03477957311005512,0.8341461860616759
0,0.929004308818068,0.014126015739919463,0.056869675442012414
0,0.9186041522508658,0.013026160838050352,0.06836968691108378
2,0.4410087157757463,0.0417475696285466,0.5172437145957072
2,0.1305076304659638,0.02411623283094326,0.8453761367030925
2,0.24940541813844058,0.06341575641234762,0.6871788254492118
0,0.8187926208258633,0.0265512593414679,0.1546561198326689
2,0.024335269996244063,0.024119254770086848,0.951545475233669
0,0.8871533280430302,0.027979476089021484,0.08486719586794837
0,0.9211401508088015,0.012015224399081955,0.06684462479211653
0,0.21668121956973183,0.04748943234314679,0.7358293480871212
0,0.5435357007718358,0.030409966614229948,0.4260543326139344
2,0.5136630548513552,0.03238978720012426,0.4539471579485207
2,0.9197721051289469,0.013425269941462762,0.06680262492959028
0,0.933112380793911,0.012095620677918797,0.05479199852816995
2,0.6328179396854933,0.019430781727880358,0.34775127858662647
2,0.31112483011584696,0.0494151253468548,0.6394600445372981
0,0.7647616790559394,0.03957161023937256,0.19566671070468822
0,0.9321689093451543,0.012694201436199532,0.055136889218646366
0,0.9313139953416399,0.011907629321678822,0.05677837533668114
0,0.8775547133800718,0.02638588313609114,0.09605940348383701
2,0.02807364387935281,0.019858817195104767,0.9520675389255423
0,0.41229854528464915,0.07266326616389705,0.5150381885514539
0,0.7629865783417514,0.030608126576282327,0.20640529508196592
2,0.1804523691196396,0.03193860913458618,0.7876090217457744
0,0.9128180315700133,0.017133058338266283,0.0700489100917204
0,0.2174393404344719,0.06813633779798423,0.7144243217675439
2,0.3068544024291667,0.03434552802087565,0.658800069549958
2,0.0937899270547542,0.0314250640692609,0.8747850088759851
1,0.26542905392042926,0.028713264664838114,0.7058576814147327
0,0.9312392337312052,0.012237503225322875,0.056523263043471716
0,0.8751004467712364,0.013023015258116246,0.11187653797064752
2,0.3388524526272388,0.05521967391681464,0.6059278734559465
0,0.9151267356906668,0.01398715282232804,0.07088611148700505
0,0.9253092044228934,0.011368958872535919,0.0633218367045711
1,0.28276800917037753,0.08706631278094498,0.6301656780486775
0,0.7758104262238976,0.030259758107654397,0.19392981566844827
2,0.38016592672013716,0.08249319011388526,0.5373408831659772
0,0.31881254674023835,0.07112786226774338,0.6100595909920182
0,0.9330517235818675,0.012611049872191415,0.05433722654594125
2,0.19699745505630004,0.06562696061402928,0.7373755843296712
0,0.5512264921536133,0.03987266479652834,0.40890084304985835
0,0.5397348189676372,0.09926125703838899,0.36100392399397374
0,0.6520943501581633,0.03164695247332523,0.3162586973685115
2,0.5267673590954478,0.06804383858198543,0.4051888023225665
2,0.029804710724312924,0.01997008431321589,0.9502252049624712
0,0.8239572912295551,0.042852219049518595,0.13319048972092634
2,0.24911980687103139,0.04082353488300269,0.7100566582459662
0,0.9241087496534163,0.014271387041902183,0.061619863304681305
2,0.36893335222993284,0.10825692460382026,0.522809723166247
0,0.8960530925400106,0.01623067292730947,0.08771623453267986
0,0.6831609814986326,0.046146209863972006,0.27069280863739525
2,0.7733482189343079,0.028872828324578558,0.19777895274111348
0,0.568301752685014,0.07423185788742534,0.3574663894275606
2,0.4828208408856174,0.07373893743602626,0.4434402216783564
0,0.9280750355716443,0.012679767746301413,0.05924519668205459
2,0.932980482958216,0.011953732785379638,0.05506578425640434
0,0.8549911507587441,0.028135570263286426,0.11687327897796895
0,0.9281597701722822,0.011502888179718866,0.06033734164799877
0,0.5588505127290582,0.06517124958066954,0.3759782376902728
0,0.9275013385933959,0.013746837934698301,0.058751823471905974
2,0.1203169629318275,0.03975884730222825,0.8399241897659444
0,0.4215257470571527,0.04481996077803219,0.5336542921648151
0,0.8605776194300173,0.010431464624153413,0.1289909159458296
2,0.05536886890278146,0.029069332967416556,0.9155617981298017
0,0.929031294590443,0.013761980459499036,0.05720672495005795
0,0.9126953220042853,0.014700046065057938,0.07260463193065689
0,0.8692667445911575,0.02835540116144488,0.1023778542473979
2,0.20114500634561813,0.08222894191544497,0.7166260517389368
2,0.014266802496486401,0.02092727684116435,0.9648059206623489
2,0.31324341279639095,0.03661460231256768,0.6501419848910415
2,0.24226196895909535,0.04766350417870824,0.7100745268621962
2,0.5122742742490353,0.03962106820081606,0.44810465755014844
2,0.46505374371805447,0.06193148490921179,0.4730147713727339
0,0.8227413028903569,0.02224868901927701,0.1550100080903662
0,0.9247389779111168,0.013607663208421732,0.06165335888046172
0,0.9235613811801215,0.014307597069888304,0.062131021749990044
1,0.5927558839670524,0.10177862906728426,0.30546548696566334
1,0.8541370245771771,0.019022280480465167,0.12684069494235795
0,0.8173853260536479,0.022271972613606486,0.16034270133274547
2,0.12174987634795463,0.04304531902913067,0.8352048046229146
2,0.8584460319086884,0.010947079185200558,0.1306068889061111
0,0.521804901496259,0.0810540404806774,0.3971410580230635
0,0.9278515122851929,0.013057782095360279,0.05909070561944673
0,0.9145054597253387,0.014030201151884508,0.07146433912277705
2,0.27228740977235355,0.10059447539956613,0.6271181148280802
0,0.49253489065573103,0.04677131019325964,0.46069379915100916
0,0.9068065189373361,0.01722668382678649,0.0759667972358771
0,0.9032078956345297,0.017481047145584565,0.07931105721988554
2,0.7043529282117016,0.03160289872801824,0.26404417306028
0,0.9058652086013407,0.018967389862806987,0.0751674015358521
0,0.9318793622188905,0.012678284690159372,0.05544235309095049
0,0.5468880748824413,0.084290043949406,0.36882188116815245
0,0.9037315931208619,0.014827968409287687,0.08144043846985058
0,0.8057024029227896,0.024057080530249794,0.17024051654696065
2,0.561964240638832,0.08924332252088328,0.34879243684028466
0,0.9284503310435617,0.012701916329766434,0.05884775262667218
0,0.8864846786224131,0.026881464055025776,0.08663385732256142
0,0.8277347832494787,0.02740287741077968,0.14486233933974144
2,0.7007664233579973,0.03306866209948818,0.26616491454251445
0,0.4786952192632566,0.04917824945098761,0.4721265312857557
0,0.598224327858632,0.05027559484039608,0.35150007730097194
2,0.18366131990649334,0.07782053260174465,0.7385181474917618
0,0.7877754596755128,0.0232575284082115,0.1889670119162761
2,0.3805376341907026,0.08137584449716548,0.5380865213121319
2,0.3882520802299003,0.05476011310799993,0.5569878066620998
0,0.9327705985606332,0.011772563537531549,0.05545683790183572
0,0.8009092001047436,0.044070507729349076,0.15502029216590732
0,0.7655778966286115,0.020060412426056228,0.21436169094533242
2,0.5542388477607918,0.07007487043520771,0.3756862818040005
0,0.8895605947429748,0.024466249778122885,0.08597315547890239
2,0.7434328474576626,0.03685706067348418,0.21971009186885362
2,0.5009941790210878,0.044591098032219306,0.45441472294669294
0,0.9250089243293285,0.013498947403930898,0.06149212826674061
0,0.8617153834229659,0.02947575215800498,0.10880886441902926
2,0.1597411460624006,0.0661854871383166,0.7740733667992826
0,0.5139325198310775,0.05507989941780043,0.4309875807511225
0,0.6238101306492732,0.024729840339129554,0.3514600290115974
0,0.7339224465837378,0.03334781207546395,0.23272974134079832
0,0.9218165073932043,0.014271798734668798,0.06391169387212685
0,0.5170295003666449,0.03241883459710517,0.45055166503625005
2,0.09951982149542425,0.030577800171983804,0.8699023783325921
0,0.9313139953416399,0.011907629321678822,0.05677837533668114
0,0.6784380819245098,0.0721112596302267,0.2494506584452634
1,0.30833477375067886,0.06335582895673969,0.6283093972925815
0,0.6249949856147331,0.0372563630378027,0.3377486513474639
2,0.5188044961455391,0.035365065200368834,0.44583043865409205
2,0.33312075560828436,0.05413134899290775,0.6127478953988078
0,0.8491354975326183,0.01162669906502814,0.13923780340235375
0,0.9238033474188548,0.014844400203754762,0.06135225237739043
2,0.07106244884027191,0.03178422934633013,0.8971533218133978
0,0.9229308532965713,0.013247848044482296,0.06382129865894642
2,0.1209675511188721,0.05270422221599534,0.8263282266651325
0,0.9341326833305271,0.011331925571458314,0.05453539109801496
0,0.8582217688912025,0.02924745906988729,0.11253077203890972
0,0.7050053752606926,0.04270979880326206,0.2522848259360451
0,0.9337461005622663,0.011241458353510281,0.05501244108422371
2,0.3371001917055464,0.07111520249716803,0.5917846057972852
0,0.9268125888479622,0.013388661289480651,0.05979874986255725
0,0.8352787329814829,0.0235768967858529,0.14114437023266393
0,0.7589219858919235,0.02607687255240098,0.21500114155567548
0,0.899424844611931,0.0132792787216998,0.08729587666636936
2,0.45862859169307085,0.04108221393472867,0.5002891943722004
0,0.8343377861341462,0.04001584563809207,0.12564636822776173
0,0.4229808328395937,0.07861402382702232,0.498405143333384
0,0.6593206230196763,0.04856105425084532,0.2921183227294784
0,0.8818738000239309,0.021765425855262813,0.0963607741208061
2,0.37018907372758303,0.055333239201479624,0.5744776870709372
2,0.33585453288289185,0.05365938884463677,0.6104860782724716
0,0.48152883695229304,0.027490415541006136,0.49098074750670084
0,0.7966778825249331,0.031897638374420174,0.1714244791006463
2,0.5518580454310072,0.05366183080059298,0.3944801237683996
0,0.8681295426859388,0.030849059048500937,0.10102139826556043
0,0.9319962129992541,0.012990165223857991,0.05501362177688823
0,0.9267268814221191,0.013511716362574002,0.05976140221530692
0,0.9330737272800843,0.012247515687344012,0.054678757032571905
0,0.9321073181712117,0.011836202267734654,0.056056479561053495
0,0.6951914520002457,0.027537458528417325,0.27727108947133694
2,0.13270609682183715,0.05420037702076954,0.8130935261573936
0,0.7501397573284526,0.027423696944852766,0.22243654572669475
0,0.6922701592429648,0.0463579677394926,0.2613718730175426
2,0.3016313761880566,0.04216368675903041,0.656204937052913
2,0.412996104065912,0.041793507591388966,0.545210388342699
2,0.43961260455846257,0.06179483949667259,0.4985925559448648
0,0.4575715993378496,0.06234495621740247,0.4800834444447479
0,0.7411805178437375,0.037564576132434926,0.22125490602382725
0,0.9306194852897833,0.013069592193456577,0.05631092251676011
0,0.4348416014743704,0.06277386215774439,0.5023845363678853
2,0.6397031650091042,0.03394652266515306,0.3263503123257429
0,0.930028669614544,0.01310050152776089,0.056870828857695024
2,0.28922471730526744,0.11009567599746667,0.6006796066972657
0,0.8216359825222346,0.02462657965219223,0.15373743782557298
0,0.9105084296882218,0.018641241831748527,0.0708503284800296
0,0.39401525631965384,0.05795936971306479,0.5480253739672813
0,0.6693292210244675,0.028238303856341677,0.3024324751191907
2,0.7195654051952012,0.03968679787633213,0.24074779692846662
0,0.5417837476504587,0.08658489946217633,0.3716313528873652
0,0.9000668305395122,0.014468273562489208,0.08546489589799866
0,0.5082669461713608,0.06956390153655735,0.4221691522920819
2,0.9336172152511327,0.011341830672785208,0.05504095407608213
0,0.5983866230691223,0.021368384181680262,0.38024499274919754
0,0.4761079537685294,0.10287603526729286,0.4210160109641776
1,0.18234841950489092,0.09678454185377412,0.7208670386413347
0,0.8336101034006131,0.025293405366823982,0.14109649123256307
0,0.9304236094705632,0.0126333100259046,0.05694308050353239
0,0.8771535209269886,0.015067909119832731,0.10777856995317857
0,0.7821625805528918,0.023366258623223914,0.1944711608238843
0,0.9167501929835277,0.015442519791801482,0.06780728722467089
0,0.9330625735817405,0.012302212331878877,0.054635214086380536
2,0.3114743550413153,0.042652641371945306,0.6458730035867395
2,0.2914001789969868,0.05265397829837162,0.6559458427046418
0,0.9081037897168731,0.018177673493959132,0.07371853678916776
2,0.6155899251020194,0.0913250341480382,0.29308504074994246
2,0.3590926720514308,0.06114654929088975,0.5797607786576795
0,0.9171691981208896,0.011714616922222811,0.07111618495688739
0,0.92236658270234,0.014607708679713095,0.06302570861794686
2,0.6754430399689779,0.05067371759445369,0.2738832424365683
0,0.7865779565210611,0.039144622742518675,0.17427742073642008
2,0.25016979789857574,0.03270821883554587,0.7171219832658783
0,0.5396656457404447,0.059064255961276575,0.40127009829827853
2,0.19062113764613117,0.049665579669696515,0.7597132826841724
2,0.049646786013541916,0.027656280099576627,0.9226969338868812
2,0.000560880011861461,0.0035539638054673593,0.995885156182671
2,0.10401999978129657,0.056621439517458474,0.8393585607012449
0,0.9327592512643663,0.01239225621865532,0.054848492516978625
0,0.909520449561524,0.013528713088639205,0.0769508373498368
1,0.4755845608010321,0.08657375798855943,0.43784168121040845
2,0.2208380980147054,0.053676092510751075,0.7254858094745436
0,0.9195367951538685,0.014986095458260922,0.06547710938787049
2,0.6185777288351877,0.05218033550950337,0.3292419356553086
0,0.24581435981298955,0.03969034760991265,0.7144952925770978
0,0.6421454516950491,0.03732760883263686,0.32052693947231425
0,0.8321718051970494,0.026977444670339735,0.140850750132611
0,0.9336172152511327,0.011341830672785208,0.05504095407608213
0,0.800495032491121,0.016992529174755838,0.18251243833412306
0,0.5178796640678022,0.041234677589594586,0.4408856583426032
2,0.2726346991641263,0.07748343773985727,0.6498818630960164
0,0.930778012859488,0.012388316709737553,0.05683367043077466
2,0.8878021995680148,0.01578877835024288,0.09640902208174246
2,0.10712549388978322,0.03897424682329782,0.853900259286919
0,0.9324596651171044,0.012236127550097613,0.05530420733279813
0,0.9332920410475156,0.012330917843115519,0.05437704110936928
0,0.9252136740247943,0.013850446328593048,0.06093587964661259
0,0.9278017050730223,0.013264373749320357,0.05893392117765733
0,0.8128623528533407,0.02216253002130046,0.16497511712535903
0,0.9148338224191991,0.016783615316845094,0.06838256226395575
0,0.8735169135525618,0.03373900372703459,0.09274408272040374
0,0.932980482958216,0.011953732785379638,0.05506578425640434
2,0.29727792839238876,0.06720121274668535,0.6355208588609258
0,0.9242874120794523,0.011033382250003962,0.0646792056705437
2,0.13611117578744744,0.029763946393815795,0.8341248778187369
0,0.7893153528335071,0.024315897291885172,0.18636874987460766
2,0.2176394513441029,0.031648281924568644,0.7507122667313284
0,0.8419297958069281,0.021879900959447498,0.1361903032336247
2,0.013129784016662463,0.005895844463240843,0.9809743715200966
2,0.47962158268754784,0.05720750695359173,0.46317091035886027
0,0.9140224365508957,0.015969233751556875,0.07000832969754742
2,0.2396983607232517,0.0429092088455372,0.7173924304312113
0,0.9314170163953901,0.012202246655686854,0.05638073694892346
0,0.8378457018444319,0.018980827528463463,0.14317347062710462
0,0.899050922688278,0.017048250212607308,0.08390082709911467
2,0.3726269109505762,0.0752976725583731,0.5520754164910506
0,0.9261004466293893,0.014446996103781555,0.059452557266828986
0,0.5594641509265806,0.07712595246682788,0.3634098966065915
2,0.1497754430136753,0.054855830779816546,0.7953687262065079
2,0.1623456925891764,0.06257398568693182,0.775080321723892
2,0.19570330527425678,0.11685835549418185,0.6874383392315615
2,0.13029615575400855,0.03915653733500699,0.830547306910984
2,0.034275468541620537,0.018753889125579258,0.9469706423328
0,0.7113697956855796,0.029540690592396997,0.2590895137220237
2,0.04525226484126707,0.007262524943643183,0.9474852102150895
2,0.3785329848467488,0.06911644777916186,0.5523505673740895
2,0.007762877357535276,0.007617300314352082,0.9846198223281125
2,0.038219969406067415,0.021496361048010743,0.9402836695459217
0,0.7557955505892533,0.03959175045421875,0.20461269895652792
2,0.6943525087944159,0.02446391175608034,0.28118357944950406
0,0.851955078771433,0.03658913383590371,0.11145578739266349
0,0.9246921935934356,0.012230120472056709,0.06307768593450816
0,0.8278213024777651,0.022052483011493013,0.15012621451074185
0,0.7946961395403681,0.0378530828819778,0.16745077757765398
0,0.6370140356668766,0.028709502632457144,0.33427646170066627
0,0.9313614782962312,0.012622361728665226,0.05601615997510346
2,0.16910562629270412,0.04607869235943468,0.7848156813478612
2,0.5188388740507455,0.08797147448843873,0.3931896514608158
2,0.7710478735025719,0.030348958468068413,0.19860316802935957
2,0.31855188836813125,0.04626247899172333,0.6351856326401454
2,0.0035701873653264013,0.003342320229342111,0.9930874924053317
0,0.9327195721431651,0.011742184177889591,0.055538243678945345
2,0.15610229445204574,0.052784989232100274,0.7911127163158537
2,0.012580564207177842,0.005907971199838854,0.9815114645929832
0,0.930028669614544,0.01310050152776089,0.056870828857695024
0,0.7948855895875975,0.029563381537439034,0.17555102887496357
0,0.7896672472616336,0.028941908708324478,0.181390844030042
2,0.043388574154576705,0.021721707049176246,0.9348897187962473
2,0.15120262236490414,0.035308712776749726,0.8134886648583458
1,0.7971033348707681,0.04196522824609123,0.1609314368831408
0,0.3226652422530763,0.03884710269465159,0.6384876550522721
0,0.7859481085618195,0.019901359685716723,0.19415053175246397
2,0.5619814786839559,0.03459764497207111,0.40342087634397295
0,0.9112554686311056,0.01649673066001618,0.07224780070887804
0,0.4941694977937297,0.11004828917341783,0.3957822130328527
0,0.9284134971574308,0.012049333300572599,0.059537169541996754
0,0.5303913307006771,0.057449273431848455,0.41215939586747424
2,0.12435178373949948,0.06049963603200627,0.8151485802284942
2,0.012965999625687386,0.004302745267667745,0.9827312551066446
2,0.1988181694772219,0.05977284470005984,0.7414089858227183
2,0.9087625977074141,0.012414777095027967,0.07882262519755777
0,0.4245583884970328,0.04608132411786912,0.5293602873850982
0,0.6391347896949438,0.0798461857397846,0.2810190245652717
2,0.5946821664117488,0.044084684655155894,0.3612331489330953
0,0.7768607090081355,0.031929445632253646,0.19120984535961055
2,0.7480217915431298,0.02551929440250631,0.22645891405436397
0,0.9277558530575282,0.012271768777326855,0.05997237816514502
0,0.5926836747699186,0.030109352180588383,0.3772069730494931
2,0.47564102952340714,0.05581103143099212,0.46854793904560066
2,0.5825999278878778,0.03804009239529165,0.3793599797168304
0,0.9133941175066753,0.017504716762805083,0.06910116573051979
0,0.5308527610864957,0.03914451199625359,0.4300027269172508
2,0.5641810217570594,0.0826869808165753,0.3531319974263654
1,0.3956620974889078,0.05397550788128637,0.5503623946298059
0,0.7222888422661933,0.01963333040918075,0.25807782732462603
2,0.03361451092428154,0.04336214398757927,0.9230233450881389
0,0.8788140747574761,0.013350011764851127,0.10783591347767255
0,0.3293435085645795,0.0680625739873714,0.6025939174480492
0,0.9173961237835303,0.013512323762694876,0.06909155245377516
2,0.12329802761176786,0.05385125521821136,0.8228507171700207
1,0.42019518031395126,0.07314248630052783,0.5066623333855209
0,0.9318115290751529,0.012109031694249666,0.05607943923059746
2,0.24777414401980238,0.033811661979985815,0.7184141940002118
0,0.9158931363075563,0.014083323765625948,0.07002353992681787
0,0.878742925913203,0.01974976198651361,0.10150731210028344
0,0.6391113321075965,0.03705174728179416,0.32383692061060954
1,0.5992546572179178,0.07266175394853795,0.3280835888335443
2,0.0008208929072049342,0.0011280446086480568,0.998051062484147
2,0.34358663995747046,0.070310211622413,0.5861031484201167
2,0.3504419007776606,0.04973076274915827,0.5998273364731813
2,0.4364505351876949,0.07389668402261786,0.4896527807896872
2,0.2300974534957044,0.07104139574828221,0.698861150756013
0,0.9267886273815968,0.013645936251430568,0.059565436366972625
2,0.49922357838690923,0.038221340932847535,0.46255508068024304
0,0.33357706639524914,0.04221164171792371,0.624211291886827
1,0.3091831054187833,0.05378799128791923,0.6370289032932975
2,0.23234521585844675,0.06414880658217771,0.7035059775593754
0,0.8791028386761128,0.026263342244678977,0.09463381907920847
2,0.09873604759181727,0.03024183581333741,0.8710221165948452
0,0.9036806472021636,0.02129649193463254,0.0750228608632037
0,0.5394432189408563,0.07181506389552104,0.3887417171636227
0,0.9219261766800669,0.014642173142188672,0.06343165017774446
2,0.07259859065246531,0.04011920652203521,0.8872822028254993
0,0.9301043069504451,0.01246329488167972,0.0574323981678752
2,0.4211852526412994,0.05416132064985087,0.5246534267088498
0,0.92707643459469,0.013793680260021524,0.05912988514528843
0,0.8670645314463701,0.029291067602195287,0.10364440095143412
2,0.4262415890546613,0.1111904099229396,0.4625680010223989
2,0.1104220541342009,0.04508700643672498,0.8444909394290734
0,0.5941239116442543,0.06276250830674404,0.3431135800490017
0,0.8932187077474031,0.031220384925391347,0.07556090732720587
0,0.9286974030050962,0.013442112166679216,0.05786048482822447
0,0.9026043249977962,0.012555121721467602,0.08484055328073599
2,0.9156480784670802,0.01683960845056932,0.06751231308235024
0,0.9313238749074254,0.012366610544590886,0.05630951454798368
0,0.5401309322919152,0.08265506372566415,0.37721400398242083
0,0.5806736766248386,0.11273664773665934,0.3065896756385022
0,0.5073889814411693,0.03234562389047438,0.46026539466835625
1,0.6260970626093718,0.06711637245594346,0.30678656493468476
0,0.9330517235818675,0.012611049872191415,0.05433722654594125
0,0.40082762580379455,0.06588271977983048,0.5332896544163749
0,0.3182219339212813,0.05006929441585622,0.6317087716628624
0,0.930722515306456,0.012842910409415587,0.056434574284128534
0,0.36323222861263355,0.03648766226151718,0.6002801091258493
0,0.8808557232573351,0.027324236146327528,0.09182004059633704
2,0.4651157504438064,0.0399793311012495,0.4949049184549444
2,0.1649256858728995,0.04046107719553022,0.794613236931571
2,0.818336168007354,0.0235302355561906,0.1581335964364555
2,0.27561284589495466,0.050531773542313446,0.6738553805627316
2,0.8510340698983645,0.03448560874526819,0.11448032135636718
0,0.9338842645063075,0.011953163808508646,0.0541625716851839
2,0.24018261907995755,0.06234624202696438,0.6974711388930781
0,0.5061966633635118,0.06570228376258491,0.4281010528739034
0,0.9358510090677851,0.01066613628931616,0.053482854642899126
0,0.9202534102479573,0.014717781976917317,0.06502880777512575
0,0.9259114235381752,0.013991488360118966,0.06009708810170573
2,0.12977344652618025,0.04833534960307722,0.8218912038707427
2,0.7067455649312091,0.052572517138631154,0.2406819179301599
0,0.9327066685302167,0.011169119101109907,0.05612421236867345
1,0.696602993475064,0.06674047077658765,0.23665653574834825
0,0.9316698029689647,0.01184817969445879,0.056482017336576366
0,0.693900688562054,0.04336666282878841,0.2627326486091575
0,0.9298079695015099,0.011951158148654946,0.05824087234983518
2,0.04449152496250496,0.018117444167322933,0.937391030870172
0,0.9196245001139631,0.0145223607161365,0.06585313916990031
2,0.23643426661816613,0.04461903362290118,0.7189466997589327
2,0.7629585462895723,0.022931854822547625,0.21410959888787987
2,0.31492645239604905,0.08796396536902508,0.5971095822349259
0,0.1863536723256605,0.034991817226490154,0.7786545104478494
2,0.000937207122774133,0.0015103557983166581,0.9975524370789092
2,0.5577571766205486,0.07955802381101869,0.36268479956843275
0,0.8996867782233621,0.022747055794494632,0.07756616598214329
0,0.440590511979618,0.06373691380294084,0.4956725742174409
0,0.7695405089297351,0.04141464089486865,0.18904485017539632
0,0.06393877129589805,0.00997746873255462,0.9260837599715473
0,0.9285752132559862,0.012505429173361303,0.05891935757065256
0,0.4492545014313,0.06382327244429707,0.4869222261244027
1,0.23769468828063334,0.056946823723552906,0.7053584879958139
0,0.570740067807667,0.024643018234875795,0.40461691395745714
0,0.7548975549843889,0.027719482393824928,0.21738296262178616
2,0.32223296585662164,0.06880948155595659,0.6089575525874218
0,0.5861543716533065,0.07474437784030392,0.3391012505063897
0,0.9024556767301333,0.01392017134546151,0.08362415192440516
0,0.9312551087573734,0.01163187269561499,0.05711301854701168
2,0.9288726474820187,0.01353629022910397,0.05759106228887717
0,0.9307219120753435,0.011654853359405238,0.057623234565251306
2,0.4009607485282789,0.053828809535361115,0.5452104419363599
2,0.6871490310845995,0.055227651529362286,0.25762331738603816
2,0.11542933692476666,0.07539978270724211,0.8091708803679912
2,0.05284722903389264,0.024050193049764825,0.9231025779163428
0,0.8982129329290595,0.014266165652835111,0.08752090141810562
0,0.9336172152511327,0.011341830672785208,0.05504095407608213
2,0.0014413040265439485,0.000311382284872712,0.9982473136885833
2,0.39962755987098236,0.08565705556816129,0.514715384560856
0,0.8336101034006131,0.025293405366823982,0.14109649123256307
0,0.9268300113485184,0.013539300693893468,0.05963068795758828
0,0.7895176568011678,0.029737737684518355,0.18074460551431398
0,0.4992351884387965,0.06777607480946712,0.43298873675173616
0,0.6976790921061392,0.061816731443279364,0.24050417645058142
0,0.8418617968567237,0.027600442103874787,0.13053776103940146
0,0.9292022320377389,0.012475756412885095,0.05832201154937613
0,0.8599190232685971,0.020952099354167884,0.11912887737723477
1,0.5248827490302735,0.10500010743851906,0.3701171435312072
0,0.29943462592965775,0.06896987909941539,0.6315954949709269
0,0.8871840044523707,0.02116099696894981,0.09165499857867962
0,0.8197947301863195,0.03784412839865101,0.14236114141502954
2,0.028862324124583488,0.029015607214243497,0.9421220686611728
2,0.5980523615678186,0.0628352918314765,0.33911234660070483
0,0.5676094319657676,0.05375646067434389,0.3786341073598882
0,0.9284134971574308,0.012049333300572599,0.059537169541996754
2,0.43776140812012715,0.06585893540385872,0.4963796564760142
0,0.9258437251600707,0.013069692482350266,0.061086582357578904
2,0.0,0.00015408320493066256,0.9998459167950694
0,0.932107510126677,0.01231839984806639,0.05557409002525648
2,0.8172190362590407,0.024999671393222116,0.15778129234773758
0,0.5900030311964836,0.07189420946460354,0.33810275933891276
0,0.4324543496543405,0.032392556743661496,0.535153093601998
2,0.004910475322685533,0.0006734476382444408,0.99441607703907
0,0.9269471206288074,0.013988065968332882,0.05906481340285968
0,0.9226086172655511,0.012396808903023747,0.06499457383142501
0,0.8328032164736445,0.03348128507772005,0.13371549844863537
2,0.15238371262115122,0.06824846389052565,0.7793678234883232
0,0.6920075588842072,0.029583385183520074,0.27840905593227255
2,0.10197077073200395,0.04479378356748719,0.8532354457005092
