target,prediction_0,prediction_1,prediction_2
2,0.0664140059607943,0.04416400720369196,0.8894219868355138
0,0.9755353736721941,0.005684987443836082,0.018779638883969777
0,0.9655844436149661,0.011060640875648798,0.023354915509385246
2,0.11348046344006152,0.05278443968833603,0.8337350968716024
0,0.8823173163489912,0.010314791628118762,0.10736789202288996
0,0.7944208605645365,0.0034909122022995665,0.2020882272331638
0,0.8391516705037798,0.03171101948536786,0.12913731001085238
2,0.018450204921973024,0.020503641374854876,0.9610461537031721
0,0.9882179269844565,0.0011566858262796924,0.010625387189263688
1,0.3541916496513171,0.028050670793883205,0.6177576795547997
2,0.04235034515376499,0.015150007347346525,0.9424996474988886
0,0.8092423801455761,0.012088637789215009,0.17866898206520887
0,0.9389750073422861,0.008062055619531315,0.052962937038182535
0,0.9076058833130978,0.01382829906889576,0.07856581761800649
0,0.8937295345342927,0.045740066210325746,0.060530399255381416
2,0.21758902646840275,0.0867189189735342,0.695692054558063
0,0.88362927730438,0.01216060851249034,0.10421011418312949
2,0.783588752281114,0.062457092099557854,0.15395415561932818
0,0.9479989628775883,0.019116295968119687,0.03288474115429202
2,0.18442132254328367,0.07845061107520816,0.7371280663815081
0,0.9318930997108844,0.027236292897164564,0.04087060739195107
1,0.4249270916685947,0.09289126616504811,0.4821816421663572
2,0.07904905461355609,0.026097350841356646,0.8948535945450873
0,0.9557819116707069,0.010001801252571605,0.03421628707672157
0,0.5126829964804496,0.06219610907433624,0.4251208944452141
0,0.927830614196706,0.014897775664567956,0.05727161013872597
0,0.9592161003666502,0.010381514635448669,0.030402384997901117
0,0.9792254385279108,0.010763237713057478,0.010011323759031611
0,0.43389779868057465,0.041008861966354296,0.5250933393530711
0,0.9263728112864477,0.016648473032299216,0.05697871568125317
2,0.06721873533065942,0.03490953787608754,0.897871726793253
2,0.2537144118665764,0.054177616569276124,0.6921079715641476
0,0.28806040995539584,0.20201437281541174,0.5099252172291924
2,0.3798712457011613,0.028482707629760816,0.5916460466690778
0,0.7906171266627244,0.0719725890225667,0.1374102843147089
2,0.054785578677087506,0.025215221498768012,0.9199991998241445
2,0.4464193141248471,0.026190567569569063,0.5273901183055839
0,0.9319525646730654,0.03408044843730966,0.03396698688962497
0,0.31308943238211445,0.09180636868856593,0.5951041989293195
0,0.7380479425319615,0.05744999784724717,0.2045020596207912
0,0.8328742660980707,0.01612927090096332,0.15099646300096603
2,0.14209149956365064,0.3587485685360174,0.499159931900332
0,0.8429657334792083,0.011645495686575481,0.14538877083421634
0,0.9748551092509505,0.003532354660314366,0.021612536088735205
0,0.9206454994118559,0.00730296735117915,0.07205153323696493
0,0.7776088201211272,0.07284674650935102,0.14954443336952183
0,0.9021845953974058,0.0049666809606709935,0.09284872364192331
2,0.8036748811930516,0.016088754627438837,0.1802363641795095
0,0.8352788169661008,0.005500501456097903,0.1592206815778013
2,0.5656435398027991,0.08919366305796324,0.3451627971392376
0,0.9241025746404531,0.04218714460560374,0.03371028075394319
0,0.9748617236680603,0.007015252146292148,0.018123024185647443
2,0.06355386316329818,0.021895090070401715,0.9145510467663002
2,0.3510424239412898,0.03553070095281764,0.6134268751058926
2,0.1828867502930601,0.016197559108375954,0.800915690598564
0,0.8009757337242073,0.017290416405795088,0.1817338498699976
0,0.8651871032871485,0.10308740436445593,0.03172549234839541
0,0.8349661671227924,0.05588024650445868,0.10915358637274891
0,0.9573927365044061,0.003972673748194468,0.038634589747399306
0,0.8198403305026546,0.06051332437678499,0.11964634512056041
1,0.7643176932906184,0.054276578529916054,0.18140572817946557
2,0.8602758539418908,0.01959465074592118,0.12012949531218797
0,0.9355021535290889,0.014447964379666091,0.050049882091245154
2,0.18911729310331754,0.019744457994641203,0.7911382489020413
2,0.08827843637157846,0.049013270413664545,0.8627082932147571
2,0.015812578426760045,0.0080852644252274,0.9761021571480126
1,0.9069162480961092,0.0026971076050144732,0.09038664429887633
2,0.4911079405169303,0.030383110559019228,0.4785089489240505
2,0.08877520026434974,0.13190820632437184,0.7793165934112785
0,0.94079634916142,0.007763584153481169,0.05144006668509891
0,0.9804119499573128,0.0033377005081635966,0.016250349534523596
0,0.7159290149982889,0.01868568261553559,0.26538530238617564
0,0.9537553990840374,0.008258804103644896,0.037985796812317625
0,0.9235373190607756,0.04266430799657219,0.03379837294265218
2,0.00522373592891368,0.004309495725758918,0.9904667683453273
2,0.02334206201578147,0.004538003005014302,0.9721199349792042
0,0.9601016058219288,0.0027670161515512028,0.03713137802651993
0,0.7104617024394723,0.019735900451722924,0.2698023971088049
0,0.9333657088519424,0.007396178272596564,0.05923811287546099
0,0.8533222775778896,0.01058105267584135,0.1360966697462689
0,0.8327054511037556,0.04374206298593544,0.12355248591030898
2,0.8535897071471177,0.013656007674794829,0.1327542851780875
1,0.5942403582621103,0.0048366121192613175,0.4009230296186284
0,0.8647277351905094,0.02140511222569864,0.1138671525837919
0,0.8118485321104202,0.023736131141088294,0.16441533674849151
2,0.6162871218569292,0.05676807737515193,0.32694480076791893
0,0.9674646260914447,0.0031830712927416647,0.029352302615813772
2,0.06504807312441312,0.040706777611171883,0.894245149264415
0,0.9638093520451031,0.005127605485847113,0.031063042469049854
0,0.8537164021148661,0.017893674856556196,0.12838992302857782
0,0.8316583269629597,0.004675818494494614,0.16366585454254584
0,0.8581022881025882,0.03233533964427811,0.10956237225313381
0,0.9130432059607411,0.03826090669077927,0.04869588734847961
0,0.9781032096606603,0.006485965103858274,0.015410825235481427
0,0.9620138443486199,0.007949864646739978,0.03003629100464015
0,0.9514348970871405,0.013671795676159294,0.03489330723670019
0,0.9739842962143452,0.0020373174980175953,0.02397838628763715
2,0.00899955436569438,0.04478017599041438,0.9462202696438913
0,0.9636412941854579,0.012946141399028081,0.02341256441551395
0,0.5271286503749588,0.03224091358630868,0.4406304360387325
2,0.033612558584613705,0.07760123491557054,0.8887862064998158
2,0.008132842568424555,0.002718168927071456,0.9891489885045041
2,0.026689665452917868,0.018701672011583563,0.9546086625354985
2,0.026566411843425158,0.04258528432996734,0.9308483038266074
0,0.9533830020622986,0.01581991992653184,0.03079707801116944
0,0.9495312360099871,0.01761381328014599,0.03285495070986688
0,0.9596221618968419,0.008809497850438377,0.031568340252719644
2,0.5302258453783186,0.043121352870105815,0.42665280175157544
0,0.5738238041775003,0.051626268392770285,0.3745499274297294
2,0.16837585393096574,0.06824535853875664,0.7633787875302777
0,0.939253320935659,0.028404817757041668,0.03234186130729924
2,0.16220393669779457,0.09383217319528375,0.7439638901069217
0,0.8945651925565891,0.017539324324402295,0.0878954831190089
2,0.06278215126012845,0.08657686873229851,0.850640980007573
0,0.953817405830904,0.0027552311071933986,0.043427363061902494
0,0.7647237905693046,0.025636435776234798,0.20963977365446043
0,0.965034673084403,0.004783595031204287,0.030181731884392646
0,0.9500551254279306,0.003644854765278503,0.04630001980679086
0,0.9475064598296332,0.013026480453911695,0.03946705971645501
2,0.6652723206201367,0.016958341262096457,0.3177693381177669
0,0.8568217686795176,0.02614763851510178,0.11703059280538052
0,0.9600073144344392,0.007826223698229549,0.03216646186733119
0,0.8343009022911607,0.04522937554402816,0.12046972216481117
0,0.9731595424534054,0.0018927026844212322,0.024947754862173356
0,0.6142185420846893,0.01568443551140989,0.37009702240390074
0,0.7211525871981667,0.025301845441663976,0.2535455673601694
0,0.935978573641602,0.006206608911487492,0.057814817446910576
0,0.9463725307523878,0.011440815265411138,0.04218665398220095
2,0.16334967263068467,0.043601365322351635,0.7930489620469636
0,0.92904329793909,0.015209361359594257,0.05574734070131578
2,0.10304839864439683,0.011192863613758004,0.8857587377418452
0,0.8443604901004602,0.015424426145081004,0.14021508375445874
2,0.018118492344006962,0.015273894450944825,0.9666076132050483
0,0.8993987876649616,0.01895668387793145,0.08164452845710707
2,0.5189222492516874,0.18878926422501688,0.29228848652329575
2,0.3971235245090213,0.031305229134818355,0.5715712463561604
0,0.7260991622086492,0.013339234556665655,0.26056160323468514
0,0.9815371505002818,0.003887534753406601,0.014575314746311706
0,0.9282889600894693,0.031071779840840964,0.0406392600696897
2,0.39731329461654463,0.03849027416199176,0.5641964312214637
0,0.6529694789037587,0.07885842474028035,0.26817209635596095
0,0.2834131140217934,0.09686710495096042,0.6197197810272461
0,0.9029856467198026,0.026374945772174346,0.07063940750802304
0,0.6362729471101917,0.030912812895615233,0.33281423999419313
0,0.866333173609564,0.024148642820222485,0.10951818357021352
0,0.9188636799957045,0.002710492083077854,0.07842582792121765
2,0.06009817582793167,0.03720456254789042,0.9026972616241778
0,0.9318159797025544,0.013061260115191176,0.055122760182254656
0,0.9521182535628231,0.022326238037734022,0.02555550839944292
2,0.23009918478332897,0.12511443977525533,0.6447863754414157
0,0.9588947691580172,0.005596012180730898,0.0355092186612518
2,0.5214630397084726,0.05725307419335331,0.421283886098174
0,0.9668481085520046,0.006434814716179521,0.026717076731815843
0,0.8972121003233693,0.0084375705959287,0.09435032908070211
0,0.4431739521896997,0.029914339392969343,0.5269117084173309
0,0.8779767676762367,0.010288966434797642,0.11173426588896564
2,0.0159773915620573,0.0077201928112834405,0.9763024156266592
2,0.014292102226830828,0.012278291846553095,0.973429605926616
2,0.7910863609955938,0.01035625130416573,0.19855738770024042
0,0.9379636049869893,0.0054308959152663165,0.05660549909774451
0,0.03931009092936579,0.025985167226192946,0.9347047418444412
0,0.9826995865522259,0.001857507944009852,0.015442905503764365
2,0.8241356878702607,0.017770660199637075,0.15809365193010222
2,0.771548171399379,0.028308415360562736,0.20014341324005822
0,0.8623885832031339,0.006012963013183826,0.13159845378368218
2,0.2924943383423531,0.09812451767056715,0.6093811439870798
0,0.9520461382885753,0.020822629520389428,0.0271312321910351
2,0.017686359777656233,0.007620695124460175,0.9746929450978835
2,0.7714581870485109,0.026694129327974166,0.20184768362351485
0,0.8596583301998768,0.012130719128614364,0.128210950671509
0,0.7203967227404,0.11350848344146805,0.16609479381813197
1,0.30827579936258803,0.051909485221562926,0.6398147154158491
2,0.2702464535309411,0.06609278703845871,0.6636607594306001
0,0.804434751942226,0.06055967804835797,0.13500557000941607
2,0.06319222282094902,0.17750477465121284,0.7593030025278381
2,0.041906980601324036,0.02219516969710747,0.9358978497015684
0,0.9622674504071375,0.005944441853797801,0.03178810773906483
0,0.07911153624672569,0.03790338607937441,0.8829850776739
2,0.1698946830705295,0.03746822074769091,0.7926370961817796
0,0.9241976085325104,0.0033778454297951066,0.07242454603769427
0,0.24614796900841301,0.09801053425973619,0.6558414967318509
0,0.6045576648292212,0.08408486275137371,0.31135747241940515
2,0.010631650989272478,0.007162263184404419,0.9822060858263232
0,0.965456623648248,0.0042207029511155915,0.03032267340063655
2,0.24703142518074608,0.1092743627793752,0.6436942120398786
2,0.42938752246597334,0.07157637517050616,0.4990361023635206
1,0.49417181188536646,0.10352846716587949,0.40229972094875405
0,0.5970634351181288,0.03433513333478416,0.3686014315470871
2,0.27391841305702164,0.015083688639108205,0.7109978983038702
2,0.4585285601183876,0.1711963999185949,0.3702750399630174
0,0.7042106535946583,0.08041114262823842,0.2153782037771032
0,0.959013809746721,0.005855384990761591,0.03513080526251734
0,0.8502514996109695,0.03432774867330421,0.11542075171572629
2,0.1855319262239905,0.01652694500259954,0.79794112877341
2,0.3695761077328377,0.04244650297698154,0.5879773892901808
0,0.9605527514900817,0.005001620616736772,0.03444562789318152
0,0.6906285562191833,0.06399374885961667,0.24537769492120007
0,0.9525932183588236,0.010957646491242678,0.03644913514993352
2,0.9246404734397622,0.013215191408895705,0.062144335151342094
0,0.9619362603651999,0.006862283757351131,0.031201455877449012
0,0.9105622798425848,0.0051426691389974384,0.08429505101841765
0,0.9777694019764512,0.003358312827754177,0.018872285195794446
2,0.7655728863175276,0.008672859956298101,0.22575425372617422
0,0.9757589490636095,0.007979099244344735,0.01626195169204565
0,0.8814602548056152,0.00671040081088174,0.11182934438350303
0,0.13814383019607263,0.02897021350957949,0.8328859562943479
0,0.9389807359679282,0.0021389869397054153,0.058880277092366595
2,0.4486528773848384,0.04023823548650944,0.5111088871286521
0,0.95669444257828,0.00604149479543385,0.037264062626286065
2,0.053535080991083596,0.019131837775332557,0.9273330812335838
0,0.9102335436965961,0.03430250347773771,0.05546395282566616
2,0.8361159481622156,0.04814273052995887,0.11574132130782568
2,0.06346124959526495,0.08999853843344714,0.846540211971288
2,0.040175028216029966,0.032168889912174425,0.9276560818717955
0,0.4924095436700914,0.08358255883593206,0.4240078974939765
0,0.9169857267674216,0.023820952843780552,0.05919332038879789
0,0.9362011776606455,0.008322680587337344,0.055476141752017205
0,0.9325410862046425,0.024633191842036835,0.04282572195332068
2,0.6598903251369467,0.01813149697187435,0.3219781778911789
0,0.9623944854967459,0.007518388039402798,0.030087126463851394
0,0.2184017587219957,0.10599575884411674,0.6756024824338877
0,0.9622480672888414,0.002061505221313573,0.035690427489844974
2,0.9120914849823003,0.010465852505328388,0.07744266251237138
2,0.6424241141444885,0.028213611794881674,0.32936227406062984
2,0.042396372093923974,0.030856517175879585,0.9267471107301963
0,0.9682414193254618,0.006141090913006709,0.025617489761531425
0,0.9097184874586961,0.04868103724009225,0.04160047530121167
2,0.43004179818055194,0.04874765477844755,0.5212105470410004
2,0.1647917464851847,0.04360592463433955,0.7916023288804759
2,0.047228767879033816,0.027202986387237147,0.925568245733729
0,0.9150760881860868,0.005796203779282808,0.07912770803463062
2,0.08280633217829528,0.01430768640861488,0.9028859814130898
0,0.7832052102581262,0.05556167847689452,0.1612331112649794
0,0.9436807803094258,0.0059067142093320885,0.05041250548124204
0,0.370061785182918,0.10374334123250471,0.5261948735845773
0,0.7657318726587092,0.030697925623714407,0.20357020171757628
2,0.5414741911508264,0.014386478619247663,0.4441393302299259
2,0.8802803696838555,0.004657404884975685,0.1150622254311689
0,0.9792626133932146,0.004539076099339916,0.016198310507445364
2,0.29060175992423254,0.0241057180128696,0.6852925220628978
2,0.06865579192790375,0.035236714528951815,0.8961074935431445
0,0.7481597964466685,0.016939360713965373,0.2349008428393662
0,0.9464103058178718,0.003398278248066789,0.05019141593406127
0,0.9765774576586986,0.0006621023001339836,0.022760440041167344
0,0.7882876069218497,0.011826986596827729,0.1998854064813225
2,0.01538916382414551,0.00602328679778238,0.978587549378072
0,0.2642073990990888,0.03305288335122729,0.702739717549684
0,0.8370063656337405,0.013945973403611278,0.14904766096264824
2,0.0388100350171652,0.014790415530402007,0.9463995494524328
0,0.8933833476014524,0.004101206082213288,0.10251544631633412
0,0.1682865228250842,0.08503292588417047,0.7466805512907454
2,0.10711951769678199,0.020407978600264335,0.8724725037029536
2,0.042827246270825015,0.024668349002107914,0.932504404727067
1,0.5569853229157041,0.007071728682656821,0.43594294840163905
0,0.9757471972163756,0.008309074588698248,0.015943728194926236
0,0.9605803982719462,0.011251001595495407,0.028168600132558546
2,0.14676564574255102,0.029497971246671376,0.8237363830107777
0,0.9150955100700638,0.008708102046500549,0.07619638788343562
0,0.9808138307463546,0.0011688910041257172,0.018017278249519673
1,0.17790390840599354,0.4383333238676825,0.383762767726324
0,0.8934201513788739,0.021516162731886748,0.0850636858892395
2,0.5113317022388184,0.11659587764161412,0.3720724201195674
0,0.34292952308617325,0.07057204369147899,0.5864984332223477
0,0.9658917105325351,0.00750194833024512,0.02660634113721963
2,0.1826456357533457,0.19079946664133454,0.6265548976053197
0,0.4508611255173849,0.07121703701860191,0.4779218374640133
0,0.5199898147336618,0.14822103268238335,0.3317891525839548
0,0.5814453225826326,0.028852309190852972,0.3897023682265144
2,0.5971603189186272,0.07881882404136187,0.324020857040011
2,0.037212186287854346,0.018615901220925088,0.9441719124912207
0,0.8776108992001286,0.08115055837794735,0.041238542421923985
2,0.04776189004297463,0.010102472586578232,0.9421356373704471
0,0.9099747822784734,0.012356004467041635,0.07766921325448493
2,0.385598301136914,0.14060093758109662,0.4738007612819894
0,0.8881603208153883,0.007124051235171645,0.1047156279494401
0,0.6886516010035109,0.07532907346480795,0.23601932553168134
2,0.8789678248444469,0.022785882221294892,0.09824629293425834
0,0.55256057608721,0.08298801104764664,0.3644514128651433
2,0.4272481706888238,0.03333169256327126,0.5394201367479049
0,0.965454562896801,0.0056219829859431355,0.02892345411725585
2,0.945191286038794,0.0033401503269802645,0.05146856363422569
0,0.9314292738378813,0.026028124987640098,0.0425426011744785
0,0.9160054409916787,0.0032799359298619347,0.08071462307845949
0,0.59759580624181,0.17846287207132167,0.22394132168686828
0,0.9390992200914309,0.011000599503101097,0.04990018040546808
2,0.07252785442804541,0.039271304390928984,0.8882008411810256
0,0.6814770947310173,0.039859525591832125,0.2786633796771507
0,0.8633041991075879,0.005754828171112393,0.13094097272129976
2,0.036551231236724276,0.007806042241025493,0.9556427265222504
0,0.9664577526611444,0.01456303554496101,0.01897921179389465
0,0.9569481291974965,0.014372203030551096,0.028679667771952456
0,0.9423052008509318,0.015907969053630382,0.041786830095437835
2,0.05713901738258302,0.019506911637275443,0.9233540709801416
2,0.00889043506575271,0.007987020663373064,0.9831225442708742
2,0.17021948543491539,0.010551048721419395,0.8192294658436652
2,0.14103108979720758,0.05935059994932394,0.7996183102534685
2,0.2804873373731639,0.013119165253974477,0.7063934973728617
2,0.4893644050128891,0.03912618304524156,0.4715094119418693
0,0.8975310537950978,0.014513687688331835,0.08795525851657043
0,0.9850659685523028,0.0011458002667583398,0.01378823118093881
0,0.9460047364946096,0.006362100857275198,0.04763316264811518
1,0.49629163057081555,0.3234880737767011,0.18022029565248335
1,0.8189516940066484,0.049105920391027166,0.1319423856023245
0,0.841549724098449,0.049751936812014834,0.10869833908953618
2,0.036522516026680885,0.05370685357666935,0.9097706303966497
2,0.7661714555246425,0.016233473462564974,0.21759507101279266
0,0.5977371920911592,0.12943497580493077,0.27282783210391015
0,0.9752001716253121,0.00377744943312539,0.021022378941562444
0,0.9534018032105424,0.00997384179572767,0.03662435499373004
2,0.018918306001454062,0.020198721905865025,0.9608829720926809
0,0.3190792211721552,0.011870996770185797,0.669049782057659
0,0.8574705560568391,0.012094535808160294,0.13043490813500064
0,0.8993597887976295,0.01587039333737175,0.08476981786499879
2,0.5976885816542463,0.012679116886877452,0.38963230145887623
0,0.9436203776111437,0.024336560279003713,0.03204306210985257
0,0.9613686283042725,0.009253591185791757,0.029377780509935912
0,0.6015351557654757,0.2590371634845323,0.13942768074999196
0,0.8860601743176839,0.011301829030908046,0.10263799665140826
0,0.878881866682345,0.006483164772484848,0.11463496854517015
2,0.5769921571561202,0.14054948502920694,0.282458357814673
0,0.9557809315516165,0.002762723831217029,0.0414563446171666
0,0.911466751739171,0.01399572205586661,0.07453752620496237
0,0.9729819743198124,0.006256366352301179,0.02076165932788663
2,0.7164265420071857,0.03338527719508466,0.25018818079772975
0,0.37116464775524105,0.014462678953098926,0.61437267329166
0,0.7005169560648759,0.059007772921143314,0.2404752710139808
2,0.023107681069019566,0.017080468523715347,0.9598118504072651
0,0.8702004793205877,0.00924598086707454,0.12055353981233774
2,0.14963561621855914,0.10945634079189755,0.7409080429895432
2,0.4379174983205267,0.07206563490540861,0.49001686677406475
0,0.9167277088237336,0.009389636682275491,0.07388265449399087
0,0.8889196088169025,0.018357706133037548,0.09272268505006001
0,0.7087179782071902,0.02168664104787706,0.26959538074493267
2,0.3308968022316211,0.07953979412863452,0.5895634036397444
0,0.9142725975344174,0.04562769213259719,0.040099710332985324
2,0.9407445560966025,0.012678757969992897,0.04657668593340471
2,0.13151391942882645,0.01088819709262705,0.8575978834785466
0,0.9815479432127081,0.000992814578651726,0.017459242208640265
0,0.9460687512968767,0.008138964887410153,0.045792283815713146
2,0.03683815604352126,0.07577480142300855,0.8873870425334702
0,0.6627642979787767,0.07280447288560442,0.2644312291356189
0,0.44732669157347094,0.006916559666883024,0.5457567487596461
0,0.636907341380493,0.034057831998838245,0.3290348266206687
0,0.9322472609641895,0.01192582343215305,0.055826915603657636
0,0.748480320021547,0.018773168111295545,0.23274651186715747
2,0.07666651718826359,0.061894779472756144,0.8614387033389802
0,0.9455157160852455,0.004353909784915341,0.050130374129839034
0,0.8321999130006552,0.03823277740224506,0.1295673095970997
1,0.43529644292370034,0.057507188875117736,0.5071963682011819
0,0.3965067907291435,0.010398494714294123,0.5930947145565624
2,0.2764610232114848,0.010421527329084176,0.713117449459431
2,0.25125234769871346,0.05854890973263394,0.6901987425686525
0,0.9461009248050594,0.011024871210361881,0.042874203984578745
0,0.96620691801103,0.0033521153271522156,0.030440966661817927
2,0.030238916773601753,0.006761822917566463,0.9629992603088318
0,0.8691482266437649,0.009646362965820134,0.12120541039041492
2,0.037943218020053335,0.013300578710309366,0.9487562032696373
0,0.9700688944599433,0.0014678570881453768,0.028463248451911186
0,0.8669843912786158,0.02400000908249426,0.10901559963888997
0,0.8354330588993055,0.022252002306463035,0.14231493879423143
0,0.976293624356463,0.00542905859077262,0.018277317052764353
2,0.3502267945999063,0.030844457949885697,0.6189287474502079
0,0.9668196298809169,0.001980838497850413,0.031199531621232804
0,0.9520554474407401,0.010918935407851119,0.037025617151408736
0,0.8179805333886788,0.013064742383520019,0.16895472422780108
0,0.8601609942945169,0.015471458300220873,0.12436754740526225
2,0.5668097021062192,0.025386939130014528,0.4078033587637663
0,0.8014685266325536,0.05260701959245918,0.14592445377498714
0,0.47985886385653514,0.029589698277391673,0.49055143786607325
0,0.7396035674838451,0.05119658827311664,0.20919984424303828
0,0.8791094486179845,0.012706922294380479,0.10818362908763508
2,0.2042819700791989,0.026702955908004297,0.7690150740127969
2,0.1355087260214559,0.03697581991217187,0.8275154540663723
0,0.6006465046105702,0.026946431450455176,0.3724070639389746
0,0.9460838987185494,0.011649562633388923,0.042266538648061736
2,0.48337220129022784,0.202524145721089,0.31410365298868315
0,0.9021304418831474,0.031440537216914435,0.0664290208999382
0,0.9624515435125183,0.00538148578706027,0.03216697070042152
0,0.8996736258052599,0.016009273233255975,0.0843171009614842
0,0.9768007390738959,0.004671419274638766,0.018527841651465163
0,0.9838863293253981,0.0048204931203660924,0.011293177554235742
0,0.49414569015563703,0.040976981247233986,0.46487732859712905
2,0.04380139664185483,0.03183008468447772,0.9243685186736674
0,0.7491800180947611,0.014445055038141258,0.23637492686709763
0,0.8407785936037744,0.04473887806343299,0.11448252833279284
2,0.18578460364932606,0.03666750579624701,0.7775478905544269
2,0.46875234514637015,0.029402345414477577,0.5018453094391523
2,0.35738314737943905,0.06043097414294038,0.5821858784776206
0,0.40935900387702595,0.01284648741590959,0.5777945087070644
0,0.8520170781925631,0.02430159045156103,0.12368133135587595
0,0.9253703137924835,0.014405544750931466,0.060224141456584994
0,0.8068858919187084,0.0340286225423178,0.1590854855389738
2,0.8374576693342621,0.012384712738290352,0.15015761792744756
0,0.9798893633777582,0.007937225773339445,0.012173410848902467
2,0.038908947965491054,0.049822241534936355,0.9112688104995725
0,0.9255727327077774,0.00848411556223196,0.0659431517299908
0,0.9055116678092049,0.013098553550904966,0.08138977863989012
0,0.3362149830916179,0.057821111866553476,0.6059639050418286
0,0.8466325962027781,0.006543407902752438,0.14682399589446943
2,0.7579688823538421,0.07344748704990822,0.16858363059624976
0,0.753210758496461,0.09313929301835915,0.15364994848517993
0,0.8427721728373498,0.006724109252196179,0.1505037179104541
0,0.5495084766878713,0.026961601237479947,0.4235299220746489
2,0.9382603999454464,0.003211923258232435,0.05852767679632114
0,0.8327476900118361,0.004302873797974248,0.16294943619018948
0,0.6451132780347534,0.08855403832163089,0.2663326836436158
1,0.08062691600933174,0.2830832066273244,0.636289877363344
0,0.9537184626383162,0.012704058973865453,0.033577478387818493
0,0.9611709566870622,0.013750020367856452,0.025079022945081332
0,0.9290321075298619,0.013663412730729277,0.057304479739408935
0,0.8297219938634346,0.008617034931331766,0.16166097120523373
0,0.9481800707712841,0.006019042818342254,0.045800886410373685
0,0.9432518756862711,0.004682447782415978,0.052065676531313033
2,0.11577023653346995,0.014713423210272351,0.8695163402562576
2,0.19949667242087046,0.05597398966552371,0.7445293379136058
0,0.9412808302690682,0.012003531512471919,0.04671563821846
2,0.5790022356145822,0.0393728515809783,0.3816249128044395
2,0.12280416624439928,0.03927495236107592,0.8379208813945249
0,0.8199575488469182,0.0027008335241288386,0.17734161762895295
0,0.938287141681643,0.023452598109975496,0.038260260208381414
2,0.32285663694647665,0.04187781795214567,0.6352655451013778
0,0.4971655022656831,0.010575884094713819,0.49225861363960316
2,0.11161548515530789,0.04311192546737531,0.8452725893773168
0,0.6239510811405197,0.04931090802905143,0.32673801083042875
2,0.1370432845681865,0.05815210255242338,0.8048046128793901
2,0.027402626075620534,0.00784069299821987,0.9647566809261595
2,0.003710501299017931,0.006532681029110772,0.9897568176718712
2,0.02422429979578474,0.013592015414828828,0.9621836847893865
0,0.9621510440185755,0.007490135081725437,0.030358820899699022
0,0.9056889827406729,0.0047747174593290535,0.08953629979999815
1,0.31954765036618704,0.050601897568755695,0.6298504520650573
2,0.0862977554711061,0.06189016275534861,0.8518120817735452
0,0.9505827934054994,0.007286365773520244,0.04213084082098024
2,0.4933070244474657,0.09149388888944658,0.4151990866630877
0,0.2437413123467563,0.02357774621503787,0.7326809414382058
0,0.7843993902201988,0.030699684201466435,0.1849009255783348
0,0.7405060710124436,0.04136771184471907,0.2181262171428373
0,0.9504819160678791,0.00420468508933906,0.04531339884278161
0,0.9390101431170294,0.004002685837015,0.05698717104595577
0,0.2657326014714425,0.04446212151408468,0.6898052770144729
2,0.21039670587031045,0.07038143600388912,0.7192218581258004
0,0.945907957078662,0.009253752685148093,0.04483829023618981
2,0.8797194964734164,0.01611537396455969,0.10416512956202381
2,0.02229416697026385,0.011785826031673089,0.965920006998063
0,0.9793109214914956,0.007293690928752568,0.013395387579751677
0,0.9786374615979688,0.007430529415965267,0.013932008986065917
0,0.9537048660359831,0.010416282652267416,0.03587885131174951
0,0.9493452932133761,0.015754429692082707,0.03490027709454118
0,0.9399629042881606,0.010636648249228296,0.049400447462611186
0,0.9750751947682385,0.007244630252487133,0.017680174979274328
0,0.9012634096226109,0.03931334336180745,0.059423247015581694
0,0.9503965955911364,0.006671947126309054,0.042931457282554535
2,0.16897478972306063,0.07838390791774807,0.7526413023591914
0,0.7609463068808632,0.07064731316370754,0.1684063799554294
2,0.04955602271195252,0.023067377376398638,0.9273765999116489
0,0.8930702024943792,0.0069160892623326455,0.1000137082432882
2,0.2092632524343804,0.017130196767581412,0.7736065507980382
0,0.6678127003061541,0.29196200365278363,0.04022529604106223
2,0.017597062644194056,0.00923211158930106,0.9731708257665049
2,0.5394482835684649,0.09857661297982614,0.36197510345170897
0,0.8585204045564946,0.012534227832257213,0.12894536761124809
2,0.1301226275082204,0.024422157123510854,0.8454552153682688
0,0.9662226006893853,0.003986944930462855,0.029790454380151897
0,0.9535107357129935,0.003079640111314221,0.04340962417569219
0,0.8693772469678903,0.011364881381043185,0.11925787165106642
2,0.4521064752829442,0.2113977268672812,0.3364957978497746
0,0.9772430652618536,0.009971658253497091,0.012785276484649279
0,0.47197362766210593,0.018131354368996582,0.5098950179688976
2,0.09643322370461524,0.07072342889623262,0.8328433473991521
2,0.03799180354270495,0.11153741263754202,0.850470783819753
2,0.15912813544376675,0.027971377959134413,0.8129004865970988
2,0.03765022401084248,0.01980932731226538,0.9425404486768921
2,0.012438693074180156,0.004822699109067207,0.9827386078167527
0,0.9029213651460513,0.008589934558633574,0.08848870029531514
2,0.012709372571206632,0.01403215629548317,0.9732584711333102
2,0.6715673718409315,0.05979504368448782,0.26863758447458064
2,0.018646763529562356,0.012898917666855214,0.9684543188035825
2,0.04899887783909658,0.019728220801549446,0.931272901359354
0,0.9096146742138573,0.040686916384413706,0.049698409401729024
2,0.8100283774017065,0.01745585284912637,0.1725157697491671
0,0.91245745739832,0.040656013750106725,0.04688652885157319
0,0.9185412494839003,0.012858901499938019,0.0685998490161617
0,0.913564095574113,0.022709903531290862,0.06372600089459618
0,0.5553711257391265,0.0452861328841167,0.3993427413767568
0,0.719986785184624,0.00995723567104897,0.27005597914432705
0,0.9726913645660525,0.00927208549331816,0.018036549940629316
2,0.07524975916352948,0.08832836986078067,0.8364218709756899
2,0.3834438294884839,0.04055730472699131,0.5759988657845247
2,0.7858309976198966,0.03101830853482036,0.18315069384528307
2,0.10859902128505465,0.03823081041121874,0.8531701683037266
2,0.004658557724568215,0.0073858851872708785,0.987955557088161
0,0.9632129462178078,0.007906459151240632,0.02888059463095163
2,0.04362247986977677,0.04079069216290759,0.9155868279673156
2,0.009769725856937405,0.028789149153828734,0.9614411249892337
0,0.9383389261476262,0.008375996471534185,0.05328507738083956
0,0.9378029562824601,0.01730486200266673,0.044892181714873164
0,0.8929815037922402,0.01486092593525896,0.09215757027250096
2,0.014314853045662575,0.009573478090377239,0.9761116688639602
2,0.038960728705895536,0.011993778228232478,0.9490454930658718
1,0.635791544530828,0.1454853562259152,0.21872309924325686
0,0.109776590042061,0.016543680247301462,0.8736797297106376
0,0.8208659204354544,0.006341296812744891,0.17279278275180063
2,0.6864731450406664,0.027322186397674073,0.28620466856165944
0,0.895927799323237,0.02197327919625079,0.0820989214805123
0,0.381179198921323,0.1338946155948239,0.48492618548385313
0,0.9343215892398521,0.00169090857056533,0.06398750218958248
0,0.515563890832342,0.11313610209597275,0.37130000707168526
2,0.024354294991012382,0.011944197775921567,0.9637015072330661
2,0.0037094740229369418,0.006426495165757356,0.9898640308113058
2,0.08141790186660158,0.06643847081630132,0.8521436273170971
2,0.9283057899918294,0.009039286693096352,0.0626549233150743
0,0.5960057333993604,0.06839566663033544,0.33559859997030417
0,0.5304911103501472,0.15694065727465584,0.3125682323751969
2,0.4197928491305267,0.023716953296762832,0.5564901975727105
0,0.9240384301304064,0.022812938013569675,0.05314863185602392
2,0.8609579928585995,0.0057890240596458606,0.13325298308175468
0,0.9306808488930511,0.005546212790031176,0.06377293831691773
0,0.8161986920635933,0.008966954250052629,0.17483435368635392
2,0.37514474224642635,0.07725607563404453,0.5475991821195292
2,0.6650247215660834,0.03020048939165864,0.3047747890422579
0,0.9457641345630297,0.026461203986904835,0.027774661450065553
0,0.6045455131707594,0.016350890307114917,0.37910359652212566
2,0.13878168634026164,0.05492408802420143,0.8062942256355369
1,0.5400644358759538,0.07368197775936505,0.38625358636468116
0,0.818978729392818,0.01738078309261997,0.16364048751456192
2,0.0301565313693733,0.059062187590221936,0.9107812810404047
0,0.9154608447003009,0.010066763650492106,0.0744723916492071
0,0.10166029139943838,0.04517768077082863,0.8531620278297329
0,0.9333711026454641,0.007334683123808981,0.059294214230726894
2,0.03939284494570866,0.017884727551581405,0.94272242750271
1,0.3183682554923233,0.10562043745526135,0.5760113070524154
0,0.9651101712891197,0.004728716988805006,0.03016111172207531
2,0.22610522276728318,0.009436381566465986,0.7644583956662508
0,0.9118886198589292,0.001958810532686234,0.08615256960838452
0,0.9310120783447301,0.00459761052630767,0.06439031112896228
0,0.6266545765421251,0.05783099844693036,0.31551442501094457
1,0.6461771832989791,0.16141824821567632,0.1924045684853445
2,0.011031256455137467,0.0035139015697705617,0.9854548419750919
2,0.21897079146999068,0.1121608646358215,0.6688683438941878
2,0.19072938447824156,0.026577332702471684,0.7826932828192867
2,0.09324085803354364,0.012967989579954958,0.8937911523865013
2,0.15289108038273816,0.11439442573084667,0.7327144938864152
0,0.8977710878354624,0.008596763177156751,0.09363214898738101
2,0.5632272710766133,0.017890532415403757,0.418882196507983
0,0.6188630781492171,0.03109610411329187,0.3500408177374911
1,0.3777644238227116,0.11472795200030389,0.5075076241769846
2,0.034094421707691475,0.015633657838104664,0.9502719204542037
0,0.8506289705801225,0.045616006304387814,0.10375502311548962
2,0.08088331352119352,0.05197964810518855,0.867137038373618
0,0.8634572899273127,0.017545983146687316,0.118996726926
0,0.6893029028037596,0.02436548958923216,0.28633160760700826
0,0.9369720377482088,0.011013885800470139,0.05201407645132111
2,0.045423639803221505,0.03784429394462803,0.9167320662521505
0,0.9456686475520839,0.005610978489539246,0.04872037395837689
2,0.0462784244465103,0.03823089778444008,0.9154906777690495
0,0.8322616977400938,0.011800775042520742,0.1559375272173854
0,0.9492705406277244,0.02148087749410222,0.02924858187817336
2,0.34478467096648996,0.11143254416124582,0.5437827848722643
2,0.03927029199282058,0.020354655433531866,0.9403750525736475
0,0.7928328978124947,0.05210183746030691,0.15506526472719842
0,0.9183796984849487,0.039615542228329484,0.042004759286721975
0,0.9760642760036063,0.006696730825316975,0.01723899317107668
0,0.9151138153014912,0.0012432893495527143,0.08364289534895593
2,0.9638180499816612,0.004371388564378116,0.0318105614539606
0,0.9664980738650887,0.009128532056729052,0.02437339407818233
0,0.7372333287698287,0.1032755731750137,0.15949109805515754
0,0.5927515556464511,0.1602103111949013,0.24703813315864756
0,0.7310396863718703,0.01538198671776965,0.2535783269103602
1,0.4928100876215645,0.30471755786163046,0.2024723545168051
0,0.9674912861953766,0.006671897404847851,0.025836816399775645
0,0.18908296497877108,0.038510140709985666,0.7724068943112433
0,0.12825557200292176,0.03452271605794116,0.8372217119391371
0,0.9253659313743895,0.013419760514716482,0.06121430811089408
0,0.19810700022668645,0.021843316646185277,0.7800496831271283
0,0.8502463402314198,0.03192355654582306,0.11783010322275723
2,0.5920772068526953,0.03079103066857593,0.37713176247872887
2,0.01813172194710033,0.011687604070405495,0.9701806739824941
2,0.9323543796390301,0.026204824489519673,0.041440795871450296
2,0.10059314229384037,0.023787658291945256,0.8756191994142144
2,0.9438308324022271,0.011454688144592568,0.04471447945318039
0,0.9659731464297557,0.004492973015866784,0.029533880554377317
2,0.3445073474820287,0.15425354361267068,0.5012391089053005
0,0.7316401026407164,0.07924330394609694,0.1891165934131866
0,0.9668237351541271,0.004575010308642103,0.02860125453723083
0,0.9508020780721257,0.01089360671333118,0.038304315214543166
0,0.9311707196034731,0.010651396463957496,0.05817788393256937
2,0.035994424135946515,0.025862914182286343,0.9381426616817671
2,0.8712692735936187,0.05053381517954967,0.0781969112268315
0,0.9607478010871701,0.0034718671916418244,0.035780331721188205
1,0.6457062056438976,0.20450468785154727,0.14978910650455518
0,0.9667680226279673,0.002374158581793026,0.03085781879023964
0,0.7469041605451056,0.027331946624951888,0.2257638928299425
0,0.9438361799014183,0.005877552215329713,0.05028626788325197
2,0.09684043643764495,0.019710988865924855,0.8834485746964301
0,0.9044835407438827,0.016710216979395773,0.07880624227672149
2,0.08611284806053476,0.017198468174297175,0.8966886837651681
2,0.7432181765500671,0.01821291261118533,0.23856891083874782
2,0.15787103686046958,0.1405841456393209,0.7015448175002096
0,0.06786670920817407,0.016916631315261534,0.9152166594765645
2,0.012764747069108847,0.008834627257539602,0.9784006256733516
2,0.6160553532569444,0.1096554018568713,0.2742892448861843
0,0.9014514024093165,0.01788014619895619,0.08066845139172729
0,0.3941484927641487,0.03942658750347908,0.5664249197323723
0,0.9130689862629671,0.009352199308766889,0.07757881442826603
0,0.06895375242767127,0.05360144496111355,0.8774448026112152
0,0.9494819782825297,0.004048652523852845,0.04646936919361749
0,0.22694524008497133,0.03514910110938985,0.7379056588056389
1,0.13446280085698317,0.0865056392250717,0.7790315599179451
0,0.6303322234365543,0.012182317783593499,0.3574854587798521
0,0.8914636233945421,0.015769286879088514,0.09276708972636935
2,0.22635262228178601,0.12362318987102967,0.6500241878471843
0,0.3355028133395246,0.021839320543289655,0.6426578661171858
0,0.8989286624609815,0.007923387719174224,0.09314794981984433
0,0.9614793091269822,0.0038450226023861228,0.034675668270631475
2,0.9656826105789477,0.004851423132865162,0.029465966288187064
0,0.9650603139941283,0.004547397903563879,0.030392288102307787
2,0.12642819522578472,0.04454863264499442,0.8290231721292208
2,0.5987465491776309,0.10891695910296388,0.2923364917194051
2,0.03823575559211229,0.06402216871437375,0.897742075693514
2,0.013026861593543979,0.037156957929441875,0.9498161804770141
0,0.861117021171993,0.01128013947443271,0.1276028393535744
0,0.9305037681898775,0.007326500879111369,0.06216973093101105
2,0.01047419294447781,0.0026327426231538523,0.9868930644323685
2,0.34636914119299,0.14017685984529177,0.5134539989617182
0,0.9411501120903941,0.010298261360918697,0.04855162654868702
0,0.959948043340323,0.004026053529208619,0.036025903130468474
0,0.8174384166393158,0.030839884730012833,0.15172169863067128
0,0.33004122508177797,0.12210183825049757,0.5478569366677244
0,0.557294687861223,0.17235892627489433,0.2703463858638826
0,0.7228257405251124,0.012443899707294894,0.2647303597675928
0,0.9701836107953254,0.011134994132903189,0.018681395071771363
0,0.7945741145016436,0.006970840259272742,0.19845504523908364
1,0.4700981897574856,0.2658390467220637,0.26406276352045055
0,0.3342041611287813,0.13757401657259286,0.5282218222986259
0,0.9211179381575965,0.014021252301874364,0.06486080954052917
0,0.8459623751606983,0.06198632477477553,0.09205130006452629
2,0.004515671840008806,0.00956124090012322,0.985923087259868
2,0.7827285533906957,0.0565945738217807,0.16067687278752366
0,0.4450797670409287,0.02156860953523312,0.5333516234238382
0,0.9324880289268704,0.010522044106381783,0.056989926966747935
2,0.2588001961081427,0.06998713712701589,0.6712126667648414
0,0.9677686633685872,0.003246703208570334,0.028984633422842455
2,0.006076464667287946,0.005618062880870144,0.9883054724518419
0,0.906829887987331,0.005215606636727882,0.08795450537594109
2,0.9282278458781353,0.011110607305255761,0.060661546816608986
0,0.6668412775040311,0.117969313180803,0.21518940931516592
0,0.5793551987622518,0.04210828719082943,0.37853651404691874
2,0.012637593605994736,0.014560630192623958,0.9728017762013813
0,0.9363052266531965,0.008333139359067664,0.0553616339877357
0,0.9784635541338522,0.003175556136217377,0.018360889729930323
