target,prediction_0,prediction_1,prediction_2
2,0.022131959247155764,0.04738662028851133,0.9304814204643327
0,0.9080026629869278,0.014253621736743464,0.07774371527632873
0,0.9398780103854676,0.01159074239621002,0.04853124721832252
2,0.05058358533835811,0.03494426793609068,0.9144721467255512
0,0.8312035372042504,0.019974878649597013,0.1488215841461524
0,0.8360656676604387,0.016354418382995933,0.14757991395656567
0,0.8935148300238903,0.018640515237485694,0.08784465473862421
2,0.013634212110345373,0.012700353450103636,0.973665434439551
0,0.9424164037418183,0.010278149634369762,0.047305446623811906
1,0.39691181313834967,0.08202337768357681,0.5210648091780734
2,0.026495661200958368,0.05985951895858541,0.9136448198404561
0,0.8375442218392254,0.01757611896766167,0.14487965919311302
0,0.8830849118157018,0.01652653225397051,0.10038855593032762
0,0.8752568117264888,0.010107789092710208,0.11463539918080116
0,0.9308311128647517,0.016115530765353187,0.05305335636989505
2,0.1554303142179342,0.07252920280157837,0.7720404829804872
0,0.8380490211317165,0.05298141714068772,0.10896956172759578
2,0.6634489111897814,0.11115111911674781,0.22539996969347098
0,0.9368363390330985,0.013376868971260428,0.04978679199564139
2,0.23633975864792056,0.04917009427208873,0.7144901470799908
0,0.8683448260580461,0.01962796290292389,0.11202721103902975
1,0.5371723586892424,0.08718974728027125,0.3756378940304861
2,0.1918457382899787,0.02586356162081567,0.7822907000892056
0,0.9437319802907996,0.012438045925383754,0.04382997378381667
0,0.43212958187829476,0.0712583198979907,0.4966120982237148
0,0.9108301541412545,0.029714444992463743,0.0594554008662821
0,0.9478656426721761,0.01036404628695925,0.041770311040864955
0,0.9465187105015165,0.011173191459327908,0.04230809803915583
0,0.4974478932903524,0.0632177120178381,0.43933439469180957
0,0.9460963490135182,0.0106348154444299,0.04326883554205184
2,0.07255827605811808,0.07217729996867539,0.8552644239732066
2,0.14157893635109176,0.03774164686318518,0.8206794167857231
0,0.2679083779856789,0.08032059892744012,0.6517710230868808
2,0.29611170750384547,0.06805991700595816,0.6358283754901963
0,0.7420714076149687,0.06658623342140686,0.19134235896362442
2,0.08006092992775063,0.02932792980403813,0.8906111402682111
2,0.5279462276208811,0.025320123716336112,0.44673364866278276
0,0.9064330416851639,0.02401154986625182,0.06955540844858434
0,0.5729530748685278,0.02667714016428814,0.400369784967184
0,0.6590998889641199,0.02716335857724388,0.31373675245863586
0,0.9271573255192495,0.014917164298279606,0.05792551018247083
2,0.11933475253453561,0.2591230074727374,0.6215422399927273
0,0.8883582416877148,0.016633144911346986,0.09500861340093823
0,0.9484612531708774,0.010723988497712098,0.040814758331410766
0,0.9513752185978815,0.010670893170516746,0.037953888231601854
0,0.6984776987521152,0.04094660778240145,0.2605756934654834
0,0.8540285558884748,0.010223663954293884,0.1357477801572316
2,0.7921050446862212,0.01777627768518116,0.19011867762859738
0,0.8031163798767634,0.014903990243472822,0.18197962987976357
2,0.4700478875835749,0.11100838611387263,0.41894372630255233
0,0.925125215564643,0.017499468395923395,0.05737531603943332
0,0.9442075467705138,0.010777671553825634,0.04501478167566074
2,0.11886594038465975,0.07350997857454959,0.8076240810407904
2,0.34582299367468694,0.07756837064449647,0.5766086356808166
2,0.2407875356512293,0.042793762563783436,0.7164187017849877
0,0.8557636087571786,0.011830701453883876,0.1324056897889377
0,0.7660611145491111,0.06359928228537037,0.17033960316551838
0,0.5818049802384089,0.10920510612044776,0.30898991364114337
0,0.9384620368417752,0.012271831386134266,0.04926613177209086
0,0.9205741208144147,0.01594102057819671,0.06348485860738867
1,0.7800753250680512,0.05272115752903732,0.16720351740291142
2,0.8335920043495829,0.02105457421939299,0.14535342143102403
0,0.883958278841647,0.017565754678669332,0.09847596647968371
2,0.21305720841828857,0.04337995215124469,0.7435628394304667
2,0.05611149413840434,0.03407012387517722,0.9098183819864182
2,0.02173035967677226,0.008871318985273489,0.9693983213379542
1,0.8916507783177544,0.01587650108293935,0.09247272059930646
2,0.4829387041821105,0.03884777032635557,0.47821352549153395
2,0.029524135676324142,0.04311691030612894,0.9273589540175471
0,0.8481529889547691,0.025277350807026346,0.1265696602382048
0,0.9478432174520625,0.010891182658872463,0.041265599889065335
0,0.8477762454281732,0.028179819956494837,0.12404393461533231
0,0.9477493419268702,0.010532599547313977,0.04171805852581596
0,0.9434395044072008,0.011552206300035311,0.04500828929276398
2,0.003930592836078834,0.004414509809122667,0.991654897354798
2,0.025128903140399207,0.03233639524246291,0.9425347016171378
0,0.9487416910217031,0.011013879276711583,0.04024442970158539
0,0.3726718640210102,0.03692056143430858,0.5904075745446814
0,0.9372129742693643,0.012286239917485705,0.05050078581315013
0,0.8189004591569677,0.010737303587313823,0.17036223725571825
0,0.6407592674035819,0.02958779930452903,0.3296529332918888
2,0.7221411163142882,0.0381885156007546,0.2396703680849571
1,0.6678362667087033,0.014673279079726475,0.3174904542115703
0,0.8400218440239876,0.03030754452616315,0.12967061144984965
0,0.8611588785658847,0.018981948231788635,0.11985917320232703
2,0.7330283573113647,0.04501182834487401,0.22195981434376133
0,0.9430990444075771,0.012812803074765185,0.044088152517657984
2,0.008949243758612403,0.007434711901795016,0.9836160443395925
0,0.9469066318790275,0.010271941848701805,0.042821426272271035
0,0.7987946069970336,0.020193584151168783,0.1810118088517975
0,0.8593642265903293,0.010230594880892273,0.13040517852877856
0,0.723435915333017,0.06947390872332372,0.20709017594365928
0,0.8198154919750174,0.021851199367083986,0.15833330865789866
0,0.9513752185978815,0.010670893170516746,0.037953888231601854
0,0.9538125244022356,0.010337266646519749,0.03585020895124483
0,0.938315362146519,0.011930384361815972,0.049754253491664985
0,0.944456050175541,0.011065985186477311,0.04447796463798183
2,0.014210373786674778,0.024188176323037283,0.9616014498902881
0,0.9043234488563728,0.02182002988255899,0.07385652126106797
0,0.42668314339523666,0.04118835056717869,0.5321285060375847
2,0.012477049483509634,0.038115042337971757,0.9494079081785185
2,0.004118107478383429,0.005511510294475895,0.9903703822271401
2,0.009132573506515043,0.012952087788915084,0.9779153387045697
2,0.01539681510965756,0.033899059013547,0.9507041258767953
0,0.9455738309592093,0.011355491041004263,0.043070677999786366
0,0.9443880474814121,0.014554082739094523,0.0410578697794935
0,0.910686854051908,0.017687578487808938,0.07162556746028305
2,0.5117401706596985,0.09041186214729975,0.3978479671930018
0,0.6503663906647573,0.04110305471033438,0.3085305546249083
2,0.26120081638148157,0.10885076072575793,0.6299484228927607
0,0.9119975919398827,0.019264820401097643,0.0687375876590199
2,0.08900332697468182,0.053130397078599435,0.8578662759467186
0,0.8479155749440261,0.022408879662582138,0.12967554539339202
2,0.030760349380232102,0.07098024542679926,0.8982594051929687
0,0.9480626271585368,0.011098865354834543,0.0408385074866284
0,0.7070340310084384,0.026209752837039805,0.26675621615452144
0,0.9344114801474525,0.011937426973015232,0.0536510928795323
0,0.9473228840312393,0.01035085359147602,0.04232626237728502
0,0.9488624599842729,0.011676561760851351,0.039460978254875906
2,0.6537953476646042,0.030532993651120582,0.31567165868427544
0,0.897505470191193,0.011271533404665099,0.0912229964041419
0,0.9403247420159242,0.01065059199579053,0.04902466598828552
0,0.8233884746348411,0.028584138604916064,0.1480273867602428
0,0.9495937983691923,0.011350581053914694,0.03905562057689311
0,0.6266764664197305,0.0174067362973329,0.35591679728293674
0,0.43085151132856836,0.0900310424316343,0.4791174462397975
0,0.8741332312262207,0.016826847912925512,0.10903992086085394
0,0.7516742629605176,0.011018132258916697,0.2373076047805656
2,0.1375169864221072,0.07470071907813489,0.7877822944997579
0,0.8889229088550454,0.019936236280852126,0.09114085486410256
2,0.1944380467282993,0.04350536340352096,0.7620565898681797
0,0.7351283232223678,0.028342894998297334,0.2365287817793351
2,0.01379801483212658,0.019415640788579647,0.9667863443792938
0,0.9296671081633864,0.012267911606698706,0.05806498022991477
2,0.4200441882134674,0.06208940626031016,0.5178664055262225
2,0.5976289999278955,0.03839626028395751,0.3639747397881468
0,0.7101870844143066,0.06274751687443188,0.22706539871126116
0,0.9478432174520625,0.010891182658872463,0.041265599889065335
0,0.9466662830778705,0.009992135814520263,0.04334158110760943
2,0.692861514173793,0.0156120289837208,0.2915264568424864
0,0.6205953300745244,0.09125822181548918,0.28814644810998635
0,0.3006084898413958,0.062081654595931436,0.6373098555626725
0,0.8417352901647106,0.024928172126758266,0.13333653770853127
0,0.5469479950844179,0.04892583844984,0.40412616646574184
0,0.8099040536252551,0.03271226018640439,0.1573836861883403
0,0.8888593335664079,0.005196335282202148,0.10594433115139008
2,0.034931913706073146,0.022892427499819144,0.9421756587941078
0,0.9370817638633386,0.012638792451855518,0.05027944368480588
0,0.8884980162843704,0.02547164097009881,0.08603034274553073
2,0.31410368711399966,0.0977878467321192,0.5881084661538808
0,0.9455152530726656,0.010495770090815192,0.0439889768365194
2,0.4133560316824793,0.10062837186308234,0.48601559645443826
0,0.9556048441043914,0.009868282079174525,0.03452687381643428
0,0.87584135548659,0.008263620974557375,0.11589502353885257
0,0.49138700813327857,0.024985191182314095,0.4836278006844074
0,0.8887570378132881,0.0175140393732972,0.09372892281341466
2,0.008555770332792933,0.008110136580709339,0.9833340930864978
2,0.04924037734212625,0.026484481058231816,0.924275141599642
2,0.8552330865182234,0.008551716713162408,0.1362151967686143
0,0.9380764263302439,0.011263336917633107,0.050660236752123125
0,0.10875693929390379,0.054264497820210776,0.8369785628858855
0,0.9537540930655021,0.009260771448189537,0.03698513548630847
2,0.84570517469584,0.019114101712455613,0.1351807235917046
2,0.8011429828323817,0.03326015779541712,0.1655968593722012
0,0.7763537412852117,0.02735258510744139,0.19629367360734704
2,0.54513163841528,0.1412791133159063,0.3135892482688138
0,0.9461140438890286,0.010665620240168127,0.043220335870803435
2,0.03260809596257011,0.008187694830048357,0.9592042092073818
2,0.7829975317283098,0.026134777854719633,0.19086769041697071
0,0.9299168705269074,0.011206205157757913,0.05887692431533456
0,0.5921291417929591,0.1089947789464069,0.29887607926063403
1,0.33926508968644126,0.04936425617543952,0.611370654138119
2,0.2631751220964381,0.05600425970465509,0.6808206181989066
0,0.7887136618497907,0.04167223286898181,0.16961410528122745
2,0.23892617715140738,0.22494562045946392,0.5361282023891288
2,0.05863553366366291,0.050547439631383126,0.8908170267049538
0,0.9481327741884487,0.010807989156877792,0.0410592366546736
0,0.1648426489881238,0.1160692299287079,0.7190881210831681
2,0.1493522549753761,0.0424963656514347,0.8081513793731893
0,0.9397809817008033,0.009882092874132102,0.050336925425064884
0,0.4056061991578571,0.08784988526190594,0.5065439155802369
0,0.5952236436445532,0.08565374254548831,0.3191226138099586
2,0.010673669748383751,0.02423361166223912,0.9650927185893772
0,0.9411450756752925,0.01345433628191567,0.04540058804279212
2,0.32911566606169285,0.0947539002250347,0.5761304337132724
2,0.4517894253371319,0.03836150729100772,0.5098490673718603
1,0.38182343871207114,0.08057671439522807,0.5375998468927008
0,0.3341115875970176,0.07250424896304708,0.5933841634399354
2,0.5610557335157047,0.02403443576347022,0.41490983072082516
2,0.19241749563338467,0.1390337572163716,0.6685487471502435
0,0.5557982112574364,0.04916578460025732,0.3950360041423059
0,0.9476235978961064,0.010538907720754742,0.04183749438313892
0,0.8009709852353009,0.03726776545980273,0.1617612493048965
2,0.22844842208375396,0.06531466689655632,0.7062369110196893
2,0.4034110274130019,0.0913981283871001,0.505190844199898
0,0.9373245618640338,0.010514959731247742,0.05216047840471843
0,0.723025770886038,0.026212749558573768,0.2507614795553882
0,0.9491664560989292,0.01054160724306112,0.04029193665800968
2,0.8625810533484918,0.018655018574242746,0.1187639280772658
0,0.9218918594227286,0.009840580940554249,0.06826755963671717
0,0.9001322503383601,0.021515555013109575,0.07835219464853052
0,0.9476235978961064,0.010538907720754742,0.04183749438313892
2,0.6014470104557308,0.09931020269772846,0.29924278684654076
0,0.9497646253958295,0.01126808320834445,0.03896729139582631
0,0.7905500040596275,0.020864445947691816,0.1885855499926811
0,0.21576203479785586,0.04981441276696244,0.7344235524351814
0,0.8644802862670448,0.007700214312927623,0.12781949942002763
2,0.35342860358458256,0.05857053921606568,0.588000857199352
0,0.9513752185978815,0.010670893170516746,0.037953888231601854
2,0.23646514465951865,0.021612000374283433,0.7419228549661976
0,0.9350461404928971,0.011558253671681257,0.0533956058354218
2,0.9154518683041264,0.020646794512043962,0.06390133718382976
2,0.048787039823663135,0.04922399744621626,0.9019889627301205
2,0.04193026581241317,0.018560612488916915,0.93950912169867
0,0.6213893878067989,0.05379146355447857,0.3248191486387227
0,0.8803782025112201,0.030821996391547587,0.08879980109723222
0,0.9439804748041707,0.010174812822147659,0.045844712373681665
0,0.8455215467270019,0.02200562121129394,0.13247283206170393
2,0.764245944026077,0.0043947625018070785,0.23135929347211592
0,0.9284579716439487,0.016737924265264527,0.05480410409078671
0,0.4259298378872816,0.11966473112718971,0.45440543098552866
0,0.9191666912613836,0.01391856030086074,0.06691474843775544
2,0.9209302288594242,0.013756656809480223,0.06531311433109552
2,0.5339194106828878,0.04992679904947274,0.4161537902676392
2,0.014853211125630412,0.07024761429850622,0.9148991745758633
0,0.9459780635024378,0.011217816984716219,0.04280411951284581
0,0.9366425645239218,0.01186890517665829,0.05148853029941977
2,0.35710825317219275,0.11258932260536651,0.5303024242224407
2,0.09815818075692212,0.02625428900378414,0.8755875302392937
2,0.11303945432963211,0.05572800747459621,0.8312325381957717
0,0.867350568729891,0.02058668798372548,0.11206274328638385
2,0.245162120490709,0.0457265468688264,0.7091113326404648
0,0.8981011210836233,0.021298853382033172,0.08060002553434364
0,0.9390640900447198,0.010506504831075293,0.05042940512420494
0,0.40503375840915334,0.036695254667033626,0.5582709869238129
0,0.6530045838552321,0.030462981126982862,0.31653243501778494
2,0.680112284781356,0.02536558505802078,0.29452213016062284
2,0.8991948062706466,0.00889046978780909,0.09191472394154426
0,0.946873313668169,0.011312550416043914,0.0418141359157871
2,0.42667161627184735,0.01707179494703418,0.5562565887811185
2,0.0405281271855297,0.013890627895306751,0.9455812449191634
0,0.8943235905073739,0.01804996452381696,0.08762644496880927
0,0.9556048441043914,0.009868282079174525,0.03452687381643428
0,0.8340844409269984,0.009115253760757726,0.1568003053122439
0,0.8309387680000411,0.015677209691077675,0.15338402230888165
2,0.0072755222478828865,0.017852841960655574,0.9748716357914616
0,0.39676596148287185,0.07544187983524325,0.5277921586818851
0,0.8352041923856656,0.025364249520204638,0.13943155809412994
2,0.213758473967648,0.025552034088406988,0.760689491943945
0,0.9292716955798104,0.015518760147204807,0.05520954427298476
0,0.06447217581181573,0.05637700522004406,0.8791508189681401
2,0.21560504688538829,0.02256962933664617,0.7618253237779657
2,0.02115859886327069,0.02466414145959793,0.9541772596771312
1,0.3729096074461358,0.02563330961428997,0.6014570829395741
0,0.9481327741884487,0.010807989156877792,0.0410592366546736
0,0.761942728000768,0.007436043411722076,0.23062122858750989
2,0.18245039656119733,0.056908178438392756,0.7606414250004105
0,0.8880488709352987,0.009509252822457704,0.1024418762422437
0,0.9402995875181747,0.010362357830999827,0.04933805465082554
1,0.19592108701079086,0.12255288945296461,0.6815260235362444
0,0.8444892844417387,0.023476676212964852,0.13203403934529653
2,0.29094452254776665,0.10607297267548069,0.6029825047767524
0,0.23979292959888782,0.07901381412005218,0.6811932562810598
0,0.9502180188281257,0.011204563093550637,0.03857741807832397
2,0.17830374373242902,0.1257039643479432,0.6959922919196277
0,0.5257861195734577,0.03517080088285623,0.4390430795436862
0,0.6306056468074296,0.06901496058982327,0.3003793926027475
0,0.7289765400087388,0.01908249347079117,0.25194096652047004
2,0.5055527307522245,0.07802526473433127,0.41642200451344424
2,0.09741860812425328,0.016578947368421054,0.8860024445073257
0,0.8236757049216631,0.04911473925193374,0.12720955582640314
2,0.09185507312417314,0.020513277160742024,0.8876316497150849
0,0.9423537356556291,0.011690955891488388,0.04595530845288254
2,0.3100709269827856,0.14746656658013568,0.5424625064370785
0,0.8419181652481922,0.012655945472237976,0.14542588927956998
0,0.4450156261703348,0.05630393787403021,0.49868043595563505
2,0.8651581586845151,0.019937878373321026,0.11490396294216405
0,0.518529734722721,0.10462614311594629,0.3768441221613325
2,0.5363022242657217,0.06738855706587568,0.39630921866840263
0,0.9476235978961064,0.010538907720754742,0.04183749438313892
2,0.9513752185978815,0.010670893170516746,0.037953888231601854
0,0.8260303515208444,0.03053623581995605,0.14343341265919962
0,0.9500985694670298,0.00983159829842607,0.040069832234544286
0,0.407283101613095,0.0826052964204099,0.5101116019664951
0,0.9456480059514027,0.011979156281962647,0.04237283776663472
2,0.07067840320303541,0.07766886261692331,0.8516527341800414
0,0.7444579199453231,0.032947969900892014,0.2225941101537846
0,0.7521178350655834,0.016216055331363114,0.23166610960305353
2,0.04506744935516695,0.013651861970553975,0.941280688674279
0,0.9478656426721761,0.01036404628695925,0.041770311040864955
0,0.9361327683501781,0.009407459210938711,0.05445977243888335
0,0.8744039737328774,0.030404362281914215,0.09519166398520848
2,0.04640257510930409,0.042010440424454676,0.9115869844662413
2,0.005807966877013076,0.00822114019442223,0.9859708929285647
2,0.2339085432093872,0.04338724818432269,0.7227042086062903
2,0.17301942499699183,0.0324869146246986,0.7944936603783096
2,0.5328178984181375,0.018983032568653815,0.4481990690132085
2,0.5583836133320472,0.07496399225455251,0.3666523944134005
0,0.8945664163296958,0.014822200626715536,0.09061138304358861
0,0.9281954932250281,0.011878971037409876,0.05992553573756197
0,0.9476235978961064,0.010538907720754742,0.04183749438313892
1,0.41392691467969284,0.10034791781313225,0.4857251675071748
1,0.76294819485649,0.01150454018216171,0.22554726496134847
0,0.9033485597847052,0.015672996862727464,0.08097844335256726
2,0.038561312176913214,0.041170861047815366,0.9202678267752714
2,0.6662188441734671,0.003078367247998345,0.3307027885785345
0,0.6826273060147247,0.08579706913976576,0.23157562484550953
0,0.9453736332547291,0.011513714695986312,0.04311265204928441
0,0.9267310826531284,0.012456262338420843,0.060812655008450726
2,0.10288119584320071,0.036470488270378375,0.8606483158864209
0,0.481064725574403,0.12260609612658999,0.39632917829900716
0,0.8946371832401997,0.016832148399088698,0.08853066836071194
0,0.9243704132891793,0.014294443406773555,0.061335143304047254
2,0.6766787007224563,0.029765343592704583,0.29355595568483894
0,0.9409204318724932,0.015224235972549167,0.04385533215495769
0,0.9463982311895575,0.011086525059278634,0.042515243751164306
0,0.6962650341982332,0.07958508397716568,0.2241498818246012
0,0.9364801937921646,0.011746130455314885,0.051773675752520586
0,0.8132582637856274,0.02824464140429651,0.15849709481007618
2,0.5562758393203132,0.0995125391223111,0.3442116215573755
0,0.9476235978961064,0.010538907720754742,0.04183749438313892
0,0.8980907338603082,0.024324672767194924,0.07758459337249712
0,0.9414163288832782,0.010369386422881183,0.04821428469384054
2,0.6726697429625669,0.03233509330657667,0.29499516373085644
0,0.392303614299166,0.05466749970088743,0.5530288859999465
0,0.7209932133435722,0.01912382297585376,0.25988296368057406
2,0.05530545982224446,0.008858829347718552,0.9358357108300371
0,0.7957001033240655,0.02205712059511528,0.18224277608081932
2,0.1261802481214134,0.08378023473855176,0.7900395171400351
2,0.6550467403530182,0.041018467650027514,0.3039347919969542
0,0.9406858177113774,0.011147307560733887,0.04816687472788898
0,0.8128122331197584,0.02594949000534736,0.16123827687489442
0,0.7674710229323045,0.021796574547142913,0.21073240252055228
2,0.38270540117388857,0.06837766160419337,0.5489169372219179
0,0.8766637537233053,0.028808825621081276,0.0945274206556138
2,0.8282747995234137,0.022296969240935237,0.1494282312356509
2,0.3342183092285673,0.035476947938733704,0.630304742832699
0,0.9476235978961064,0.010538907720754742,0.04183749438313892
0,0.8250479953319974,0.039247924238824144,0.13570408042917823
2,0.053174515681495275,0.13538591633388014,0.8114395679846247
0,0.7111723007362548,0.0351890388332895,0.25363866043045585
0,0.7211983068950676,0.017016766843580947,0.26178492626135136
0,0.6013181031602599,0.06360522865482467,0.3350766681849154
0,0.945607972896332,0.011071183816674265,0.04332084328699379
0,0.5886472235941463,0.01722145291109887,0.3941313234947546
2,0.032580049962484744,0.013606244516964919,0.9538137055205501
0,0.9371234266782771,0.01009875513263652,0.05277781818908635
0,0.714826575297268,0.05802481980209259,0.22714860490063915
1,0.4206350694150052,0.09856342507215486,0.4808015055128397
0,0.5646552789665357,0.027452421653417866,0.40789229938004645
2,0.2965219811549105,0.04412167386943294,0.6593563449756565
2,0.23241053825826852,0.07584697105170737,0.691742490690024
0,0.762460355864718,0.005946190986036076,0.23159345314924584
0,0.9458608655197737,0.011234059453791837,0.04290507502643436
2,0.025442084646084304,0.009602323326147999,0.9649555920277676
0,0.9346492169038612,0.010039224466977865,0.05531155862916118
2,0.026692332240066802,0.05368746465888205,0.919620203101051
0,0.9470996354210943,0.010628785574207553,0.04227157900469829
0,0.7814410756262127,0.08131976802191761,0.13723915635186965
0,0.7518965773375712,0.036238749224340186,0.21186467343808857
0,0.9484612531708774,0.010723988497712098,0.040814758331410766
2,0.2944011537431763,0.061258246487524655,0.6443405997692991
0,0.9464367543538843,0.009547194747382436,0.044016050898733304
0,0.8865610569216956,0.018153841162393408,0.09528510191591116
0,0.780683449385191,0.027897521827369667,0.19141902878743933
0,0.9107438135225326,0.012336219441266814,0.07691996703620084
2,0.5237972937169292,0.033528196046164666,0.44267451023690607
0,0.8155325267825023,0.049180546013313155,0.13528692720418461
0,0.31847074859530394,0.08951782322022106,0.5920114281844749
0,0.7291513419790161,0.04119269278759266,0.22965596523339138
0,0.8982255604958173,0.01780561672123963,0.08396882278294314
2,0.14531410735361358,0.06677752920541402,0.7879083634409726
2,0.17678141442604242,0.035688485534986276,0.7875301000389714
0,0.44807840938048843,0.030730429080850084,0.5211911615386616
0,0.8831164405172054,0.01842800162686943,0.09845555785592547
2,0.6842613768311615,0.06691479239112078,0.24882383077771766
0,0.8991239593924392,0.02092817062971376,0.07994786997784703
0,0.9437862685647983,0.010923419947553137,0.04529031148764884
0,0.9506438802129621,0.0109968738774534,0.038359245909584644
0,0.9490761069808759,0.011361527316442589,0.03956236570268193
0,0.9495199916091454,0.010637947305800147,0.03984206108505451
0,0.40153078073045356,0.03182728214406861,0.5666419371254776
2,0.024199856696329757,0.03332319076512401,0.9424769525385462
0,0.7960188399632566,0.018066517124745097,0.1859146429119986
0,0.8022873361907277,0.028943843382351352,0.16876882042692098
2,0.4226220356061723,0.0648182485360748,0.512559715857753
2,0.3863209552361362,0.052418227301727224,0.5612608174621366
2,0.47460602961035425,0.07857511887179919,0.44681885151784656
0,0.38235128978186655,0.06428485634930178,0.5533638538688317
0,0.8229697113494903,0.033220058230928,0.14381023041958169
0,0.9477487900847593,0.010489039132762213,0.04176217078247849
0,0.5106756111542915,0.12330390013815044,0.36602048870755804
2,0.6348086445349412,0.03020999611890706,0.33498135934615175
0,0.9392469472119558,0.01056322037812985,0.05018983240991436
2,0.030153189119891347,0.06387226739243265,0.9059745434876756
0,0.883831690334358,0.01823876056668953,0.09792954909895266
0,0.9222007584013596,0.015151035104572268,0.0626482064940681
0,0.3122029077892836,0.08154616070354229,0.6062509315071742
0,0.7759255821239219,0.014694735604092783,0.20937968227198483
2,0.6963244105300201,0.021095515804044777,0.2825800736659352
0,0.7849096034628125,0.056836549327667275,0.15825384720952032
0,0.9219903804861447,0.012739773396919896,0.06526984611693555
0,0.600650506886846,0.06777168491955343,0.3315778081936005
2,0.9556048441043914,0.009868282079174525,0.03452687381643428
0,0.8249460589367861,0.0127763242184653,0.1622776168447488
0,0.4352102307207922,0.08585015610904065,0.47893961317016703
1,0.0997030631416055,0.28310585490839385,0.6171910819500008
0,0.8763119178108545,0.020073120487275713,0.10361496170186958
0,0.9433210594538465,0.010701226884859482,0.04597771366129419
0,0.8996736287760893,0.010467586561626952,0.08985878466228372
0,0.8851105785398873,0.01670256880274277,0.09818685265737011
0,0.943457199282711,0.011583011095773537,0.044959789621515575
0,0.9463432893447633,0.01093935363259387,0.042717357022642725
2,0.20041315478587188,0.027478571771367092,0.772108273442761
2,0.4118451215802039,0.1188260205246661,0.46932885789512996
0,0.9342781178325332,0.01542566902255826,0.0502962131449085
2,0.42547107058513783,0.07874968054180574,0.4957792488730566
2,0.3503041345755014,0.11443256629949879,0.5352632991249999
0,0.8711889907908689,0.00993829555917211,0.11887271364995905
0,0.9271436262045348,0.015142317838906886,0.05771405595655862
2,0.3832625278045826,0.042654212769231724,0.5740832594261855
0,0.7296921623836252,0.035203276665859255,0.23510456095051516
2,0.1372013947516833,0.04944031722414826,0.8133582880241684
0,0.5773005331783986,0.09784972552028673,0.3248497413013147
2,0.032423433788599104,0.02423443646663036,0.9433421297447706
2,0.007630739581429935,0.004039582509883837,0.9883296779086861
2,0.014475010443553609,0.025650518009825374,0.959874471546621
2,0.007735722658272656,0.008851391241255975,0.9834128861004714
0,0.9487627170058298,0.010558196207663871,0.040679086786506405
0,0.8763038984341982,0.00950477034142602,0.11419133122437586
1,0.458206594330699,0.06519219112922565,0.4766012145400753
2,0.02765901306098018,0.05525741771809374,0.917083569220926
0,0.9338773311036722,0.01338317654822501,0.052739492348103004
2,0.456956395497716,0.05576850087553855,0.4872751036267456
0,0.24043996470354012,0.03605018694072319,0.7235098483557366
0,0.7783530341200732,0.020684476548247073,0.20096248933167987
0,0.8563412351605636,0.024157777026060014,0.11950098781337656
0,0.9528702085793875,0.010172313898787085,0.036957477521825516
0,0.9370817638633386,0.012638792451855518,0.05027944368480588
0,0.4830841887975696,0.027232542871580587,0.48968326833084974
2,0.106295093382665,0.05704598323987764,0.8366589233774574
0,0.9460963490135182,0.0106348154444299,0.04326883554205184
2,0.8798321278357545,0.010877039779542486,0.10929083238470319
2,0.022217866240376145,0.02461581250077979,0.953166321258844
0,0.9483795890610736,0.010742676687397203,0.04087773425152942
0,0.9422322650000049,0.009328782944389952,0.04843895205560512
0,0.9470466727610876,0.010468428228969564,0.04248489900994325
0,0.947573221732005,0.01109443693235931,0.04133234133563556
0,0.8854843066440958,0.018354660007490305,0.09616103334841389
0,0.9372841282049867,0.012985793728048613,0.04973007806696481
0,0.9012124260352402,0.027282635082935994,0.07150493888182387
0,0.9513752185978815,0.010670893170516746,0.037953888231601854
2,0.12504486425210004,0.08273751666445966,0.7922176190834405
0,0.8225201960607593,0.007861968375502855,0.1696178355637379
2,0.1406567406841782,0.02581065941804872,0.833532599897773
0,0.8643762438694246,0.017931371431626496,0.11769238469894913
2,0.2816359941579894,0.05044987702310843,0.6679141288189021
0,0.9379564151606439,0.012816293703099477,0.049227291136256894
2,0.06385484058828983,0.012576561109038374,0.9235685983026722
2,0.43570671665162963,0.08206841946467042,0.4822248638837002
0,0.9196885715055294,0.009804638436440399,0.07050679005803025
2,0.24702269530127002,0.07051620110457592,0.682461103594154
0,0.9460963490135182,0.0106348154444299,0.04326883554205184
0,0.9020411704112621,0.014123305858396086,0.08383552373034192
0,0.8772593778952668,0.012360253458267703,0.11038036864646553
2,0.6608200632683002,0.08897887553848202,0.25020106119321767
0,0.9401779050563416,0.011504006716035632,0.04831808822762322
0,0.40098529893926194,0.05954260269422351,0.5394720983665144
2,0.1915839590628294,0.06470634620877833,0.7437096947283924
2,0.04776784497590397,0.07876258444307506,0.8734695705810207
2,0.06106022417475683,0.01892681919919649,0.9200129566260468
2,0.03385638315473616,0.05537311750466974,0.910770499340594
2,0.006130504555505994,0.022297375385481193,0.9715721200590127
0,0.8319147581429653,0.02119256621717968,0.14689267563985506
2,0.015800118024168867,0.03315506884756832,0.9510448131282628
2,0.44675940554447596,0.077962337221351,0.47527825723417294
2,0.00273701253703949,0.005156164361817339,0.992106823101143
2,0.07248215152148006,0.021718306293081465,0.9057995421854383
0,0.8359819288546583,0.033555019212515066,0.13046305193282673
2,0.8314076779730353,0.016295116677567115,0.15229720534939795
0,0.8840552921892109,0.03403221101811807,0.0819124967926713
0,0.9475296678334281,0.011554881320034096,0.040915450846538075
0,0.8378973102825445,0.014218415115974496,0.1478842746014806
0,0.6406108953333537,0.04903671857596649,0.3103523860906799
0,0.5554000314568284,0.03571056535941855,0.40888940318375316
0,0.9513752185978815,0.010670893170516746,0.037953888231601854
2,0.07453170256702919,0.09662453115378616,0.828843766279185
2,0.308899714391764,0.08281377054045376,0.6082865150677824
2,0.6853314238267307,0.010580112246878794,0.30408846392639055
2,0.1385742374232392,0.0713106584392285,0.790115104137532
2,0.007362634677010332,0.006767025364817797,0.9858703399581721
0,0.9469103799909082,0.010414017568200278,0.04267560244089153
2,0.20277776659104146,0.05392018562467734,0.743302047784281
2,0.009021037240403516,0.021112934620810184,0.9698660281387862
0,0.9480522519901885,0.010993699474952297,0.040954048534859115
0,0.8774421785241938,0.02002692670614819,0.10253089476965808
0,0.8509865797810866,0.021949814118135506,0.12706360610077777
2,0.01501479303735932,0.016948090026300072,0.9680371169363406
2,0.12517732796566836,0.021332094314757615,0.8534905777195738
1,0.8635813555643735,0.024666699157859746,0.11175194527776648
0,0.12125707307881874,0.025716060882000808,0.8530268660391804
0,0.8468875598923614,0.009728648925703715,0.1433837911819347
2,0.6241702546453851,0.035027744688446015,0.3408020006661688
0,0.942824343314405,0.011586254431933979,0.04558940225366125
0,0.42327836333637,0.10155684717002383,0.47516478949360613
0,0.9410062479159945,0.01019411232177816,0.04879963976222745
0,0.5482438415347235,0.10066986110040085,0.35108629736487573
2,0.029152227981564346,0.023963105193852897,0.9468846668245826
2,0.004797587015565002,0.012930865808683436,0.9822715471757516
2,0.031967402622865536,0.024965526527572317,0.943067070849562
2,0.8718202561281473,0.007381941853920629,0.1207978020179323
0,0.6156511486678198,0.04208065051309022,0.34226820081909004
0,0.2875649603370606,0.18598623759927388,0.5264488020636658
2,0.5737906851647012,0.034985333314443694,0.391223981520855
0,0.8631613588855419,0.025700232429886796,0.11113840868457116
2,0.752621569745767,0.017159167283848562,0.2302192629703842
0,0.9504292788272833,0.010727146239816793,0.038843574932899985
0,0.6881849116324795,0.023058589686010586,0.28875649868150943
2,0.5313882998835453,0.052902391484970744,0.4157093086314841
2,0.6212423861473506,0.021565744713899875,0.35719186913874956
0,0.9421051180352117,0.012589521125962122,0.04530536083882638
0,0.6093002485573122,0.024502132611673895,0.36619761883101387
2,0.24617061828631034,0.04001551634625517,0.7138138653674345
1,0.3243197296233922,0.0737166747161711,0.6019635956604366
0,0.7560796716847032,0.022510638967229348,0.22140968934806748
2,0.006910836765966337,0.006741182669870982,0.9863479805641627
0,0.881782948444484,0.009576525409434992,0.10864052614608077
0,0.1740284595387841,0.057022254620848124,0.7689492858403677
0,0.9446261432663672,0.0112057287809092,0.044168127952723686
2,0.290291679557082,0.14055720584647208,0.5691511145964459
1,0.5002130755617697,0.13739793997223523,0.36238898446599466
0,0.9488694648817343,0.010515144045629107,0.040615391072636675
2,0.2445043195202965,0.04382533268269001,0.7116703477970134
0,0.8921560725094217,0.008243119051183311,0.0996008084393949
0,0.9028184838286092,0.023000644731059543,0.0741808714403314
0,0.6629472366324418,0.019110226174598267,0.3179425371929598
1,0.6273319714286407,0.1389599447605545,0.2337080838108048
2,0.008051056211464763,0.013493642806774515,0.9784553009817607
2,0.24878129200183474,0.09045819766070447,0.6607605103374609
2,0.29088053975042033,0.07300548370931069,0.6361139765402688
2,0.10878058788559589,0.0349507923676347,0.8562686197467694
2,0.06788378272784137,0.05600808566648025,0.8761081316056785
0,0.9441796896690882,0.010136889992177309,0.045683420338734786
2,0.5588494980294111,0.021047591780628202,0.4201029101899606
0,0.5342873278689906,0.042601873037660665,0.42311079909334887
1,0.4693911196001505,0.12581402902204875,0.4047948513778007
2,0.055148282884053386,0.03283600924876809,0.9120157078671783
0,0.8770942097075803,0.027417941098097254,0.09548784919432249
2,0.1384130575307046,0.1337324236221295,0.7278545188471659
0,0.9165423085353264,0.018213715633863797,0.06524397583080989
0,0.6276318249008789,0.08161813436951972,0.2907500407296016
0,0.9370817638633386,0.012638792451855518,0.05027944368480588
2,0.056994519600468835,0.09575681133054151,0.8472486690689895
0,0.9513752185978815,0.010670893170516746,0.037953888231601854
2,0.3624246034231077,0.055129036620655984,0.5824463599562361
0,0.9407096598427208,0.0097577114284625,0.04953262872881672
0,0.8754714053676756,0.025010606588594116,0.09951798804373033
2,0.12405714698972883,0.10008799846384815,0.7758548545464229
2,0.11573448396712031,0.04602051702600425,0.8382449990068754
0,0.8013042937316398,0.055170356814491874,0.14352534945386838
0,0.9326092783601989,0.016850661844915082,0.0505400597948862
0,0.9481645483149246,0.010380569988093365,0.04145488169698233
0,0.878081021353954,0.00907584475624148,0.11284313388980456
2,0.9165423085353264,0.018213715633863797,0.06524397583080989
0,0.9449352583966097,0.014494664938604945,0.04057007666478531
0,0.5144310810527097,0.11714793130554792,0.3684209876417425
0,0.512329050354989,0.13527663795044848,0.3523943116945624
0,0.7637626411204014,0.021898009001591025,0.2143393498780076
1,0.5292430938665278,0.08733503994392457,0.3834218661895476
0,0.9502180188281257,0.011204563093550637,0.03857741807832397
0,0.3758212736321709,0.08423835445102142,0.5399403719168079
0,0.18441651480377755,0.03550469399440066,0.7800787912018218
0,0.89692047729229,0.011783227174931606,0.09129629553277868
0,0.19411200125289663,0.06139656518240687,0.7444914335646966
0,0.9149597810768586,0.019059221076398836,0.06598099784674237
2,0.44968644362656446,0.04672122517875764,0.5035923311946778
2,0.15967157030457818,0.05207994163619503,0.7882484880592266
2,0.9023705874923846,0.015502452878003213,0.08212695962961208
2,0.09558246972159033,0.05912743750560794,0.8452900927728018
2,0.8851071613819995,0.026792326897032398,0.08810051172096835
0,0.9491323855131474,0.010255311964946614,0.04061230252190605
2,0.5619534552417921,0.05304198604245071,0.3850045587157572
0,0.6306234182802044,0.08513423315185527,0.2842423485679405
0,0.9444116787616789,0.010840322761660278,0.04474799847666097
0,0.9425497402165348,0.011253649152952992,0.04619661063051213
0,0.9411783043297263,0.012849291170567632,0.04597240449970605
2,0.02465517048332845,0.028500954431839455,0.9468438750848324
2,0.824373814718313,0.03736244562148527,0.13826373966020175
0,0.9556048441043914,0.009868282079174525,0.03452687381643428
1,0.6948374686729644,0.07836278907530764,0.22679974225172822
0,0.9425051229302291,0.010398506580778783,0.04709637048899205
0,0.6740215825180477,0.03497495713618777,0.2910034603457645
0,0.9460799646303782,0.010857429012501366,0.04306260635712059
2,0.1626013520446185,0.019430016432577097,0.8179686315228042
0,0.9338773311036722,0.01338317654822501,0.052739492348103004
2,0.28653382514340764,0.037892649069315505,0.6755735257872766
2,0.7587438710082984,0.010551227648150432,0.23070490134355107
2,0.06512404216758796,0.06550141679194361,0.8693745410404683
0,0.19544983063322258,0.04741471161437371,0.7571354577524034
2,0.011459598478332167,0.017627244394562137,0.9709131571271057
2,0.5959977571194505,0.11617337278224513,0.28782887009830443
0,0.9059493889852221,0.017509318721257952,0.07654129229351977
0,0.4182102213759616,0.06937969215890145,0.5124100864651369
0,0.9028968753052234,0.018048543502462433,0.07905458119231422
0,0.19582869659586824,0.02031416170566809,0.7838571416984638
0,0.9344114801474525,0.011937426973015232,0.0536510928795323
0,0.3774049712498923,0.02833750064026762,0.5942575281098399
1,0.15321853470480054,0.07853243986578323,0.7682490254294162
0,0.639178394288844,0.013669011791003955,0.347152593920152
0,0.8401949814059076,0.021574158248743727,0.13823086034534884
2,0.1759571290950186,0.05814666802985398,0.7658962028751275
0,0.3541210646871335,0.07045121899965022,0.5754277163132161
0,0.8730748446600463,0.004748570391313116,0.1221765849486407
0,0.9513752185978815,0.010670893170516746,0.037953888231601854
2,0.9478656426721761,0.01036404628695925,0.041770311040864955
0,0.9513752185978815,0.010670893170516746,0.037953888231601854
2,0.20313878636624771,0.06516472083178572,0.7316964928019667
2,0.705421582177506,0.08059135265666094,0.21398706516583318
2,0.06634604450682363,0.2251230759628413,0.7085308795303351
2,0.018161715486561102,0.08387461314163619,0.8979636713718024
0,0.7922112361231437,0.014224715818417734,0.19356404805843838
0,0.7592821575853291,0.017312662436321683,0.22340517997834944
2,0.0011016255520024366,0.0018844221105527637,0.9970139523374448
2,0.3817179444881318,0.07852279487023593,0.5397592606416323
0,0.8671113155238945,0.020614074558389425,0.11227460991771607
0,0.9494973503972958,0.011091590654388743,0.03941105894831568
0,0.6370918887784287,0.04143827590892996,0.3214698353126414
0,0.43523608796418123,0.07530908325936028,0.4894548287764585
0,0.2566776271000386,0.15868093410246306,0.5846414387974983
0,0.8135684534146936,0.029591919581601542,0.1568396270037048
0,0.9476235978961064,0.010538907720754742,0.04183749438313892
0,0.775957491047026,0.014310317763994319,0.20973219118897962
1,0.537222688565022,0.13539189253462197,0.3273854189003562
0,0.23197011515708657,0.11435417101899896,0.6536757138239141
0,0.9057231520178453,0.018515815276479723,0.07576103270567516
0,0.7867958472379166,0.0577160509356931,0.15548810182639036
2,0.004098872711887847,0.00729748329552635,0.9886036439925853
2,0.7138014597716568,0.04919184139004926,0.23700669883829395
0,0.40373831587383197,0.07849840897073086,0.5177632751554372
0,0.9449309770247322,0.010495653226390973,0.04457336974887703
2,0.08071700218101777,0.05364885288204882,0.8656341449369335
0,0.944633593258991,0.011507584971061375,0.043858821769947716
2,0.0031353371572325267,0.003360458929878199,0.9935042039128892
0,0.947160926717385,0.010812639618686112,0.04202643366392868
2,0.8935771077937722,0.016273831457668683,0.09014906074855945
0,0.6069545048889328,0.0936183978633494,0.29942709724771754
0,0.4625109201775264,0.04866860579334472,0.4888204740291287
2,0.006573216037207039,0.004970305561230601,0.9884564784015624
0,0.9470466727610876,0.010468428228969564,0.04248489900994325
0,0.9316664563099344,0.009179192224697671,0.05915435146536778
0,0.86293786244653,0.02791369707695985,0.10914844047651005
2,0.016057576980662715,0.019424760278808142,0.9645176627405292
