target,prediction_0,prediction_1,prediction_2
2,0.12994010369132228,0.048945349673474185,0.8211145466352036
0,0.9827540612959356,0.013349455273105838,0.0038964834309586477
0,0.893554003944703,0.02548968303019984,0.08095631302509719
2,0.11723719363097966,0.04923948688579778,0.8335233194832226
0,0.8906997725665754,0.04753801223512151,0.061762215198302974
0,0.8374416109152091,0.022993554041518642,0.1395648350432723
0,0.8598656383053804,0.030335180762517948,0.10979918093210164
2,0.05167113352890394,0.03992606443672119,0.9084028020343748
0,0.9990048044094545,0.00045323049657169744,0.0005419650939739304
1,0.32313109012686103,0.06915429575127116,0.6077146141218678
2,0.07013135894461478,0.043886917498792824,0.8859817235565924
0,0.937039579289062,0.033988296986072156,0.028972123724865798
0,0.9486131726514111,0.02167190701962065,0.02971492032896811
0,0.9811828527507906,0.014306040546983381,0.004511106702225922
0,0.9692038182574111,0.006791408306239563,0.0240047734363494
2,0.35485377786076894,0.0526033050243895,0.5925429171148416
0,0.7894302709293891,0.03413591457885178,0.17643381449175896
2,0.7542425499085208,0.024961941409993436,0.22079550868148587
0,0.8118319567933132,0.025441846377285096,0.16272619682940173
2,0.15599142088669166,0.06438847294213863,0.7796201061711697
0,0.9327078738546485,0.025807121339150533,0.04148500480620104
1,0.41627920685082853,0.04933986138747373,0.5343809317616977
2,0.1283769085694332,0.05054309661692941,0.8210799948136374
0,0.9630995513855001,0.010043520453302025,0.026856928161197936
0,0.5744879660658517,0.04640377306306864,0.37910826087107957
0,0.9312682081208985,0.026156993094638318,0.04257479878446321
0,0.9407586841444111,0.011088329162597034,0.04815298669299195
0,0.9763363254697408,0.003997446813678361,0.019666227716580827
0,0.3931566729172133,0.07059595029457802,0.5362473767882088
0,0.9691661445712104,0.020816537848292193,0.010017317580497374
2,0.1283769085694332,0.05054309661692941,0.8210799948136374
2,0.3322013172272107,0.058355009905542876,0.6094436728672464
0,0.3554127304779146,0.06011038543262476,0.5844768840894606
2,0.5129064142872494,0.039807424841111494,0.447286160871639
0,0.7002706540949581,0.04700416528892014,0.25272518061612165
2,0.06496018517441676,0.04153215119894019,0.893507663626643
2,0.6682903936693299,0.04548782838806923,0.2862217779426009
0,0.9430020196324025,0.0231918261804042,0.03380615418719314
0,0.5625364099477129,0.03724373484169276,0.40021985521059433
0,0.3060853948228648,0.05158948490309674,0.6423251202740384
0,0.7921988479263211,0.030145376321429482,0.17765577575224945
2,0.3690571366544912,0.054372250064569104,0.5765706132809397
0,0.7557117464588177,0.0421403644386613,0.20214788910252102
0,0.9563887457042397,0.014026224655495974,0.0295850296402642
0,0.9710800193645189,0.0070452889285209505,0.02187469170696022
0,0.9551638887706294,0.009010263947865709,0.03582584728150499
0,0.7889142724793226,0.038799997256179795,0.17228573026449756
2,0.8241861289946238,0.019441541287035475,0.15637232971834064
0,0.814442080775493,0.04691502392086454,0.13864289530364257
2,0.3918569789790277,0.051843969432486335,0.5562990515884859
0,0.9481691546980563,0.01134781645472431,0.04048302884721945
0,0.9903399116702952,0.0027889374173516585,0.006871150912353129
2,0.06496018517441676,0.04153215119894019,0.893507663626643
2,0.4042456501214204,0.059066036082687665,0.536688313795892
2,0.12994010369132228,0.048945349673474185,0.8211145466352036
0,0.8061589010834527,0.03234717178984262,0.16149392712670482
0,0.8318389789236486,0.01879593269462261,0.1493650883817287
0,0.7239789333054839,0.03470007687560218,0.2413209898189139
0,0.936745756455442,0.011639592848891938,0.051614650695666224
0,0.916872141429719,0.019131998090738813,0.06399586047954216
1,0.9136707586792109,0.041381904260273224,0.044947337060515874
2,0.7342755645093682,0.03531725638280086,0.230407179107831
0,0.8783382936080617,0.03706599045667287,0.08459571593526538
2,0.17378580585997797,0.054319427753906996,0.7718947663861151
2,0.11862794552643269,0.05201973451104208,0.8293523199625252
2,0.07013135894461478,0.043886917498792824,0.8859817235565924
1,0.9334036926631643,0.00914216040193801,0.05745414693489787
2,0.30906534542568453,0.060558080420714214,0.6303765741536013
2,0.05167113352890394,0.03992606443672119,0.9084028020343748
0,0.9739499212391888,0.005981861544202586,0.020068217216608678
0,0.9804800368538777,0.00792754102843522,0.011592422117687178
0,0.726043674480434,0.03268334911336229,0.24127297640620363
0,0.9353390672586667,0.01835375604671057,0.04630717669462269
0,0.982399130305803,0.013568129629709335,0.004032740064487743
2,0.1283769085694332,0.05054309661692941,0.8210799948136374
2,0.1024792609988439,0.05217443893014829,0.8453463000710079
0,0.9667527060049091,0.009298173696669161,0.023949120298421705
0,0.8102379077120208,0.02558938560883199,0.1641727066791471
0,0.930719035971701,0.01588949863313058,0.05339146539516839
0,0.6506821887919081,0.050683634397613454,0.29863417681047844
0,0.8371975633216326,0.04371792775442943,0.11908450892393789
2,0.9457898169757352,0.007765477330060291,0.04644470569420447
1,0.7965519039696227,0.06579204895924881,0.13765604707112844
0,0.9302062855252741,0.026412760394305537,0.04338095408042044
0,0.823269419250707,0.025938162236632128,0.15079241851266095
2,0.5295910811579476,0.05728792197538435,0.4131209968666679
0,0.9899220322092466,0.006717017697103232,0.0033609500936503433
2,0.25508099369725573,0.07727708973183996,0.6676419165709043
0,0.9946287028341592,0.0017609916602937883,0.0036103055055470884
0,0.8902104862264343,0.01948161270525008,0.09030790106831577
0,0.8019852029401466,0.03738627678957096,0.1606285202702824
0,0.4353149029186981,0.050622051464089914,0.514063045617212
0,0.9239780363706297,0.016980930067970457,0.0590410335613998
0,0.9788204209721786,0.0055739582410108445,0.015605620786810796
0,0.98093652570675,0.006706539802064279,0.012356934491185717
0,0.9123225786510725,0.041770049689217104,0.045907371659710434
0,0.9759563975710095,0.004049106658743466,0.019994495770247093
2,0.05167113352890394,0.03992606443672119,0.9084028020343748
0,0.9909033546540534,0.002661436795283015,0.006435208550663404
0,0.6216899225699782,0.08324362730536407,0.29506645012465765
2,0.06496018517441676,0.04153215119894019,0.893507663626643
2,0.09634055207755124,0.048143431606446366,0.8555160163160024
2,0.17378580585997797,0.054319427753906996,0.7718947663861151
2,0.1024792609988439,0.05217443893014829,0.8453463000710079
0,0.9894697281488699,0.0020741803131569267,0.008456091537973168
0,0.9757321520089158,0.00800600868504484,0.01626183930603954
0,0.9226906290715241,0.01517370356006526,0.06213566736841078
2,0.7174518389768241,0.03520868008872742,0.24733948093444852
0,0.49948911922571165,0.040456230474436375,0.46005465029985193
2,0.07013135894461478,0.043886917498792824,0.8859817235565924
0,0.9878236460928576,0.002334297615332676,0.009842056291809785
2,0.6091307339948394,0.08393029803745819,0.3069389679677023
0,0.7968244029395499,0.029701093755339414,0.17347450330511058
2,0.17378580585997797,0.054319427753906996,0.7718947663861151
0,0.9437357959334978,0.012050255952033035,0.04421394811446921
0,0.7951616217129949,0.04939965242687402,0.155438725860131
0,0.9787057704495504,0.006427132534371796,0.014867097016077819
0,0.95859880872555,0.008487886372653011,0.03291330490179699
0,0.9591060969580862,0.009118195274411784,0.03177570776750182
2,0.06496018517441676,0.04153215119894019,0.893507663626643
0,0.839965661929366,0.02274390449811339,0.1372904335725207
0,0.9787275798590173,0.01574507948174179,0.005527340659241061
0,0.8221975037895575,0.03055834901193514,0.14724414719850748
0,0.9802156619246248,0.005294002122540602,0.014490335952834561
0,0.7515403443137229,0.03792227220268619,0.21053738348359094
0,0.06991294115238239,0.042775191080281404,0.8873118677673363
0,0.9447875160266185,0.011373385640249789,0.043839098333131876
0,0.8156349886526586,0.06277243893726463,0.12159257241007664
2,0.17378580585997797,0.054319427753906996,0.7718947663861151
0,0.9803616830026329,0.01479461146600522,0.004843705531362006
2,0.12994010369132228,0.048945349673474185,0.8211145466352036
0,0.7662261403414222,0.03255112255814413,0.2012227371004337
2,0.1024792609988439,0.05217443893014829,0.8453463000710079
0,0.7844817432810024,0.039266256756136604,0.17625199996286098
2,0.8461208809218448,0.028793643003103133,0.1250854760750522
2,0.3517723334309822,0.060949301349355146,0.5872783652196627
0,0.790006638281486,0.03035421549877736,0.1796391462197367
0,0.9619339733950956,0.012760907786559434,0.02530511881834493
0,0.9784975352038106,0.008503465385163857,0.012998999411025721
2,0.13555901756132333,0.04859939110818168,0.815841591330495
0,0.3890132451498386,0.053934681694133284,0.5570520731560281
0,0.36480743100898,0.04582197332248543,0.5893705956685347
0,0.8049303797612879,0.0334417596958392,0.16162786054287295
0,0.1283769085694332,0.05054309661692941,0.8210799948136374
0,0.8097978880872326,0.020631532444034192,0.1695705794687331
0,0.9474309379306745,0.013017050863341623,0.03955201120598392
2,0.06736244164230636,0.04422284392669871,0.888414714430995
0,0.9471017655114563,0.01250225301896093,0.040395981469582835
0,0.8979391773597574,0.0177179119196407,0.08434291072060214
2,0.3690283537258457,0.059875061443179806,0.5710965848309746
0,0.8455249630563236,0.032215648812827985,0.12225938813084847
2,0.11723719363097966,0.04923948688579778,0.8335233194832226
0,0.9750898007742009,0.008160013688869726,0.016750185536929328
0,0.9228230616794757,0.014507102629966767,0.06266983569055748
0,0.8400025585102664,0.05847554666634903,0.10152189482338463
0,0.8436825796107795,0.02803852782710447,0.12827889256211603
2,0.12994010369132228,0.048945349673474185,0.8211145466352036
2,0.07013135894461478,0.043886917498792824,0.8859817235565924
2,0.8237189184988641,0.030384707254322452,0.1458963742468134
0,0.9873488302163103,0.01036663391389356,0.00228453586979623
0,0.1024792609988439,0.05217443893014829,0.8453463000710079
0,0.9787975009973332,0.006643363614478571,0.014559135388188224
2,0.8608626481292049,0.02061398479990989,0.11852336707088525
2,0.7619062645936934,0.036921094009103705,0.20117264139720287
0,0.9050927250256128,0.020932360933147886,0.07397491404123924
2,0.17378580585997797,0.054319427753906996,0.7718947663861151
0,0.9774408015679117,0.01647427489952953,0.006084923532558815
2,0.06591646184190995,0.04376961885098962,0.8903139193071004
2,0.669522696530592,0.036772460075142586,0.29370484339426545
0,0.9261857861867535,0.014048064568174983,0.059766149245071516
0,0.6292233735226378,0.04800399624145946,0.32277263023590275
1,0.2518807988024074,0.05172458358636599,0.6963946176112267
2,0.1283769085694332,0.05054309661692941,0.8210799948136374
0,0.826709707648674,0.03454300253514465,0.13874728981618137
2,0.09634055207755124,0.048143431606446366,0.8555160163160024
2,0.12994010369132228,0.048945349673474185,0.8211145466352036
0,0.9377689438765756,0.008664343468325161,0.053566712655099255
0,0.1024792609988439,0.05217443893014829,0.8453463000710079
2,0.17378580585997797,0.054319427753906996,0.7718947663861151
0,0.9744806543081772,0.005888983509657959,0.01963036218216477
0,0.2417971643699546,0.055457077807533214,0.7027457578225121
0,0.7154943388629746,0.07589132720142298,0.20861433393560236
2,0.1283769085694332,0.05054309661692941,0.8210799948136374
0,0.9432514656287903,0.016802894613519005,0.03994563975769071
2,0.2550396009745289,0.060293434756947546,0.6846669642685235
2,0.2734978052322944,0.05321577693414513,0.6732864178335606
1,0.4639760865694913,0.042079213250293006,0.49394470018021575
0,0.3847937002949083,0.07051033171270958,0.5446959679923822
2,0.1040432311077633,0.04641208277170588,0.8495446861205309
2,0.3726665036466107,0.052271651832995786,0.5750618445203936
0,0.5165974032607138,0.03962559080902112,0.443777005930265
0,0.9574971812554424,0.010677762546064912,0.031825056198492775
0,0.7629687416161822,0.037637727391330464,0.19939353099248738
2,0.29458633788375604,0.04763851838678753,0.6577751437294564
2,0.17378580585997797,0.054319427753906996,0.7718947663861151
0,0.8421401627915409,0.03264559223305501,0.1252142449754041
0,0.8439998986753978,0.026483718345381282,0.1295163829792209
0,0.9677957918077272,0.021485429289060515,0.010718778903212278
2,0.871243760892543,0.02086515926867951,0.10789107983877752
0,0.9926376126822964,0.00650522221061642,0.0008571651070869995
0,0.9697524954584713,0.009394442075757448,0.020853062465771413
0,0.9731377497642136,0.007634191316594707,0.019228058919191496
2,0.8503310453699574,0.027227748902132413,0.12244120572791005
0,0.9601452703147967,0.018289906697426733,0.021564822987776615
0,0.8961517055956185,0.017937382013002042,0.08591091239137931
0,0.27608854523271786,0.059963579894817494,0.6639478748724645
0,0.9959983093218552,0.0013950453180020916,0.0026066453601427714
2,0.20591404889191592,0.057200819623500265,0.7368851314845839
0,0.9321590582980248,0.013215459727161845,0.054625481974813254
2,0.12994010369132228,0.048945349673474185,0.8211145466352036
0,0.8557839076095688,0.021142375287715176,0.123073717102716
2,0.7680221417565847,0.03715813553571892,0.1948197227076966
2,0.11723719363097966,0.04923948688579778,0.8335233194832226
2,0.11723719363097966,0.04923948688579778,0.8335233194832226
0,0.7795004122243226,0.023042558057233323,0.197457029718444
0,0.9655390891686569,0.009166436337007613,0.02529447449433544
0,0.9596720130095526,0.01072283423523993,0.029605152755207396
0,0.8500514889218114,0.017221745937093195,0.1327267651410955
2,0.9896345402404526,0.0038488409956486383,0.00651661876389854
0,0.971070378664503,0.008385015801637702,0.020544605533859325
0,0.3319796407655075,0.060407599412819826,0.6076127598216727
0,0.8447220591329946,0.03231809911919254,0.12295984174781284
2,0.9242478803059964,0.017953333026213672,0.05779878666779007
2,0.1283769085694332,0.05054309661692941,0.8210799948136374
2,0.17378580585997797,0.054319427753906996,0.7718947663861151
0,0.9681069758885263,0.007923471330115955,0.023969552781357675
0,0.8332508800362898,0.02601906091482338,0.140730059048887
2,0.4432456183006454,0.05381484840485155,0.502939533294503
2,0.11723719363097966,0.04923948688579778,0.8335233194832226
2,0.07013135894461478,0.043886917498792824,0.8859817235565924
0,0.9590239131673773,0.009544662128051159,0.03143142470457144
2,0.1283769085694332,0.05054309661692941,0.8210799948136374
0,0.8289940919756279,0.04490573005761694,0.12610017796675502
0,0.8631449094204254,0.016054782656495643,0.12080030792307903
0,0.06496018517441676,0.04153215119894019,0.893507663626643
0,0.2962494311058645,0.05821524939804727,0.6455353194960882
2,0.530485666595537,0.06895763749606254,0.4005566959084005
2,0.6501706069158953,0.038060875221142904,0.3117685178629618
0,0.9674868135468139,0.008038086306548604,0.02447510014663759
2,0.11698837422741568,0.04692344750023268,0.8360881782723516
2,0.1283769085694332,0.05054309661692941,0.8210799948136374
0,0.8112141378300122,0.047344645270732434,0.14144121689925535
0,0.9916699218462653,0.003600285302976345,0.004729792850758391
0,0.9937867775742923,0.0013483153901673686,0.004864907035540089
0,0.8039098547493443,0.03717307695165895,0.15891706829899674
2,0.12994010369132228,0.048945349673474185,0.8211145466352036
0,0.06591646184190995,0.04376961885098962,0.8903139193071004
0,0.9308518103791895,0.012430590632249291,0.056717598988561296
2,0.09634055207755124,0.048143431606446366,0.8555160163160024
0,0.9786445691018243,0.0051413914109695105,0.016214039487206105
0,0.18392131389129562,0.054900015197206956,0.7611786709114975
2,0.09634055207755124,0.048143431606446366,0.8555160163160024
2,0.17378580585997797,0.054319427753906996,0.7718947663861151
1,0.123884122229581,0.0543435603840147,0.8217723173864042
0,0.9671304146584612,0.0052068714897163864,0.027662713851822403
0,0.9894396506047656,0.008902581872602993,0.0016577675226312932
2,0.2236181367673616,0.06383398514569409,0.7125478780869442
0,0.9765973609337686,0.005513321783668561,0.017889317282562853
0,0.9311646881084843,0.019141055830342552,0.049694256061173316
1,0.44259776073058454,0.05673268204825292,0.5006695572211625
0,0.853922245973019,0.041162271636345366,0.10491548239063565
2,0.5010232639398583,0.05549309162345789,0.44348364443668375
0,0.6016603582890221,0.053752099395217516,0.34458754231576044
0,0.9532090467010202,0.020369362486758996,0.026421590812220883
2,0.06496018517441676,0.04153215119894019,0.893507663626643
0,0.2792277055569378,0.04792307591945462,0.6728492185236077
0,0.47280715853808913,0.07032574815497088,0.45686709330694003
0,0.7144396673522414,0.03880371567061704,0.24675661697714152
2,0.6827511005954588,0.037788726717778345,0.2794601726867629
2,0.11723719363097966,0.04923948688579778,0.8335233194832226
0,0.8684244534239985,0.02211208125108793,0.10946346532491348
2,0.06591646184190995,0.04376961885098962,0.8903139193071004
0,0.9746994736853212,0.007586228491486361,0.017714297823192365
2,0.31990745672946996,0.0530585011531787,0.6270340421173514
0,0.8157065055192868,0.027834510677649936,0.15645898380306325
0,0.5449001432685526,0.05288287068860568,0.4022169860428418
2,0.8200490026808769,0.035331884257648945,0.14461911306147407
0,0.44670767923137333,0.0599289654825614,0.4933633552860653
2,0.17378580585997797,0.054319427753906996,0.7718947663861151
0,0.9669090541580491,0.008898493769263426,0.024192452072687547
2,0.9524183427471912,0.010196920101714652,0.037384737151094145
0,0.9725860617834167,0.008055156546081068,0.01935878167050221
0,0.9155666649982688,0.018297160190055096,0.06613617481167616
0,0.4851311852520842,0.052358049761899894,0.4625107649860159
0,0.96573177021701,0.016498042521423974,0.017770187261566005
2,0.17378580585997797,0.054319427753906996,0.7718947663861151
0,0.45985796872575624,0.05176188773147921,0.4883801435427647
0,0.7297978707315663,0.04451840219578893,0.22568372707264467
2,0.17378580585997797,0.054319427753906996,0.7718947663861151
0,0.9898003266416622,0.002909342979067841,0.007290330379269918
0,0.9240933441770796,0.02043125968608034,0.055475396136839925
0,0.8928282018862527,0.0183418892439768,0.08882990886977049
2,0.1283769085694332,0.05054309661692941,0.8210799948136374
2,0.11723719363097966,0.04923948688579778,0.8335233194832226
2,0.12994010369132228,0.048945349673474185,0.8211145466352036
2,0.1024792609988439,0.05217443893014829,0.8453463000710079
2,0.24343569321903966,0.05893486110857453,0.6976294456723857
2,0.17378580585997797,0.054319427753906996,0.7718947663861151
0,0.9549432068452701,0.011138237636983312,0.03391855551774653
0,0.9919218057314728,0.003085948164391097,0.004992246104136107
0,0.9583000185395821,0.010531204656366575,0.031168776804051262
1,0.324554706116424,0.046960633736181395,0.6284846601473947
1,0.8899890069634054,0.034934023160349305,0.07507696987624535
0,0.9288038891308474,0.016203108814908416,0.05499300205424422
2,0.06591646184190995,0.04376961885098962,0.8903139193071004
2,0.9524981661169171,0.010184323473880482,0.03731751040920237
0,0.688747872105946,0.04079960837145219,0.27045251952260174
0,0.9606124632521001,0.009269398714110482,0.030118138033789484
0,0.8798035857930816,0.027547007643132764,0.0926494065637856
2,0.05167113352890394,0.03992606443672119,0.9084028020343748
0,0.1633751679515443,0.054349523441786195,0.7822753086066696
0,0.8435196287319796,0.017792641961368698,0.1386877293066517
0,0.951721136064751,0.028528436362175846,0.01975042757307341
2,0.4393957407398592,0.05248419546100833,0.5081200637991324
0,0.9260900384666145,0.009926582503574838,0.06398337902981062
0,0.9436864427302272,0.023010278713382175,0.03330327855639056
0,0.7261116199291271,0.05688467567295281,0.21700370439792016
0,0.6745999366856323,0.048983707432920506,0.27641635588144714
0,0.8883234243466462,0.013717337643283693,0.09795923801006987
2,0.4775617609040991,0.08734472127172412,0.435093517824177
0,0.9800012339426857,0.006133550338700223,0.013865215718614082
0,0.9122427163598151,0.030474079517085036,0.05728320412309979
0,0.9671997036562555,0.005198062260045415,0.02760223408369921
2,0.6602420856794179,0.06231048034877772,0.2774474339718045
0,0.2376446743096434,0.06485930059012227,0.6974960251002343
0,0.6365773101134005,0.04446637379926672,0.3189563160873328
2,0.06591646184190995,0.04376961885098962,0.8903139193071004
0,0.8795275439382843,0.01991700329068027,0.10055545277103557
2,0.2508405572108574,0.05171944970213586,0.6974399930870068
2,0.7908117854216583,0.06664653567904669,0.1425416788992949
0,0.9243921401438941,0.02037778423548801,0.055230075620617894
0,0.9196495131983787,0.018693116595467008,0.06165737020615438
0,0.7910861270855214,0.038569145397041316,0.1703447275174373
2,0.1283769085694332,0.05054309661692941,0.8210799948136374
0,0.9573001306113773,0.01382255190357176,0.028877317485050895
2,0.908400551689326,0.011751066612880503,0.07984838169779343
2,0.600230039312445,0.04672900693604429,0.3530409537515108
0,0.9864358634024414,0.004582505495617028,0.00898163110194163
0,0.9894445516902427,0.002987875465198222,0.007567572844559112
2,0.06591646184190995,0.04376961885098962,0.8903139193071004
0,0.3434092724492977,0.06028008868733734,0.596310638863365
0,0.7873599309575263,0.06714900610182226,0.14549106294065137
0,0.7168112053952056,0.027667228636200095,0.2555215659685943
0,0.8884426196437748,0.013705951624623541,0.09785142873160173
0,0.8461519323322966,0.04237289715809871,0.1114751705096047
2,0.12994010369132228,0.048945349673474185,0.8211145466352036
0,0.9844245507964836,0.002850625980391944,0.012724823223124486
0,0.809927990785709,0.020620907181709155,0.16945110203258182
1,0.10141520123814016,0.05345511776942718,0.8451296809924327
0,0.43302667081171314,0.0582024706504536,0.5087708585378332
2,0.5433814672886955,0.08648045069895635,0.37013808201234805
2,0.4464124323190278,0.05662740368174195,0.4969601639992304
0,0.9695764263072237,0.015192548972311601,0.015231024720464737
0,0.9409036356998995,0.012489973588508316,0.04660639071159213
2,0.1024792609988439,0.05217443893014829,0.8453463000710079
0,0.9750293725862058,0.017798561713898983,0.007172065699895285
2,0.17378580585997797,0.054319427753906996,0.7718947663861151
0,0.9718161731194823,0.010324569699664487,0.017859257180853103
0,0.9506203197984183,0.012437093453241262,0.036942586748340535
0,0.7443904566208586,0.03124601721996059,0.22436352615918104
0,0.9609717101489678,0.012985120308543275,0.02604316954248899
2,0.8379868870338956,0.028721097555776877,0.13329201541032748
0,0.95337980200676,0.01141597974848222,0.03520421824475777
0,0.9047233871786158,0.01571391633984009,0.07956269648154402
0,0.8283199236618592,0.030873678777658713,0.14080639756048208
0,0.8897524948818382,0.0349785764342147,0.07526892868394719
2,0.7510861719688728,0.07194870239453206,0.176965125636595
0,0.9115180673124192,0.019962131411945323,0.06851980127563533
0,0.31334826080648354,0.06881477889763915,0.6178369602958773
0,0.77628930743207,0.03163648778775269,0.1920742047801774
0,0.9439514056519909,0.03151240341205631,0.02453619093595279
2,0.21055170664525763,0.05929269224599804,0.7301556011087443
2,0.44123583452431947,0.05387642253905046,0.5048877429366301
0,0.6356980581843698,0.051679943725677614,0.3126219980899527
0,0.7792059023700163,0.028357563609165283,0.19243653402081853
2,0.09094477686713545,0.04553706941976419,0.8635181537131004
0,0.8907260728497806,0.01859540702809227,0.09067852012212725
0,0.9745738618502882,0.013390076161235998,0.012036061988475791
0,0.9379156822064233,0.012390484735663935,0.04969383305791277
0,0.9657522334251998,0.016491260390152133,0.017756506184648302
0,0.9918589342586515,0.001681662008675648,0.006459403732673009
0,0.30099964132227747,0.05318828093638211,0.6458120777413405
2,0.06496018517441676,0.04153215119894019,0.893507663626643
0,0.7936949262746537,0.028765709974904942,0.17753936375044144
0,0.6221842450073479,0.04354273766949855,0.3342730173231535
2,0.39607955886706886,0.0607569162166402,0.5431635249162909
2,0.05183249448673989,0.0399553802675438,0.9082121252457164
2,0.15334767202969438,0.05033927895320796,0.7963130490170975
0,0.4345682211735241,0.052643684567837946,0.5127880942586379
0,0.7299422341136467,0.03238262066617519,0.23767514522017813
0,0.9765686112428272,0.007162035787829915,0.016269352969342864
0,0.12994010369132228,0.048945349673474185,0.8211145466352036
2,0.7600584896887818,0.03710141338880096,0.20284009692241708
0,0.912128303397998,0.01663347769505115,0.07123821890695073
2,0.15180174576009628,0.04800719923379311,0.8001910550061107
0,0.8522523599172496,0.021505625014670703,0.12624201506807975
0,0.996815993607742,0.0011628883033699897,0.0020211180888880342
0,0.10051817541652586,0.047617417509793224,0.8518644070736808
0,0.7807012360239018,0.05114105282205222,0.16815771115404587
2,0.624220669708452,0.04526197371357204,0.3305173565779759
0,0.630969053711457,0.042975405224956326,0.32605554106358675
0,0.9337847720518676,0.01636215968305518,0.04985306826507726
0,0.6699616337530563,0.036742592590165074,0.2932957736567785
2,0.9861858390182218,0.005279216648373091,0.008534944333405218
0,0.903595608356105,0.02115456780610538,0.0752498238377898
0,0.06591646184190995,0.04376961885098962,0.8903139193071004
1,0.05167113352890394,0.03992606443672119,0.9084028020343748
0,0.9206722989435158,0.015457599700726903,0.06387010135575737
0,0.9648581299509571,0.012066514191190385,0.023075355857852503
0,0.8840455384325757,0.021686720623737596,0.09426774094368674
0,0.7594433660353322,0.04178193119980271,0.19877470276486514
0,0.9722433667820048,0.01926589480643379,0.008490738411561272
0,0.9696099914817915,0.007643003408441564,0.022747005109767057
2,0.17378580585997797,0.054319427753906996,0.7718947663861151
2,0.6008374220838171,0.08434782462753346,0.3148147532886495
0,0.9439937490382093,0.010635814091779144,0.04537043687001161
2,0.652776212881331,0.037890616245604046,0.30933317087306483
2,0.06496018517441676,0.04153215119894019,0.893507663626643
0,0.9547278735924094,0.0067273026924451595,0.038544823715145414
0,0.9772184933190952,0.003876826536836722,0.01890468014406814
2,0.37524307437909893,0.05424533481739375,0.5705115908035072
0,0.9195919100509251,0.010608042717301341,0.06980004723177347
2,0.17378580585997797,0.054319427753906996,0.7718947663861151
0,0.0834291817671534,0.04500891452429447,0.8715619037085521
2,0.2749957975855392,0.05592734583226209,0.6690768565821988
2,0.1024792609988439,0.05217443893014829,0.8453463000710079
2,0.07013135894461478,0.043886917498792824,0.8859817235565924
2,0.05167113352890394,0.03992606443672119,0.9084028020343748
0,0.9459261349627703,0.016259574811123646,0.03781429022610601
0,0.9820006471650126,0.013811814427790536,0.0041875384071967834
1,0.5143824292151036,0.0870661753875731,0.3985513953973234
2,0.17378580585997797,0.054319427753906996,0.7718947663861151
0,0.9646513222087401,0.005519518822676957,0.029829158968583014
2,0.21669568764871647,0.059480100911937075,0.7238242114393465
0,0.17378580585997797,0.054319427753906996,0.7718947663861151
0,0.7905194029232874,0.06668942431940689,0.14279117275730568
0,0.9106084762749889,0.016838478822738534,0.07255304490227271
0,0.9647148024261283,0.010495961115976523,0.02478923645789499
0,0.8725420129613342,0.0231281095060297,0.10432987753263612
0,0.7989842942240556,0.021506337674030016,0.1795093681019143
2,0.05167113352890394,0.03992606443672119,0.9084028020343748
0,0.9582911530575297,0.025809907190445798,0.015898939752024565
2,0.9534907954686273,0.027815204250392005,0.018694000280980737
2,0.06496018517441676,0.04153215119894019,0.893507663626643
0,0.9643905408986757,0.01217892028017105,0.023430538821153243
0,0.9813912030511254,0.014180864293758349,0.004427932655116249
0,0.9010857171653022,0.016146393576040922,0.08276788925865687
0,0.977353718677149,0.006128940622303338,0.016517340700547736
0,0.8992059955466913,0.024608074619763755,0.07618592983354507
0,0.9952346863130854,0.001602133246018837,0.0031631804408958006
0,0.9676125473204882,0.009869183781314496,0.02251826889819729
0,0.9577809806718961,0.009335864639729269,0.03288315468837457
2,0.05288006524094485,0.04014360755467241,0.9069763272043828
0,0.9611386847800271,0.011246388867684374,0.027614926352288485
2,0.12994010369132228,0.048945349673474185,0.8211145466352036
0,0.8915122699606449,0.017259867010786724,0.09122786302856838
2,0.09634055207755124,0.048143431606446366,0.8555160163160024
0,0.9739524718048873,0.008429641165191933,0.017617887029920776
2,0.06496018517441676,0.04153215119894019,0.893507663626643
2,0.3619655232142081,0.06095157123665459,0.5770829055491372
0,0.9464774928268588,0.013188233628877903,0.04033427354426328
2,0.06496018517441676,0.04153215119894019,0.893507663626643
0,0.9743542220710607,0.018160060677566512,0.007485717251372851
0,0.987470343725404,0.01028354519395287,0.0022461110806431634
0,0.8140955077554908,0.02683736373564881,0.1590671285088604
2,0.17378580585997797,0.054319427753906996,0.7718947663861151
0,0.9859794291478496,0.003722124215547995,0.010298446636602367
0,0.26112893343740506,0.05769775647180829,0.6811733100907866
2,0.1024792609988439,0.05217443893014829,0.8453463000710079
2,0.07013135894461478,0.043886917498792824,0.8859817235565924
2,0.06591646184190995,0.04376961885098962,0.8903139193071004
2,0.1024792609988439,0.05217443893014829,0.8453463000710079
2,0.12994010369132228,0.048945349673474185,0.8211145466352036
0,0.8148867648997139,0.020214120330260273,0.16489911477002597
2,0.05167113352890394,0.03992606443672119,0.9084028020343748
2,0.257251740902345,0.0482482208997141,0.6945000381979409
2,0.12994010369132228,0.048945349673474185,0.8211145466352036
2,0.17378580585997797,0.054319427753906996,0.7718947663861151
0,0.8638958880034993,0.026595040892722296,0.10950907110377855
2,0.7699364577433576,0.030896314458957488,0.19916722779768492
0,0.9812017013494987,0.0066375716556952005,0.012160726994806031
0,0.932514344567451,0.025854365465193017,0.041631289967356155
0,0.9521232570393927,0.010705570467394085,0.03717117249321311
0,0.7835790915504741,0.0296874369434622,0.18673347150606373
0,0.8423129348068455,0.0240029465566458,0.13368411863650875
0,0.9552472905808203,0.009746519404554189,0.03500619001462557
2,0.17378580585997797,0.054319427753906996,0.7718947663861151
2,0.4764995954636338,0.04916046043359073,0.47433994410277536
2,0.7577221405872093,0.035135367626619216,0.20714249178617142
2,0.17159110140152078,0.05302166788517299,0.7753872307133063
2,0.06591646184190995,0.04376961885098962,0.8903139193071004
0,0.9786491358216954,0.006678352706029461,0.014672511472275005
2,0.07013135894461478,0.043886917498792824,0.8859817235565924
2,0.06496018517441676,0.04153215119894019,0.893507663626643
0,0.9723724954430105,0.007116939989650892,0.020510564567338685
0,0.8989314261599052,0.018375052426149282,0.08269352141394554
0,0.8813626123291646,0.020571778990715963,0.09806560868011947
2,0.17378580585997797,0.054319427753906996,0.7718947663861151
2,0.08072640514455373,0.04452684817356462,0.8747467466818816
1,0.910219191172965,0.015050053815585053,0.07473075501145011
0,0.13044486428502663,0.054910922447388655,0.8146442132675847
0,0.8338978849281735,0.02920450138986978,0.1368976136819567
2,0.6250659295478396,0.04163891519471992,0.3332951552574404
0,0.9686323575593107,0.021078606628888077,0.010289035811801224
0,0.4104247241922515,0.05889554526954425,0.5306797305382043
0,0.9410509611632069,0.023703810078167187,0.03524522875862583
0,0.5398126232223119,0.05354898883885773,0.40663838793883034
2,0.06496018517441676,0.04153215119894019,0.893507663626643
2,0.12994010369132228,0.048945349673474185,0.8211145466352036
2,0.12994010369132228,0.048945349673474185,0.8211145466352036
2,0.948606956704128,0.010791191617104144,0.04060185167876797
0,0.189081679217719,0.056198633842539654,0.7547196869397413
0,0.47409614309288356,0.05922802814213055,0.4666758287649858
2,0.8024735287931145,0.02630032481144135,0.17122614639544412
0,0.9648312126513653,0.009693107502355755,0.02547567984627896
2,0.6859402901589644,0.04812941716735766,0.26593029267367796
0,0.9512732446976546,0.010376929646981954,0.038349825655363365
0,0.7785212321926106,0.051395011717867076,0.17008375608952225
2,0.10708432168722051,0.04666293172119846,0.846252746591581
2,0.784982118345031,0.03261094128251994,0.1824069403724492
0,0.9547842522438769,0.014380961513701837,0.03083478624242146
0,0.7617696418700715,0.053275098706969726,0.18495525942295876
2,0.15224576457851313,0.048016683404757475,0.7997375520167294
1,0.32397982654828217,0.051388933137598604,0.6246312403141192
0,0.9357613182110924,0.014362015782101013,0.04987666600680658
2,0.06496018517441676,0.04153215119894019,0.893507663626643
0,0.9332578193285538,0.01211026075266208,0.05463191991878432
0,0.24693106799552367,0.055554118095100156,0.6975148139093762
0,0.9308765928597128,0.019194661780240527,0.049928745360046656
2,0.11723719363097966,0.04923948688579778,0.8335233194832226
1,0.30016597976561654,0.05520940513232239,0.644624615102061
0,0.9900421024136419,0.0037313928783597704,0.006226504707998201
2,0.12994010369132228,0.048945349673474185,0.8211145466352036
0,0.9736922788168753,0.00602676729392256,0.02028095388920227
0,0.9543531643321165,0.009131882625407602,0.03651495304247575
0,0.7534081561122928,0.02502401921576919,0.22156782467193795
1,0.5663916977548797,0.0518107492629564,0.38179755298216383
2,0.06496018517441676,0.04153215119894019,0.893507663626643
2,0.1768906888664209,0.054503599336029884,0.7686057117975491
2,0.07194726188023431,0.0430443736872609,0.8850083644325049
2,0.15495032457597993,0.05670144700597578,0.7883482284180443
2,0.22581533879380966,0.055093066196181935,0.7190915950100084
0,0.9877641530919276,0.0033504204035069993,0.008885426504565485
2,0.26937759527575517,0.05320225739324237,0.6774201473310024
0,0.12994010369132228,0.048945349673474185,0.8211145466352036
1,0.06591646184190995,0.04376961885098962,0.8903139193071004
2,0.07013135894461478,0.043886917498792824,0.8859817235565924
0,0.9318390867166328,0.013260644572897506,0.05490026871046966
2,0.11723719363097966,0.04923948688579778,0.8335233194832226
0,0.9541949746161962,0.011271543435836006,0.034533481947967924
0,0.757030960275051,0.024753882694124717,0.21821515703082434
0,0.9772002202282749,0.006761852515472067,0.016037927256253054
2,0.1283769085694332,0.05054309661692941,0.8210799948136374
0,0.9218632369788943,0.014636910088334499,0.06349985293277133
2,0.1283769085694332,0.05054309661692941,0.8210799948136374
0,0.9814266919571433,0.006011308137458939,0.012561999905397764
0,0.99091160291079,0.0034765336749540843,0.005611863414256079
2,0.913910329232061,0.018687209916161577,0.06740246085177741
2,0.12994010369132228,0.048945349673474185,0.8211145466352036
0,0.8056636843040086,0.06438550677738385,0.12995080891860764
0,0.9307053941258472,0.02629278933932216,0.04300181653483071
0,0.9701844920333753,0.006627053139072619,0.023188454827552128
0,0.9509982222288156,0.00716562589427219,0.04183615187691225
2,0.9874052439714573,0.004332371502101626,0.00826238452644113
0,0.973769276425729,0.006548210612110407,0.019682512962160597
0,0.7176273133648431,0.0511579379127358,0.2312147487224211
0,0.8377410523882478,0.018291746828581156,0.14396720078317107
0,0.6077341746111802,0.05340152214481825,0.3388643032440016
1,0.6604718746781858,0.04604726579334608,0.2934808595284682
0,0.9446617106148608,0.02274979107546771,0.03258849830967137
0,0.35538658611864327,0.06095338946656053,0.5836600244147963
0,0.11982036082420772,0.05756699747341779,0.8226126417023746
0,0.9495045574979643,0.012641296535022647,0.037854145967013204
0,0.19993609356469444,0.0568622365648982,0.7432016698704074
0,0.9180544035703547,0.01791284186999087,0.06403275455965433
2,0.4109047835381642,0.05470963211347562,0.5343855843483601
2,0.05167113352890394,0.03992606443672119,0.9084028020343748
2,0.9164395290281023,0.02177200421942953,0.06178846675246814
2,0.27686120388215046,0.053223285320308164,0.6699155107975413
2,0.9278191013638523,0.026980780502082607,0.04520011813406505
0,0.9949279421315251,0.0022015938780673154,0.0028704639904076454
2,0.2748550836023255,0.05794822459212212,0.6671966918055523
0,0.4364641800407954,0.05689548985465404,0.5066403301045506
0,0.9682240294925634,0.011240844570580876,0.020535125936855785
0,0.9143926094299658,0.022121535405125577,0.06348585516490857
0,0.9223931243738037,0.014565313266506619,0.06304156235968963
2,0.06496018517441676,0.04153215119894019,0.893507663626643
2,0.90437625507953,0.012153401700871586,0.08347034321959852
0,0.9898423695551553,0.004187619866341276,0.005970010578503493
1,0.7971896051569787,0.03331566419249035,0.169494730650531
0,0.987187237526206,0.002432956340190962,0.010379806133603182
0,0.580051599485244,0.03627863828489871,0.38366976222985727
0,0.8449022788045375,0.01767239950266556,0.137425321692797
2,0.06496018517441676,0.04153215119894019,0.893507663626643
0,0.9721372058032287,0.004559483479865618,0.023303310716905643
2,0.1283769085694332,0.05054309661692941,0.8210799948136374
2,0.8416099806137668,0.026751804032635686,0.13163821535359743
2,0.23100197071067516,0.05283002411598888,0.7161680051733359
0,0.20001778433703263,0.05405891026281158,0.7459233054001558
2,0.12994010369132228,0.048945349673474185,0.8211145466352036
2,0.6407064269588281,0.06363917163613654,0.2956544014050353
0,0.9236260647578073,0.01504129067903575,0.06133264456315691
0,0.11695421708848172,0.04741362520213372,0.8356321577093846
0,0.8890298063953388,0.03511437457065544,0.07585581903400586
0,0.1024792609988439,0.05217443893014829,0.8453463000710079
0,0.9683377889796416,0.008615397531847162,0.023046813488511186
0,0.05167113352890394,0.03992606443672119,0.9084028020343748
1,0.06496018517441676,0.04153215119894019,0.893507663626643
0,0.7617323739395202,0.03477486618515875,0.20349275987532114
0,0.7633276312182107,0.03146828596641397,0.20520408281537547
2,0.3393511358282032,0.060329230021740336,0.6003196341500565
0,0.07538593973485914,0.043481247741793,0.8811328125233479
0,0.9450370617650387,0.013445013148807375,0.04151792508615406
0,0.9734470969032383,0.006608489727962021,0.01994441336879976
2,0.9723612295592163,0.006256930143230049,0.021381840297553675
0,0.9670315077177984,0.007769725362761324,0.02519876691944022
2,0.11723719363097966,0.04923948688579778,0.8335233194832226
2,0.8289679412169509,0.0604869247554011,0.11054513402764779
2,0.05167113352890394,0.03992606443672119,0.9084028020343748
2,0.09634055207755124,0.048143431606446366,0.8555160163160024
0,0.9715587795700866,0.014492976452895615,0.013948243977017766
0,0.9909588899924637,0.003832736693046389,0.005208373314490011
2,0.11723719363097966,0.04923948688579778,0.8335233194832226
2,0.65258524064673,0.04339471479166022,0.30402004456160975
0,0.9536959957530671,0.010445672182600601,0.03585833206433226
0,0.9780796750105184,0.0057205355313913585,0.016199789458090277
0,0.7788136227694954,0.05136107698855048,0.16982530024195408
0,0.09634055207755124,0.048143431606446366,0.8555160163160024
0,0.8707308953454681,0.0209230826592504,0.10834602199528158
0,0.7186020673669984,0.035119600246468784,0.2462783323865329
0,0.9746293356867266,0.007318787784325741,0.01805187652894767
0,0.78095248736564,0.03501407006063522,0.18403344257372461
1,0.8173208112557052,0.04652706478390096,0.13615212396039378
0,0.2292933767699313,0.058356171134054315,0.7123504520960143
0,0.9151354525943303,0.02985115984200882,0.055013387563660886
0,0.7897580725500621,0.029127054035706937,0.18111487341423077
2,0.09634055207755124,0.048143431606446366,0.8555160163160024
2,0.8474444177873443,0.026094021126481803,0.12646156108617393
0,0.6165402079096292,0.04888088302641142,0.3345789090639594
0,0.9582627085577718,0.01886902903462517,0.022868262407602907
2,0.16943496759352095,0.052926077235298526,0.7776389551711806
0,0.9742834086033975,0.004274614782942209,0.021441976613660218
2,0.12994010369132228,0.048945349673474185,0.8211145466352036
0,0.9643177496305217,0.008614272750612445,0.02706797761886568
2,0.9245188373751986,0.020355082476350445,0.055126080148450884
0,0.6369336622864183,0.042582968455085156,0.32048336925849646
0,0.8793929120386597,0.027606666014446075,0.09300042194689442
2,0.05167113352890394,0.03992606443672119,0.9084028020343748
0,0.9283655135304186,0.012758052320352221,0.05887643414922924
0,0.9950889970129716,0.0011118920294026311,0.003799110957625683
