target,prediction_0,prediction_1,prediction_2
2,0.0194399737166981,0.025117512489003124,0.9554425137942989
0,0.8401644803555408,0.01829111536751973,0.1415444042769396
0,0.9234198638483326,0.013892218416509875,0.06268791773515744
2,0.08161234360851898,0.07317358654720323,0.8452140698442776
0,0.7551480968213603,0.019562208976496485,0.22528969420214348
0,0.8065091334076651,0.019098588783381887,0.17439227780895314
0,0.8810693332391107,0.020169826423199484,0.09876084033768975
2,0.015641935761001115,0.014928134806925647,0.9694299294320728
0,0.9355517377776049,0.011589301685476837,0.05285896053691812
1,0.41226199816660136,0.07895676413191165,0.508781237701487
2,0.034722065291777536,0.0374565275392692,0.9278214071689536
0,0.7239075018849164,0.017638141269457053,0.2584543568456267
0,0.8223729911106532,0.018499964945915506,0.15912704394343097
0,0.8840935304184662,0.011020759513553408,0.1048857100679803
0,0.8927678031246956,0.02123189406119678,0.08600030281410745
2,0.18332109986393103,0.11928015499559722,0.6973987451404716
0,0.9181476824067079,0.01672366313799877,0.06512865445529312
2,0.5924768932834624,0.10481713018900174,0.3027059765275356
0,0.9298436237019339,0.01313928661720179,0.057017089680864275
2,0.30127695307501073,0.05838345004476927,0.64033959688022
0,0.82008502924985,0.018410848656699397,0.16150412209345036
1,0.5621013559927295,0.07896644788433806,0.35893219612293276
2,0.21376083906987448,0.0284686056091808,0.7577705553209454
0,0.9252513047420795,0.013603003684880917,0.06114569157303935
0,0.41256400237018037,0.08631894893621167,0.5011170486936081
0,0.9329057500701486,0.011985852406696808,0.05510839752315461
0,0.9383134248161148,0.011673390684799978,0.05001318449908518
0,0.9329523174472358,0.011958296853645299,0.055089385699119024
0,0.514314902159886,0.08285779254492774,0.4028273052951863
0,0.9295886918391435,0.01040053299716169,0.060010775163694796
2,0.08739459727476373,0.06433552418108002,0.8482698785441558
2,0.12834784382514197,0.03406456335692873,0.8375875928179294
0,0.2684796863850091,0.07815981690310352,0.6533604967118873
2,0.31613033279182823,0.06574866226854387,0.6181210049396278
0,0.6795565689504214,0.07831787604139992,0.24212555500817892
2,0.058599469892983175,0.032627340032699126,0.9087731900743178
2,0.6044689120421224,0.0323077265769353,0.36322336138094247
0,0.890840697659122,0.02232346586262719,0.08683583647825095
0,0.6795330159463812,0.029295975907045458,0.2911710081465734
0,0.6099321765077927,0.03329625016453643,0.3567715733276707
0,0.9253511486975368,0.013594452870232043,0.06105439843223064
2,0.1292805990765136,0.16320502827491193,0.7075143726485744
0,0.8588999547632687,0.019483560301515632,0.12161648493521608
0,0.9320773058194513,0.012287211893833987,0.055635482286714534
0,0.9394601698003836,0.012114277470881354,0.04842555272873511
0,0.7604217874831658,0.03271768621719615,0.2068605262996379
0,0.8566579531406596,0.012314706132907189,0.13102734072643318
2,0.8126010483586472,0.023622022757969034,0.1637769288833838
0,0.7898732563052551,0.019517316472459526,0.1906094272222852
2,0.46452992070219495,0.08130466361649458,0.45416541568131036
0,0.9145127213579259,0.018182213911468445,0.06730506473060538
0,0.9360332296553063,0.012089555720600583,0.051877214624093095
2,0.11548351473225346,0.07401196266701005,0.8105045226007366
2,0.26399657424305106,0.07081240304771277,0.6651910227092362
2,0.22053413925891852,0.056308135572575906,0.7231577251685056
0,0.923763237431091,0.012721888661946628,0.06351487390696223
0,0.6902196740058559,0.07712096361212568,0.23265936238201831
0,0.6311587810488503,0.08678232314614709,0.2820588958050027
0,0.9298436237019339,0.01313928661720179,0.057017089680864275
0,0.9054582669093095,0.019888413423701897,0.0746533196669885
1,0.7306798531663748,0.0676357507810507,0.2016843960525744
2,0.8051814858295033,0.02361946621663117,0.17119904795386573
0,0.8127073142286645,0.020113231101067185,0.16717945467026815
2,0.2569951780506207,0.0235393746787271,0.7194654472706522
2,0.04227654006839731,0.027634403471608948,0.9300890564599938
2,0.030526255779230592,0.01657831167932022,0.9528954325414491
1,0.8426472389835031,0.019451300087096737,0.13790146092940023
2,0.5252153590061822,0.03018538291794491,0.44459925807587275
2,0.02548222235086568,0.027696919724106317,0.9468208579250278
0,0.8052413380606428,0.027753105730934143,0.1670055562084226
0,0.9320773058194513,0.012287211893833987,0.055635482286714534
0,0.8561112255290415,0.020422055920261306,0.12346671855069714
0,0.9320773058194513,0.012287211893833987,0.055635482286714534
0,0.939267190145169,0.010983736729665579,0.04974907312516539
2,0.01281776901006091,0.00945942119770459,0.9777228097922348
2,0.02613302908776706,0.03494906550552815,0.938917905406705
0,0.9327525074640128,0.012663454998562996,0.054584037537424066
0,0.33951487597569,0.06158047817274887,0.598904645851561
0,0.9195290799118397,0.012898829956651267,0.06757209013150874
0,0.8245750966012225,0.012273843025935233,0.16315106037284208
0,0.6527249384956314,0.03857272891788744,0.30870233258648105
2,0.6520239530567119,0.0468557441668221,0.3011203027764658
1,0.6773159381598579,0.021219856411758303,0.30146420542838365
0,0.7986970056093641,0.03467170076364001,0.16663129362699577
0,0.8035384847681017,0.019764860453676366,0.17669665477822186
2,0.7216440152149174,0.043092233589987636,0.23526375119509513
0,0.9382434343828627,0.012218626769832805,0.04953793884730444
2,0.02884051563209206,0.031688461516060897,0.9394710228518472
0,0.9383134248161148,0.011673390684799978,0.05001318449908518
0,0.8122128018002136,0.020970103587662724,0.16681709461212368
0,0.8290120135881901,0.01018482060082117,0.16080316581098858
0,0.6835151488692408,0.05889945395562834,0.25758539717513096
0,0.842586402451353,0.029175554639857458,0.12823804290878965
0,0.9394601698003836,0.012114277470881354,0.04842555272873511
0,0.9366618695723503,0.012144319808184624,0.05119381061946506
0,0.9355674440441349,0.01041822822441766,0.05401432773144746
0,0.9320030086793182,0.012026982883302591,0.055970008437379454
2,0.014538536091380255,0.015855347823727817,0.9696061160848916
0,0.90547885791069,0.018724289084110966,0.07579685300519878
0,0.547576417283174,0.02117331652452255,0.4312502661923034
2,0.02716794119481277,0.023441219233950716,0.9493908395712364
2,0.012941610727503237,0.01159921697876702,0.9754591722937297
2,0.030403849155083776,0.030185676745211956,0.9394104740997044
2,0.037631157687617045,0.05544671597560205,0.9069221263367809
0,0.9350705173720318,0.011915141048171254,0.05301434157979713
0,0.9366618695723503,0.012144319808184624,0.05119381061946506
0,0.9288410030794274,0.013810797704146876,0.057348199216425276
2,0.5641889378503989,0.07584796662327427,0.35996309552632694
0,0.7219176326742409,0.031058788020936652,0.24702357930482235
2,0.22065902013815442,0.11560645584020596,0.6637345240216399
0,0.9230483640172193,0.013504864177536253,0.06344677180524465
2,0.1354144384436711,0.09537012376298999,0.7692154377933388
0,0.7999160106781241,0.024677364777082586,0.1754066245447935
2,0.03681460216479227,0.05740045058368934,0.9057849472515184
0,0.9342292566888991,0.013132737455883324,0.05263800585521712
0,0.7143750965581649,0.02356033469038174,0.26206456875145334
0,0.9357887209508241,0.011648904397150293,0.05256237465202565
0,0.9383134248161148,0.011673390684799978,0.05001318449908518
0,0.9394601698003836,0.012114277470881354,0.04842555272873511
2,0.7357392454369744,0.026657071310028486,0.23760368325299688
0,0.8807695444484122,0.013133203604857853,0.10609725194673013
0,0.939267190145169,0.010983736729665579,0.04974907312516539
0,0.7851842351915139,0.023136341267931224,0.19167942354055498
0,0.9394601698003836,0.012114277470881354,0.04842555272873511
0,0.7315832013966818,0.029232571526954024,0.23918422707636414
0,0.4653037482567645,0.05478270485195611,0.47991354689127913
0,0.8310597136270704,0.017828539331405116,0.15111174704152439
0,0.817443082433812,0.017250687305688576,0.16530623026049954
2,0.097700675058077,0.08460936258442824,0.8176899623574949
0,0.9133992186405653,0.016205321166669954,0.07039546019276477
2,0.2708004578478574,0.05736645005533441,0.6718330920968082
0,0.6802128277534597,0.03091749624715692,0.28886967599938296
2,0.023712572159813736,0.030708996555275772,0.9455784312849106
0,0.9202954623434958,0.013722965400098987,0.06598157225640507
2,0.5277667670656263,0.06892963709556989,0.4033035958388036
2,0.6614423293753438,0.031172682559617595,0.3073849880650384
0,0.650745431248267,0.07449304082233493,0.27476152792939756
0,0.9320773058194513,0.012287211893833987,0.055635482286714534
0,0.9268923708241773,0.013186834453170641,0.059920794722651875
2,0.8005234956447601,0.011385831906257844,0.18809067244898242
0,0.5840613568418371,0.09009430335249231,0.3258443398056704
0,0.2826013575141923,0.058458440166119625,0.6589402023196878
0,0.8186578844276748,0.02539258320944842,0.15594953236287667
0,0.3999934487108009,0.04783119252975182,0.5521753587594473
0,0.8065488303299317,0.03712106336274346,0.1563301063073248
0,0.8491470158057528,0.005870666824224222,0.14498231737002285
2,0.08120087754864518,0.0765413811359615,0.8422577413153932
0,0.9285055409115176,0.012446587985487244,0.059047871102995385
0,0.9007507265840379,0.01675885754165373,0.08249041587430833
2,0.23390884219509483,0.14191903718270119,0.624172120622204
0,0.9320773058194513,0.012287211893833987,0.055635482286714534
2,0.5444527207745928,0.08367804250084997,0.3718692367245573
0,0.9366618695723503,0.012144319808184624,0.05119381061946506
0,0.8214749394238933,0.011207437235229845,0.16731762334087694
0,0.5871448391840693,0.017857749768841174,0.3949974110470896
0,0.8353880983439188,0.01909577788284124,0.14551612377324008
2,0.01441649571215823,0.018524384426041943,0.9670591198617998
2,0.03512286635164804,0.018491458420184185,0.9463856752281676
2,0.7972707773449484,0.01656097335501887,0.18616824930003303
0,0.9268645795172908,0.01413284781084296,0.05900257267186617
0,0.06679145262425866,0.06018631495045322,0.8730222324252882
0,0.9375551025614162,0.011975206380498015,0.05046969105808562
2,0.8351886354691288,0.02143586821598556,0.14337549631488555
2,0.7738651702913488,0.02402824734547411,0.20210658236317713
0,0.7930768334402023,0.0166423961878865,0.19028077037191116
2,0.42345413503142504,0.12806231517101235,0.4484835497975626
0,0.939267190145169,0.010983736729665579,0.04974907312516539
2,0.04832933038158816,0.013202839216721711,0.9384678304016904
2,0.781823424297351,0.023786885484433164,0.1943896902182158
0,0.9394601698003836,0.012114277470881354,0.04842555272873511
0,0.527889212258254,0.11999510781879236,0.35211567992295345
1,0.33630123225726527,0.05740055688927217,0.6062982108534626
2,0.29780930889647805,0.07451505974784875,0.6276756313556731
0,0.7654909347825736,0.04044374102338517,0.19406532419404096
2,0.21143673271400126,0.1944694025132241,0.5940938647727747
2,0.04148497988104144,0.025558840876923495,0.9329561792420352
0,0.9350705173720318,0.011915141048171254,0.05301434157979713
0,0.1429173336789122,0.07927488257112954,0.7778077837499586
2,0.1859792431895178,0.042446765960648725,0.7715739908498336
0,0.9383134248161148,0.011673390684799978,0.05001318449908518
0,0.3936509155834452,0.10211054506125952,0.5042385393552952
0,0.5743087341220802,0.07384560242503474,0.351845663452885
2,0.015806122499094216,0.02526156984156761,0.9589323076593387
0,0.9320773058194513,0.012287211893833987,0.055635482286714534
2,0.4007344900681789,0.12185587487557316,0.47740963505624806
2,0.5314941072756191,0.03890450554745544,0.42960138717692553
1,0.36985452411275227,0.07584555783524964,0.554299918051998
0,0.2913698463982256,0.07278245852528194,0.6358476950764922
2,0.6214422173416378,0.01991736318713607,0.35864041947122605
2,0.2242604919384516,0.11866934198795433,0.657070166073594
0,0.7623828388926981,0.03428031756948634,0.20333684353781506
0,0.9357887209508241,0.011648904397150293,0.05256237465202565
0,0.7115071852457729,0.03065660635029471,0.25783620840393245
2,0.3292128473608673,0.08281468422271772,0.5879724684164145
2,0.417165552936579,0.09089567929996342,0.4919387677634574
0,0.928050867430749,0.012197013018957219,0.0597521195502934
0,0.7113477630473408,0.03608979445068783,0.2525624425019713
0,0.939267190145169,0.010983736729665579,0.04974907312516539
2,0.8121527923808732,0.017530450694549428,0.1703167569245774
0,0.939267190145169,0.010983736729665579,0.04974907312516539
0,0.9283724167196865,0.014160761222349468,0.057466822057964
0,0.9357887209508241,0.011648904397150293,0.05256237465202565
2,0.5636160432681188,0.05347941447594308,0.3829045422559381
0,0.9372075548949893,0.012361649766828759,0.050430795338181934
0,0.8144358980298082,0.016546230814319055,0.16901787115587252
0,0.2576383122603962,0.04804968134161651,0.6943120063979872
0,0.8688302007377723,0.012381046210090311,0.11878875305213742
2,0.35473291645558375,0.07613090608459673,0.5691361774598194
0,0.9394601698003836,0.012114277470881354,0.04842555272873511
2,0.3733070313005347,0.028654312631023138,0.5980386560684421
0,0.9360332296553063,0.012089555720600583,0.051877214624093095
2,0.8804127360169272,0.02328120802095465,0.0963060559621181
2,0.11752109385990069,0.09602309454642853,0.7864558115936707
2,0.0568055471016657,0.039756243949334524,0.9034382089489998
0,0.7021157148881592,0.05717015538063591,0.24071412973120462
0,0.8552362052136341,0.034294142910686186,0.11046965187567989
0,0.930053899839483,0.012914755066815935,0.0570313450937009
0,0.8258533241136954,0.024095171745569407,0.15005150414073518
2,0.8519838732581952,0.008762233109457148,0.13925389363234764
0,0.9294742700184486,0.01318674928228428,0.05733898069926689
0,0.5268248379965277,0.05195720373506181,0.4212179582684105
0,0.9264826012185265,0.0129084564720518,0.060608942309421404
2,0.9282401306295185,0.013817013774695316,0.05794285559578605
2,0.397972373656018,0.04806691186659475,0.5539607144773874
2,0.020943738112677166,0.03952139582813138,0.9395348660591913
0,0.935124820522952,0.012910691578813862,0.051964487898233595
0,0.9271995007562194,0.01290532666641371,0.05989517257736656
2,0.4129160102275707,0.10382246674083996,0.4832615230315893
2,0.04366072720632346,0.030113849749174817,0.9262254230445017
2,0.10512975221509323,0.06886072645194621,0.8260095213329611
0,0.8232809267155078,0.022648894582650896,0.15407017870184136
2,0.34603416499713185,0.028675481284658178,0.6252903537182103
0,0.8838666135585959,0.025297914442849782,0.09083547199855417
0,0.9243261003542793,0.01144181268323961,0.06423208696248114
0,0.37448334568095837,0.04917348635647553,0.5763431679625661
0,0.6771021998227129,0.02219727200129435,0.30070052817599274
2,0.6886785720257669,0.02324898530967381,0.2880724426645593
2,0.8850842334283455,0.012248466310798439,0.10266730026085626
0,0.9347466644611987,0.012974989621560974,0.05227834591723988
2,0.31367877318613424,0.027290240432453792,0.6590309863814119
2,0.046191029642042844,0.022240639579461402,0.9315683307784959
0,0.8714142420359239,0.015422388526407092,0.11316336943766898
0,0.9366618695723503,0.012144319808184624,0.05119381061946506
0,0.9295222030798191,0.011818914864151799,0.05865888205602926
0,0.7940700224793708,0.01900256161859493,0.18692741590203435
2,0.012986226711567586,0.02360529069013483,0.9634084825982976
0,0.484808425196839,0.07634687907732658,0.4388446957258343
0,0.7974310369066885,0.02826910160296716,0.17429986149034396
2,0.2549294346167623,0.03776461164755388,0.7073059537356837
0,0.9040017700405436,0.01913909386044439,0.0768591360990118
0,0.08260368628239158,0.0667206072478076,0.8506757064698008
2,0.22794580880472537,0.02088552656246258,0.7511686646328121
2,0.021061985034225166,0.020211979472200634,0.9587260354935742
1,0.42604943791217137,0.024944695782698117,0.5490058663051305
0,0.9350705173720318,0.011915141048171254,0.05301434157979713
0,0.7896487436291059,0.00839817985504083,0.20195307651585337
2,0.19435144228440604,0.05430642948317616,0.7513421282324176
0,0.879948197313375,0.01229679483909392,0.10775500784753121
0,0.928050867430749,0.012197013018957219,0.0597521195502934
1,0.1522468340059614,0.12134061176833616,0.7264125542257024
0,0.784521376021834,0.024714209791362022,0.19076441418680384
2,0.30639692222445875,0.06625297261841394,0.6273501051571273
0,0.18583483554776575,0.10821032802699884,0.7059548364252352
0,0.9382434343828627,0.012218626769832805,0.04953793884730444
2,0.19447354735908154,0.1363864010484376,0.6691400515924806
0,0.5774994133589735,0.03860148268029718,0.3838991039607297
0,0.5353825442837876,0.07095611172873026,0.39366134398748187
0,0.6456034381636842,0.026198220500916927,0.3281983413353988
2,0.5710626050068052,0.0829021680079511,0.34603522698524375
2,0.32813505280055144,0.023556971090302237,0.6483079761091463
0,0.8418852470060678,0.03252854127767597,0.125586211716256
2,0.1242410541341633,0.036252776554812925,0.8395061693110238
0,0.930053899839483,0.012914755066815935,0.0570313450937009
2,0.26473050811862964,0.14122421282911107,0.5940452790522592
0,0.8565255404176786,0.012140999203310658,0.1313334603790103
0,0.5101230634096792,0.06902186339072867,0.4208550731995921
2,0.8316174343439148,0.024863970793780398,0.14351859486230503
0,0.6083830689850533,0.08078446413815847,0.3108324668767883
2,0.606683002079105,0.0351434333813557,0.35817356453953947
0,0.9357887209508241,0.011648904397150293,0.05256237465202565
2,0.9394601698003836,0.012114277470881354,0.04842555272873511
0,0.8997523840896481,0.018997794767147053,0.08124982114320455
0,0.9375551025614162,0.011975206380498015,0.05046969105808562
0,0.6322971861992123,0.08480768509454246,0.28289512870624517
0,0.9372075548949893,0.012361649766828759,0.050430795338181934
2,0.09950907091735739,0.08758532574250512,0.8129056033401374
0,0.7718902209834307,0.02426119367894489,0.20384858533762443
0,0.8027356113210935,0.01447583121804387,0.18278855746086256
2,0.03197386560553034,0.014043839790699113,0.9539822946037705
0,0.9360332296553063,0.012089555720600583,0.051877214624093095
0,0.9295200186990811,0.01347883294706661,0.057001148353852164
0,0.8239931063706744,0.04026273196664031,0.1357441616626855
2,0.08528638922139248,0.0785905734753072,0.8361230373033001
2,0.012767486413295748,0.015668105766839576,0.9715644078198648
2,0.24348677291566817,0.04915009820709306,0.7073631288772387
2,0.08848017779717185,0.03161148958793105,0.8799083326148973
2,0.6188295593511052,0.025909370985173028,0.3552610696637218
2,0.5071031791599696,0.07300151206537935,0.4198953087746508
0,0.8432996184887838,0.018035040532901555,0.13866534097831457
0,0.9309467577031537,0.011660834154737619,0.05739240814210877
0,0.9357887209508241,0.011648904397150293,0.05256237465202565
1,0.39522593513768356,0.08069287669547127,0.5240811881668451
1,0.8269149800928765,0.012660673806370475,0.16042434610075293
0,0.8418883318335082,0.019224644227881792,0.13888702393861013
2,0.02662249759056864,0.025276487299892975,0.9481010151095387
2,0.7329735676198595,0.008044378799609023,0.25898205358053134
0,0.5063408666198435,0.10741748846360966,0.38624164491654694
0,0.9326287182113144,0.013284377956161457,0.0540869038325236
0,0.9064336860998976,0.016663085031510087,0.07690322886859229
2,0.02688894340514629,0.017645092265714674,0.9554659643291387
0,0.4536416852855411,0.1233178342261842,0.42304048048827475
0,0.9011793226764744,0.018509146446378036,0.08031153087714778
0,0.9058508827925609,0.017837584170568212,0.07631153303687095
2,0.7319303582879312,0.025980179739394493,0.24208946197267456
0,0.9171040957138408,0.01651998107822839,0.06637592320793069
0,0.9382434343828627,0.012218626769832805,0.04953793884730444
0,0.661623429253472,0.08208103993085734,0.25629553081567097
0,0.9214353525817448,0.013932261722766005,0.06463238569548918
0,0.8369089545833619,0.019669341163897573,0.1434217042527405
2,0.5461420975310436,0.1263025182806557,0.32755538418830077
0,0.9357887209508241,0.011648904397150293,0.05256237465202565
0,0.8843561965759456,0.027900281675439696,0.08774352174861487
0,0.9222285598469274,0.012421843618831047,0.06534959653424166
2,0.7178704875928169,0.03036555745959931,0.25176395494758386
0,0.3215430762389626,0.06622239532896057,0.6122345284320767
0,0.6885985410830763,0.027979995905998187,0.28342146301092536
2,0.026334449876550033,0.024927587875266,0.9487379622481842
0,0.7822035058435107,0.022952652752491264,0.19484384140399802
2,0.08657606399311799,0.08732664722866712,0.8260972887782149
2,0.6560701213381924,0.057342002760437945,0.2865878759013697
0,0.9175024844071279,0.01453723818307829,0.06796027740979342
0,0.8101254077884211,0.03764904921287622,0.15222554299870264
0,0.7912022029762666,0.01824395683781687,0.19055384018591637
2,0.32356415901423213,0.08237565616512542,0.5940601848206426
0,0.8933698297796713,0.020259475997829107,0.08637069422249967
2,0.7857514293918197,0.02633564607894151,0.18791292452923883
2,0.5957510115330256,0.027558044482697507,0.3766909439842769
0,0.9357887209508241,0.011648904397150293,0.05256237465202565
0,0.8152409266246821,0.0346249123806941,0.15013416099462357
2,0.03201811333699892,0.11053777113573376,0.8574441155272673
0,0.6659868473125384,0.040515194063521935,0.2934979586239395
0,0.6455293824757083,0.01703058472912827,0.33744003279516344
0,0.5582927168217616,0.06008518864487245,0.3816220945333659
0,0.9337969637577317,0.01209013261836306,0.054112903623905376
0,0.6729362861407481,0.02226361479917475,0.3048000990600772
2,0.036259662341520615,0.018046333353711967,0.9456940043047674
0,0.9295681070228604,0.011695067483145274,0.05873682549399442
0,0.6613926106426056,0.0693838078037275,0.26922358155366694
1,0.4575907781090353,0.10403646320475064,0.4383727586862142
0,0.7239168782005295,0.009610555670081126,0.26647256612938947
2,0.27781474795811173,0.05442488263248973,0.6677603694093984
2,0.19701882845061316,0.0789769996244249,0.7240041719249619
0,0.8209811260990754,0.008329966805165833,0.1706889070957589
0,0.9332656560169654,0.013217139605554871,0.053517204377479206
2,0.022638706641449596,0.02074064800808821,0.9566206453504623
0,0.939267190145169,0.010983736729665579,0.04974907312516539
2,0.028117685594696323,0.030525465865662422,0.9413568485396413
0,0.9320773058194513,0.012287211893833987,0.055635482286714534
0,0.8243123095490784,0.029109840859326826,0.14657784959159473
0,0.7715989312731584,0.02480433484003559,0.203596733886806
0,0.9320773058194513,0.012287211893833987,0.055635482286714534
2,0.3378897644383383,0.08871113541438745,0.5733991001472742
0,0.9357887209508241,0.011648904397150293,0.05256237465202565
0,0.8478416257069548,0.021542372660804197,0.1306160016322408
0,0.843793507983219,0.017858940306724726,0.1383475517100562
0,0.9196570255210424,0.01319961519548349,0.06714335928347392
2,0.61801978653538,0.022632565706106916,0.35934764775851313
0,0.8002679228863288,0.03659867710282924,0.16313340001084195
0,0.3475470022314811,0.09028856735884676,0.562164430409672
0,0.6883770303749746,0.03758661814872847,0.27403635147629657
0,0.9133992186405653,0.016205321166669954,0.07039546019276477
2,0.1945329064406844,0.0961946678493068,0.7092724257100087
2,0.23988235549582215,0.0643383640206119,0.6957792804835659
0,0.5029005339541223,0.029985306819541386,0.4671141592263363
0,0.843654157935681,0.021637571359755317,0.13470827070456348
2,0.6788913075112654,0.04468449018627018,0.2764242023024646
0,0.8627875207439412,0.024079904468251617,0.11313257478780712
0,0.9372075548949893,0.012361649766828759,0.050430795338181934
0,0.9394601698003836,0.012114277470881354,0.04842555272873511
0,0.9382434343828627,0.012218626769832805,0.04953793884730444
0,0.9331713714275187,0.012112747331392013,0.0547158812410894
0,0.5243230171893976,0.01985997938410001,0.4558170034265025
2,0.025510326356422683,0.02063179510312803,0.9538578785404493
0,0.7972063420551811,0.015883219167006263,0.18691043877781244
0,0.7575719612689445,0.029811853464556153,0.2126161852664992
2,0.5028642567734319,0.04699446543751157,0.4501412777890564
2,0.2762538345785906,0.06092972127821025,0.6628164441431991
2,0.5046439944672438,0.07420068056508106,0.4211553249676751
0,0.4353085257124612,0.07893660305099755,0.4857548712365412
0,0.7709741879024048,0.029547070148755697,0.19947874194883927
0,0.9327525074640128,0.012663454998562996,0.054584037537424066
0,0.525455559683158,0.10629338672343219,0.36825105359340976
2,0.7711799918168094,0.0203888627003079,0.20843114548288277
0,0.9312694376262517,0.01333321595909451,0.05539734641465337
2,0.03326279986454824,0.0409051534221217,0.9258320467133301
0,0.8478416257069548,0.021542372660804197,0.1306160016322408
0,0.8896010797538202,0.018785894459144938,0.09161302578703484
0,0.36286000863309037,0.0794570297999353,0.5576829615669742
0,0.765230923341055,0.01916645518025377,0.21560262147869108
2,0.6773849569156717,0.02160321399190003,0.3010118290924282
0,0.7060090938618142,0.07605107045797635,0.21793983568020936
0,0.9107891394556163,0.0129374837502364,0.07627337679414703
0,0.5119099905558825,0.07496018263878833,0.4131298268053291
2,0.9366618695723503,0.012144319808184624,0.05119381061946506
0,0.770801229531113,0.015385750626242273,0.2138130198426448
0,0.4851079430118937,0.10772979429520695,0.40716226269289924
1,0.07327650923892452,0.19140122456710176,0.7353222661939737
0,0.839124281029106,0.021220222801711822,0.13965549616918213
0,0.9309903777218992,0.012259483117402381,0.05675013916069818
0,0.8595916069377043,0.009918460949338629,0.1304899321129572
0,0.8581015554799908,0.019313825276909183,0.12258461924310032
0,0.939267190145169,0.010983736729665579,0.04974907312516539
0,0.9347466644611987,0.012974989621560974,0.05227834591723988
2,0.21277835442445028,0.050799552451309266,0.7364220931242405
2,0.425893479914447,0.10161978384502185,0.47248673624053134
0,0.9050771800516894,0.0192000202932058,0.07572279965510476
2,0.29344581231378064,0.06007284597620153,0.6464813417100177
2,0.40273585234436377,0.1100591312815037,0.48720501637413244
0,0.8715996875086812,0.010595885913104496,0.11780442657821424
0,0.9227193836398933,0.013559489072026245,0.06372112728808065
2,0.34557436884007753,0.04681809949300614,0.6076075316669166
0,0.8324123667252948,0.02695928111253948,0.14062835216216557
2,0.2224040818481626,0.07266336585503033,0.7049325522968071
0,0.6373712775566003,0.09094674610344075,0.27168197633995844
2,0.03418455157497345,0.029904584303475715,0.9359108641215507
2,0.023206551350782628,0.025209461402280184,0.9515839872469373
2,0.01926706911708591,0.017453031464208752,0.9632798994187052
2,0.017240047621358515,0.0152063342108766,0.9675536181677648
0,0.9320773058194513,0.012287211893833987,0.055635482286714534
0,0.8996080323213024,0.007736444428204697,0.09265552325049271
1,0.31028239042722594,0.06323726367932721,0.6264803458934469
2,0.027577497734132962,0.05401534305695606,0.9184071592089109
0,0.9261101222174851,0.01372689820696829,0.06016297957554667
2,0.4219319391555431,0.04652104283387783,0.5315470180105791
0,0.22268143730571527,0.05741370157075622,0.7199048611235289
0,0.7798206885178299,0.02287155257722251,0.19730775890494776
0,0.8564768493774294,0.02033488500668275,0.12318826561588726
0,0.9264859592430117,0.014508449242473388,0.05900559151451486
0,0.9237773513549601,0.012964670130026642,0.06325797851501341
0,0.6496058024689142,0.02831398746244072,0.32208021006864473
2,0.1032319549980867,0.06658829199403384,0.8301797530078795
0,0.939267190145169,0.010983736729665579,0.04974907312516539
2,0.8690984187377556,0.012563048983070119,0.11833853227917411
2,0.016651389064756012,0.015341887736073992,0.9680067231991701
0,0.9309903777218992,0.012259483117402381,0.05675013916069818
0,0.939267190145169,0.010983736729665579,0.04974907312516539
0,0.9383134248161148,0.011673390684799978,0.05001318449908518
0,0.9343932262397208,0.013010946921315998,0.0525958268389627
0,0.8647970180526217,0.018423288323208706,0.11677969362416993
0,0.9298436237019339,0.01313928661720179,0.057017089680864275
0,0.8862001973731903,0.02821207884543355,0.08558772378137604
0,0.9394601698003836,0.012114277470881354,0.04842555272873511
2,0.11282337891601474,0.07937402526795986,0.8078025958160256
0,0.8528040701853311,0.009310874323811065,0.13788505549085767
2,0.1667391329604873,0.03150045344845741,0.8017604135910553
0,0.8403054296723927,0.02112058000538057,0.13857399032222653
2,0.2740327264226479,0.054327314408648374,0.6716399591687038
0,0.9210258131684411,0.014979071922229985,0.06399511490932891
2,0.08453278492799145,0.021077751866975077,0.8943894632050334
2,0.4864929526666007,0.07765815583645998,0.43584889149693906
0,0.9332972959184295,0.014122537473242866,0.05258016660832755
2,0.31109796195270223,0.0943994553625633,0.5945025826847343
0,0.939267190145169,0.010983736729665579,0.04974907312516539
0,0.8401644803555408,0.01829111536751973,0.1415444042769396
0,0.8524141016454833,0.01307774867662887,0.13450814967788768
2,0.6229162387948624,0.08537979505875841,0.2917039661463792
0,0.9323928854192771,0.012792353791491377,0.05481476078923147
0,0.4308589242221606,0.08318493234785873,0.4859561434299806
2,0.22977918007438278,0.0685510122738236,0.7016698076517934
2,0.04037529137330144,0.05194875018923105,0.9076759584374676
2,0.051518462623092065,0.045316780024171326,0.9031647573527368
2,0.01680821198210663,0.04909727244900108,0.9340945155688923
2,0.015287090681345185,0.018212106042287613,0.9665008032763672
0,0.8207721243056951,0.021055122170471192,0.15817275352383378
2,0.018178438532664546,0.021720497420050357,0.9601010640472847
2,0.4468161290793509,0.07136524035658649,0.4818186305640626
2,0.00860425268717926,0.011837413578142568,0.9795583337346782
2,0.14603715978467602,0.03997852589157909,0.813984314323745
0,0.8167225986502672,0.02516564962191236,0.15811175172782033
2,0.7934669137888101,0.015587778445658113,0.19094530776553156
0,0.8405090208253763,0.034586617676333774,0.12490436149828989
0,0.9382434343828627,0.012218626769832805,0.04953793884730444
0,0.8404720461817512,0.018325349011359102,0.14120260480688923
0,0.6449990479026824,0.03593885396034056,0.31906209813697706
0,0.5237332529159355,0.0352657681504864,0.4410009789335783
0,0.9394601698003836,0.012114277470881354,0.04842555272873511
2,0.11349837017701528,0.0981898560105651,0.7883117738124196
2,0.3861851354112808,0.08150084461806122,0.5323140199706579
2,0.5878279196923359,0.034782957696042734,0.3773891226116212
2,0.1404579660643859,0.0842416954949743,0.7753003384406394
2,0.016940894524323888,0.015440394817853099,0.9676187106578232
0,0.9375551025614162,0.011975206380498015,0.05046969105808562
2,0.2244505690990949,0.0542253592195232,0.7213240716813821
2,0.022406503414814306,0.018363712105023463,0.9592297844801623
0,0.9335508061246593,0.012965150910809515,0.05348404296453069
0,0.8402933946019551,0.02114689158304619,0.13855971381499885
0,0.8126774075595712,0.023807028580545456,0.16351556385988317
2,0.021061985034225166,0.020211979472200634,0.9587260354935742
2,0.18653000945904954,0.03929868272367495,0.7741713078172755
1,0.7742329245640825,0.03689982914337054,0.18886724629254695
0,0.17079002510902497,0.04041850836367534,0.7887914665272998
0,0.8131855227930234,0.015731829287341105,0.1710826479196358
2,0.634380022190399,0.03183566477990389,0.33378431302969697
0,0.939267190145169,0.010983736729665579,0.04974907312516539
0,0.32762655984708433,0.09215235684408835,0.5802210833088272
0,0.9305205564413004,0.01106722529726194,0.058412218261437505
0,0.7002533841972519,0.06277184344656503,0.23697477235618306
2,0.035925287581773546,0.025032342460701823,0.9390423699575247
2,0.010717199287256096,0.013758274123666963,0.975524526589077
2,0.03380682730381544,0.030666796758425593,0.9355263759377589
2,0.8214749394238933,0.011207437235229845,0.16731762334087694
0,0.6258391021713751,0.03794184373029835,0.33621905409832636
0,0.2252073351451032,0.16849721538730766,0.6062954494675888
2,0.7043191871165125,0.024907321949447704,0.2707734909340399
0,0.7906998348622571,0.023198207330454954,0.18610195780728803
2,0.7988838348617935,0.016528083043773987,0.18458808209443225
0,0.9394601698003836,0.012114277470881354,0.04842555272873511
0,0.687811256294696,0.02345116919902181,0.2887375745062822
2,0.5777157194500183,0.047403492303164346,0.37488078824681725
2,0.6602074396040766,0.032550240007889766,0.3072423203880337
0,0.9260071682772424,0.013373792843802896,0.060619038878954604
0,0.6770358012033091,0.023703360438981698,0.299260838357709
2,0.23856587566786033,0.047577832973832376,0.713856291358307
1,0.2656120117969135,0.06050814421454449,0.6738798439885422
0,0.8405844009151536,0.008733812024897881,0.15068178705994847
2,0.016929094857307883,0.017044321379748133,0.966026583762944
0,0.8716860416919343,0.012748882717595432,0.11556507559047037
0,0.18735871047901087,0.055060678860915487,0.7575806106600734
0,0.9291157632373426,0.013041751043650804,0.05784248571900639
2,0.024931084617192182,0.01764071919022633,0.9574281961925813
1,0.5192439323054309,0.10555807044548243,0.3751979972490864
0,0.9375551025614162,0.011975206380498015,0.05046969105808562
2,0.2034781958378791,0.05752654692495099,0.7389952572371697
0,0.879948197313375,0.01229679483909392,0.10775500784753121
0,0.8840685224663377,0.020689567517922242,0.09524191001573996
0,0.693848395657788,0.024005171273936168,0.2821464330682756
1,0.5739058598502029,0.09305732994914744,0.33303681020064957
2,0.01931824116982379,0.018412285341160666,0.9622694734890156
2,0.27121767309371525,0.07582756390586892,0.6529547630004159
2,0.28293523745914034,0.05876560516149904,0.6582991573793606
2,0.14964813040739947,0.04201565418585046,0.8083362154067502
2,0.12412061074249875,0.07152403842753091,0.8043553508299705
0,0.9383134248161148,0.011673390684799978,0.05001318449908518
2,0.6875959587946211,0.02372020970199069,0.2886838315033882
0,0.33770718687243656,0.042507519629688885,0.6197852934978746
1,0.42361138462116754,0.08173131815605064,0.4946572972227817
2,0.10377415820596872,0.0705457892821533,0.8256800525118783
0,0.9061481605105549,0.018846137102838157,0.07500570238660699
2,0.20746389848765937,0.06128554988351616,0.7312505516288241
0,0.8827286625997839,0.028508469441729235,0.08876286795848715
0,0.6303860939011086,0.09572323472101414,0.27389067137787665
0,0.9285055409115176,0.012446587985487244,0.059047871102995385
2,0.09206131507779984,0.09783737304741248,0.8101013118747873
0,0.9394601698003836,0.012114277470881354,0.04842555272873511
2,0.3751940122004735,0.05117205321463857,0.5736339345848877
0,0.930053899839483,0.012914755066815935,0.0570313450937009
0,0.8647880620375772,0.02728217557852941,0.10792976238389337
2,0.13458377721115095,0.11850405100728838,0.7469121717815608
2,0.1482179963658283,0.03981710413725667,0.8119648994969149
0,0.7184626009163951,0.07064574494191912,0.21089165414168573
0,0.8834941704874325,0.025581449819388116,0.09092437969317954
0,0.9383134248161148,0.011673390684799978,0.05001318449908518
0,0.8682149020470049,0.009870463209368817,0.12191463474362613
2,0.9059253876127902,0.01771401874528907,0.07636059364192077
0,0.9394601698003836,0.012114277470881354,0.04842555272873511
0,0.5402393966857854,0.09656764198123984,0.3631929613329751
0,0.5235166141757398,0.11652005284399918,0.35996333298026106
0,0.7697498887744905,0.020101194719711533,0.21014891650579814
1,0.5370607502639785,0.07577653112456072,0.38716271861146057
0,0.9382434343828627,0.012218626769832805,0.04953793884730444
0,0.4730133424623466,0.08526304927556007,0.44172360826209306
0,0.2982733032701342,0.0734396098107184,0.6282870869191476
0,0.8410772600609797,0.02274028490255559,0.1361824550364645
0,0.2158940978922624,0.05378103631432036,0.7303248657934175
0,0.9105578535772652,0.018375083853692097,0.07106706256904242
2,0.5061324307779762,0.04673526087402629,0.4471323083479976
2,0.17342511342963524,0.07246062027543608,0.7541142662949287
2,0.8630245321674408,0.018703013293861065,0.11827245453869842
2,0.04594398056056659,0.0430270410615319,0.9110289783779016
2,0.8460065162386292,0.03534134274408973,0.11865214101728119
0,0.9375551025614162,0.011975206380498015,0.05046969105808562
2,0.45695652557533933,0.08450752855806799,0.4585359458665926
0,0.6655008298963643,0.06328008657292669,0.27121908353070895
0,0.9309903777218992,0.012259483117402381,0.05675013916069818
0,0.924543947541845,0.013600219922613913,0.06185583253554096
0,0.9394601698003836,0.012114277470881354,0.04842555272873511
2,0.01876068182666996,0.01580402952982722,0.9654352886435028
2,0.8671405014080399,0.02410280828322321,0.10875669030873689
0,0.9366618695723503,0.012144319808184624,0.05119381061946506
1,0.6578449116486226,0.07213217975003522,0.270022908601342
0,0.9332289948569247,0.011805090587997292,0.0549659145550782
0,0.6975638784907606,0.03832785382984205,0.2641082676793976
0,0.9350705173720318,0.011915141048171254,0.05301434157979713
2,0.2528276053706084,0.03596623943481813,0.7112061551945734
0,0.9261101222174851,0.01372689820696829,0.06016297957554667
2,0.2729806967625935,0.04053721067583215,0.6864820925615741
2,0.8172317523969802,0.013718997448902315,0.16904925015411731
2,0.10617818854902454,0.06764430513841382,0.8261775063125616
0,0.20923329914007124,0.05297580962483697,0.7377908912350917
2,0.008237482102180177,0.011654028285643027,0.9801084896121768
2,0.561079268601973,0.10504122234710409,0.3338795090509229
0,0.9013075162993173,0.0197684026158809,0.07892408108480156
0,0.4545099826924844,0.0719286786599728,0.4735613386475428
0,0.87671629672714,0.015266923465439265,0.10801677980742058
0,0.1647509481662694,0.02602207373878491,0.8092269780949457
0,0.9357887209508241,0.011648904397150293,0.05256237465202565
0,0.38973044890023706,0.04087777388423276,0.5693917772155298
1,0.14921559634052106,0.12258469172370179,0.7281997119357773
0,0.5908379076834375,0.022678198289451588,0.3864838940271108
0,0.8035384847681017,0.019764860453676366,0.17669665477822186
2,0.2037054091066136,0.04968954656447223,0.7466050443289143
0,0.4729700193170837,0.09263554871430495,0.43439443196861127
0,0.8588908990160533,0.007021910040625457,0.13408719094332114
0,0.9394601698003836,0.012114277470881354,0.04842555272873511
2,0.9383134248161148,0.011673390684799978,0.05001318449908518
0,0.9394601698003836,0.012114277470881354,0.04842555272873511
2,0.23178945627271072,0.06107685166049936,0.7071336920667898
2,0.7782773840710591,0.029103761447364197,0.19261885448157678
2,0.07119412136605341,0.1777235706598577,0.7510823079740888
2,0.02858410963703398,0.06827120239308057,0.9031446879698853
0,0.8806420921160801,0.011054460107133533,0.10830344777678635
0,0.8194074085508782,0.03089100566081836,0.14970158578830312
2,0.016935348919926287,0.016905624143252848,0.9661590269368211
2,0.385708597661875,0.09393746896965731,0.5203539333684677
0,0.8377256971310361,0.02165566438838402,0.1406186384805798
0,0.9394601698003836,0.012114277470881354,0.04842555272873511
0,0.5974715303682566,0.04324222673248498,0.3592862428992586
0,0.5206153100735429,0.07898518423754786,0.40039950568890925
0,0.17186296646167648,0.1319734780296044,0.6961635555087189
0,0.7973706832241497,0.01564289134479119,0.18698642543105906
0,0.9357887209508241,0.011648904397150293,0.05256237465202565
0,0.7586004186217656,0.01611744043734846,0.22528214094088594
1,0.5466411776946066,0.10464629686705071,0.34871252543834264
0,0.1767085190864338,0.12091819266011379,0.7023732882534521
0,0.9085214776932006,0.0187143747525695,0.07276414755423008
0,0.8244155598098198,0.040948042807044206,0.1346363973831361
2,0.0130575557108139,0.01120311349697074,0.9757393307922153
2,0.6781264170140406,0.07594266960899838,0.24593091337696113
0,0.281848260523908,0.06956362624377875,0.6485881132323132
0,0.9305205564413004,0.01106722529726194,0.058412218261437505
2,0.06905998062947778,0.046392176271486986,0.8845478430990359
0,0.9350705173720318,0.011915141048171254,0.05301434157979713
2,0.00860425268717926,0.011837413578142568,0.9795583337346782
0,0.93212399466833,0.013021240295441801,0.0548547650362278
2,0.8626941075109977,0.018844064754279573,0.11846182773472302
0,0.5448315818769935,0.09644386782789031,0.35872455029511624
0,0.3512528313800032,0.05331543761517424,0.5954317310048225
2,0.01402418065113858,0.016949602116051152,0.9690262172328098
0,0.9383134248161148,0.011673390684799978,0.05001318449908518
0,0.9279436363058466,0.011886031644835707,0.060170332049317744
0,0.8909644596373623,0.02027167443630054,0.08876386592633728
2,0.018798469736546558,0.030292261538034215,0.9509092687254193
