target,prediction_0,prediction_1,prediction_2
2,0.12706281868632396,0.057895941675641265,0.8150412396380348
0,0.7932682875612647,0.027145788603883836,0.17958592383485164
0,0.9114827114287013,0.01636944039503131,0.0721478481762675
2,0.2965738551437702,0.10512675699016374,0.5982993878660658
0,0.6883304879313233,0.034745483173118236,0.2769240288955588
0,0.7659830668028562,0.022017552772998997,0.21199938042414443
0,0.8806481011861019,0.02617676707214188,0.09317513174175604
2,0.07294370104666566,0.03879770381277098,0.8882585951405633
0,0.9276371263553895,0.012704057386614696,0.05965881625799552
1,0.3445769493449208,0.05844237969647315,0.596980670958606
2,0.06485621535684169,0.011913957406830206,0.9232298272363277
0,0.7741880458366324,0.020480035690325332,0.20533191847304244
0,0.8120271644124682,0.022681575657955727,0.1652912599295761
0,0.909034564762485,0.013468403065455001,0.07749703217205994
0,0.9074145959460571,0.02044490297680194,0.07214050107714079
2,0.33034097437221616,0.06970292428730072,0.5999561013404829
0,0.8585193981358875,0.027429614636545755,0.11405098722756608
2,0.48803734675263066,0.10724123385401249,0.404721419393357
0,0.9079984543530484,0.018163001321192276,0.07383854432575916
2,0.3373134962770492,0.07325218095295247,0.5894343227699984
0,0.7942942541256918,0.026434554720329215,0.17927119115397896
1,0.4681162817785277,0.08127809445982506,0.45060562376164726
2,0.13600215797733023,0.039729726821460636,0.8242681152012094
0,0.9185224556271376,0.015744527746343686,0.06573301662651838
0,0.6177379062039533,0.09104392700401899,0.2912181667920278
0,0.9196541365802869,0.01455927748822659,0.06578658593148672
0,0.9296683462891265,0.013347286550096748,0.05698436716077646
0,0.931263911276929,0.012628771426695292,0.05610731729637574
0,0.5496897673117539,0.057562420030117654,0.39274781265812836
0,0.9259553822926063,0.01176667081972168,0.062277946887672214
2,0.2595006060691291,0.07426352995624068,0.6662358639746303
2,0.24688612859318726,0.04520839379001514,0.7079054776167977
0,0.4522944339105483,0.11023954191735863,0.43746602417209296
2,0.520995314591329,0.06035821460613004,0.41864647080254114
0,0.7647040378274588,0.0524113566199124,0.18288460555262892
2,0.21023077265072024,0.04797670067236972,0.7417925266769102
2,0.5969285057068174,0.03734908104519381,0.36572241324798876
0,0.8910232236819492,0.024070861601073922,0.0849059147169768
0,0.5104579640741649,0.04474216629989113,0.44479986962594376
0,0.5199892612743476,0.04084265374290259,0.4391680849827498
0,0.9116540728856412,0.013772971530856526,0.07457295558350234
2,0.49828468950510363,0.1258654485629489,0.3758498619319473
0,0.7873169254282317,0.025492086440417044,0.18719098813135118
0,0.9333698321018719,0.011474204799857668,0.05515596309827092
0,0.9335136796402458,0.011930752121589389,0.054555568238164716
0,0.7182661251156051,0.03798519566311204,0.24374867922128268
0,0.8940141359658861,0.014906631502393375,0.09107923253172082
2,0.7503443107950768,0.03356066335661373,0.2160950258483094
0,0.770075130395019,0.018981287018194386,0.2109435825867868
2,0.4766857387632293,0.07073153539176043,0.4525827258450103
0,0.9117050476361996,0.01954241226517783,0.0687525400986225
0,0.92632453639406,0.013540688624804429,0.0601347749811355
2,0.16122439721631493,0.08867469346035613,0.750100909323329
2,0.41482503689654776,0.05179130870213512,0.533383654401317
2,0.38948944772369015,0.03973834132066016,0.5707722109556496
0,0.9133046152910128,0.01728143860825396,0.06941394610073337
0,0.7928453402464416,0.03885269332690355,0.16830196642665454
0,0.6221713621747377,0.10187187891311802,0.2759567589121442
0,0.9216925564416063,0.014570688298890133,0.06373675525950326
0,0.8959447204560474,0.023573507424530713,0.08048177211942183
1,0.6632354840933397,0.054210375891863054,0.28255414001479695
2,0.7369625439406932,0.03498661220734237,0.22805084385196442
0,0.7758955504602969,0.030033130733173527,0.1940713188065295
2,0.075418057272484,0.017314065184486034,0.9072678775430298
2,0.1857492251202224,0.056324085629718953,0.7579266892500589
2,0.001031689804705152,0.0036952067433204667,0.9952731034519743
1,0.8106417039277364,0.023119135631047224,0.16623916044121648
2,0.41320593919214754,0.03625017663826825,0.5505438841695843
2,0.1761440096750138,0.06020508795054148,0.7636509023744449
0,0.7763307198831936,0.0312377293906418,0.19243155072616416
0,0.9329900801773664,0.011394301045107937,0.055615618777525994
0,0.811411261591981,0.02482765209819475,0.16376108630982442
0,0.9320733791017329,0.012148507453444195,0.05577811344482302
0,0.9304726491666501,0.012612755374105096,0.05691459545924519
2,0.0005144032921810699,0.0011866150519634511,0.9982989816558555
2,0.0891038407670989,0.022976883111037745,0.8879192761218628
0,0.9263606022000734,0.013333332672313156,0.060306065127613315
0,0.4359340725179471,0.04251333616117171,0.5215525913208812
0,0.859781956398106,0.014344847831531012,0.12587319577036293
0,0.8794840320577804,0.013359418455366864,0.10715654948685283
0,0.5331144055318718,0.046431900738525024,0.42045369372960306
2,0.842149061846581,0.018422041406860518,0.1394288967465584
1,0.6790892667122512,0.018778736962978146,0.3021319963247706
0,0.7601596888160066,0.03968511952495223,0.20015519165904117
0,0.7457733754550021,0.03013939926468293,0.22408722528031508
2,0.5689502309110247,0.04074832044355771,0.39030144864541744
0,0.9323338254691255,0.012710552359753605,0.054955622171121134
2,0.2068028676591016,0.09597430290660511,0.6972228294342933
0,0.9309686819190958,0.013287025322479643,0.05574429275842449
0,0.7226553896250052,0.026275572229436862,0.2510690381455578
0,0.8274527253971343,0.01599012898339044,0.15655714561947545
0,0.6304190959866282,0.05743698704885653,0.31214391696451516
0,0.7849313935646566,0.03755410365904561,0.17751450277629796
0,0.9311374311890181,0.012260559659029504,0.05660200915195241
0,0.9336172152511326,0.01134183067278521,0.05504095407608213
0,0.8820935404766652,0.017216853496786297,0.10068960602654847
0,0.9304952672706631,0.012290387115602229,0.05721434561373467
2,0.04742645808432535,0.040964149541535995,0.9116093923741383
0,0.8921356165399261,0.02568013283217921,0.08218425062789476
0,0.6493698134763065,0.05367335508603485,0.29695683143765855
2,0.0876903162629367,0.05464190795373274,0.8576677757833302
2,0.022559249543136123,0.016768241039255557,0.9606725094176086
2,0.05383680440514806,0.0342544967738103,0.9119086988210415
2,0.08355402089602115,0.044467011905082676,0.8719789671988959
0,0.9278925238190389,0.012464365605836952,0.059643110575124066
0,0.9206248978011425,0.013920752662750759,0.06545434953610667
0,0.9185562552270973,0.013559145994316998,0.06788459877858573
2,0.5700245168623066,0.07030141392367356,0.35967406921401973
0,0.5542464120161296,0.04410361395902884,0.4016499740248416
2,0.14776638877975629,0.0634491727185934,0.7887844385016505
0,0.9119363853681347,0.015470192428496916,0.0725934222033682
2,0.284578436520708,0.06822517782897201,0.6471963856503202
0,0.7798211775341527,0.031053160643014104,0.18912566182283325
2,0.18618751020932195,0.05097687887134083,0.7628356109193375
0,0.9258821879309879,0.014062298524060265,0.06005551354495188
0,0.5662325015666171,0.03650133776839656,0.3972661606649864
0,0.9275742169288025,0.013140837458212729,0.05928494561298465
0,0.9291224795468622,0.01341944212489014,0.05745807832824742
0,0.9291031298733469,0.01318190882513389,0.057714961301519214
2,0.4743876596923351,0.06738083919591097,0.45823150111175404
0,0.9150505241861969,0.014660678024441888,0.07028879778936101
0,0.9196832143934025,0.015046400952610336,0.06527038465398724
0,0.7445515398046613,0.034527571030340765,0.22092088916499775
0,0.9329804829582159,0.011953732785379636,0.05506578425640434
0,0.7397912826960473,0.023613512204755653,0.23659520509919688
0,0.7017834327825948,0.05133438786309896,0.24688217935430673
0,0.7983422252086467,0.024681422459942762,0.17697635233141087
0,0.8248854563256577,0.019268257272258654,0.15584628640208373
2,0.3232759976430658,0.09072035133433534,0.5860036510225989
0,0.8975968579344165,0.020681150110276526,0.08172199195530698
2,0.1769296483525637,0.032050459415222284,0.7910198922322138
0,0.6873762787760223,0.033543227587828066,0.2790804936361496
2,0.08260939506740798,0.04177361265982894,0.875616992272763
0,0.9108726918964318,0.016343904570565452,0.07278340353300294
2,0.6796456304241755,0.09368691612781811,0.2266674534480065
2,0.5852263555411912,0.04153262620908355,0.37324101824972555
0,0.6866983646169984,0.07885962974524181,0.2344420056377597
0,0.9338205252518393,0.011393170611111718,0.05478630413704922
0,0.9059913034043819,0.01673571833514855,0.07727297826046951
2,0.7882576041055845,0.016458993076605415,0.19528340281781026
0,0.5023807133827185,0.07446002335568956,0.42315926326159187
0,0.3413336434787739,0.06401240638530994,0.5946539501359164
0,0.7441736522059178,0.03805383488503037,0.21777251290905197
0,0.40921714235308426,0.04149864956714617,0.5492842080797696
0,0.7990059426926496,0.03174072288716405,0.16925333442018628
0,0.8985353602993704,0.010680186742714683,0.09078445295791472
2,0.2167484603128739,0.0617473107868072,0.7215042289003188
0,0.9168195278360705,0.015392649586642618,0.0677878225772865
0,0.8103073229312714,0.0319400620240695,0.15775261504465912
2,0.2510082506305761,0.059651117288758375,0.6893406320806653
0,0.9313740269898908,0.01211626912001399,0.0565097038900954
2,0.3536254936498566,0.06606383938892142,0.5803106669612219
0,0.9336172152511326,0.01134183067278521,0.05504095407608213
0,0.9016576220397369,0.012853109039691467,0.08548926892057149
0,0.5251945792196271,0.03317227981264575,0.44163314096772727
0,0.6983905554291203,0.03119726811191178,0.27041217645896765
2,0.11873663597881459,0.04787853413703018,0.8333848298841554
2,0.06343761903481283,0.021737319701603013,0.9148250612635839
2,0.761909853257968,0.021102108301909048,0.21698803844012304
0,0.9223940141651408,0.014213841664014003,0.0633921441708453
0,0.1011487812919051,0.045029919213212054,0.8538212994948823
0,0.9314642049627655,0.011968277216935806,0.05656751782029868
2,0.7932050353335887,0.02661742779096988,0.18017753687544105
2,0.7341690296884809,0.03245316157307504,0.23337780873844396
0,0.758875097222055,0.02556034346116459,0.2155645593167805
2,0.4061420667488064,0.057131564503057654,0.5367263687481361
0,0.9282562679295031,0.013257655746386746,0.05848607632411042
2,0.014817263923659705,0.007448652242261159,0.9777340838340791
2,0.7331542815510714,0.030016171917667075,0.23682954653126104
0,0.9233734928312136,0.014005631008333148,0.06262087616045328
0,0.6096917902018839,0.06950531738946683,0.3208028924086496
1,0.40785071379437404,0.05073971836517297,0.5414095678404531
2,0.2716686619869551,0.04761748408380563,0.6807138539292391
0,0.689697068720311,0.043799068481370294,0.26650386279831856
2,0.4146617549912335,0.09585065703134396,0.48948758797742264
2,0.17313222206504977,0.0554333277541866,0.7714344501807637
0,0.9299638239967041,0.011874669186246106,0.058161506817049784
0,0.21052006005687635,0.045717216464152305,0.7437627234789711
2,0.29360773198979156,0.06873752150169447,0.6376547465085141
0,0.931366581031161,0.012751339986297924,0.055882078982540904
0,0.3714365919398175,0.0607255478002515,0.5678378602599309
0,0.5299985979207795,0.07567902419197688,0.3943223778872437
2,0.0283984973883811,0.004255127826734208,0.9673463747848847
0,0.9255592741509111,0.014699033373865203,0.05974169247522386
2,0.3441893078906261,0.08375039832508399,0.5720602937842901
2,0.5518596624564233,0.04768856341121839,0.4004517741323585
1,0.5951000460272511,0.09592950708834679,0.308970446884402
0,0.3647342007190102,0.04136308788071561,0.5939027114002744
2,0.5328641705286893,0.037272356862366185,0.4298634726089445
2,0.36120755435953816,0.12334569085013031,0.5154467547903315
0,0.7164329655773752,0.06982215040789488,0.21374488401472994
0,0.9286858886329137,0.012899924876389506,0.05841418649069672
0,0.5671956466656237,0.03837286536255799,0.3944314879718185
2,0.29433714417021223,0.0536145786039412,0.6520482772258464
2,0.3998263939792128,0.05119624283010121,0.548977363190686
0,0.9206052080136755,0.012917306239448924,0.06647748574687586
0,0.610438609430424,0.05046295306423565,0.3390984375053403
0,0.9312328909353682,0.01250974495375158,0.05625736411088053
2,0.6844955341807772,0.024815928509404356,0.29068853730981836
0,0.9237840840256264,0.012325120916888924,0.06389079505748507
0,0.8932587215461043,0.0170184916818205,0.08972278677207496
0,0.9222373123701183,0.014702176589940635,0.06306051103994087
2,0.8157700452405827,0.028031329312750795,0.15619862544666624
0,0.930176789449938,0.013365185911392513,0.056458024638669696
0,0.777312888289954,0.022393870716452765,0.20029324099359316
0,0.3403900520808913,0.03990334796860599,0.6197065999505027
0,0.9028988149468302,0.01273926210825524,0.08436192294491418
2,0.4229953452768342,0.07123512446914047,0.5057695302540253
0,0.9289852298450035,0.01295216926610534,0.05806260088889117
2,0.14322416770270394,0.014383558174963876,0.8423922741223319
0,0.9243937884737394,0.014632626937207063,0.060973584589053366
2,0.8580749158635237,0.03164609388030929,0.11027899025616701
2,0.17857692127407887,0.06735581362292996,0.7540672651029912
2,0.15701619064130423,0.034597109393823815,0.8083866999648719
0,0.6776346242906645,0.04815774599335895,0.27420762971597673
0,0.8360829397536648,0.03607970647841483,0.12783735376791994
0,0.9226362930815062,0.013728916582370925,0.0636347903361226
0,0.6985667344830835,0.039376421201070495,0.26205684431584564
2,0.8984219370477466,0.011150863495936109,0.09042719945631716
0,0.9157523371697783,0.017681903977762113,0.06656575885245967
0,0.36379346758445463,0.06706986601461135,0.5691366664009336
0,0.8202055826147614,0.02955603088925075,0.150238386495988
2,0.8992745451676737,0.017776613495154574,0.08294884133717165
2,0.4192863882713868,0.043817434904799425,0.536896176823814
2,0.13107424082826882,0.03477957311005512,0.8341461860616761
0,0.929004308818068,0.014126015739919463,0.056869675442012414
0,0.9186041522508658,0.013026160838050357,0.06836968691108379
2,0.4410087157757462,0.041747569628546595,0.5172437145957071
2,0.1305076304659638,0.02411623283094326,0.8453761367030926
2,0.24940541813844064,0.06341575641234759,0.6871788254492118
0,0.8187926208258632,0.026551259341467896,0.1546561198326689
2,0.024335269996244066,0.024119254770086845,0.951545475233669
0,0.8871533280430303,0.027979476089021488,0.08486719586794837
0,0.9211401508088015,0.012015224399081956,0.06684462479211652
0,0.21668121956973185,0.04748943234314679,0.7358293480871213
0,0.5435357007718358,0.03040996661422995,0.4260543326139343
2,0.5136630548513551,0.03238978720012426,0.4539471579485207
2,0.9197721051289469,0.01342526994146276,0.0668026249295903
0,0.9331123807939112,0.012095620677918802,0.05479199852816995
2,0.6328179396854933,0.019430781727880354,0.3477512785866264
2,0.31112483011584696,0.04941512534685482,0.6394600445372981
0,0.7647616790559393,0.03957161023937257,0.19566671070468825
0,0.9321689093451541,0.012694201436199532,0.055136889218646366
0,0.9313139953416399,0.011907629321678824,0.056778375336681126
0,0.8775547133800717,0.02638588313609114,0.096059403483837
2,0.02807364387935281,0.019858817195104767,0.9520675389255423
0,0.41229854528464926,0.07266326616389705,0.5150381885514537
0,0.7629865783417512,0.030608126576282327,0.20640529508196592
2,0.18045236911963955,0.03193860913458618,0.7876090217457743
0,0.9128180315700133,0.017133058338266286,0.0700489100917204
0,0.21743934043447194,0.06813633779798423,0.7144243217675441
2,0.3068544024291667,0.03434552802087565,0.658800069549958
2,0.09378992705475421,0.0314250640692609,0.8747850088759851
1,0.2654290539204293,0.028713264664838114,0.7058576814147328
0,0.9312392337312052,0.012237503225322879,0.0565232630434717
0,0.8751004467712364,0.013023015258116248,0.11187653797064755
2,0.3388524526272388,0.05521967391681465,0.6059278734559465
0,0.9151267356906668,0.013987152822328042,0.07088611148700505
0,0.9253092044228933,0.011368958872535919,0.0633218367045711
1,0.28276800917037753,0.087066312780945,0.6301656780486775
0,0.7758104262238977,0.0302597581076544,0.19392981566844827
2,0.38016592672013716,0.08249319011388523,0.5373408831659773
0,0.31881254674023835,0.0711278622677434,0.6100595909920182
0,0.9330517235818675,0.012611049872191415,0.05433722654594125
2,0.19699745505630006,0.06562696061402928,0.7373755843296712
0,0.5512264921536133,0.03987266479652834,0.40890084304985846
0,0.5397348189676372,0.09926125703838899,0.36100392399397374
0,0.6520943501581632,0.03164695247332523,0.3162586973685115
2,0.5267673590954478,0.06804383858198543,0.40518880232256654
2,0.029804710724312924,0.01997008431321589,0.9502252049624713
0,0.8239572912295551,0.04285221904951861,0.13319048972092631
2,0.24911980687103144,0.0408235348830027,0.7100566582459662
0,0.9241087496534163,0.014271387041902183,0.06161986330468129
2,0.36893335222993284,0.10825692460382025,0.5228097231662469
0,0.8960530925400108,0.01623067292730947,0.08771623453267986
0,0.6831609814986325,0.046146209863972006,0.2706928086373952
2,0.7733482189343079,0.028872828324578558,0.19777895274111346
0,0.568301752685014,0.07423185788742535,0.3574663894275606
2,0.4828208408856173,0.07373893743602626,0.4434402216783564
0,0.9280750355716438,0.012679767746301413,0.05924519668205459
2,0.9329804829582159,0.011953732785379636,0.05506578425640434
0,0.8549911507587441,0.028135570263286426,0.11687327897796895
0,0.9281597701722821,0.011502888179718864,0.06033734164799877
0,0.5588505127290582,0.06517124958066954,0.37597823769027267
0,0.9275013385933959,0.013746837934698301,0.058751823471905974
2,0.1203169629318275,0.03975884730222825,0.8399241897659444
0,0.42152574705715273,0.0448199607780322,0.5336542921648152
0,0.8605776194300173,0.010431464624153413,0.1289909159458296
2,0.05536886890278147,0.02906933296741656,0.9155617981298018
0,0.9290312945904429,0.013761980459499038,0.057206724950057956
0,0.912695322004285,0.014700046065057936,0.07260463193065686
0,0.8692667445911575,0.028355401161444884,0.10237785424739788
2,0.20114500634561813,0.082228941915445,0.7166260517389368
2,0.014266802496486401,0.02092727684116436,0.9648059206623489
2,0.31324341279639095,0.03661460231256768,0.6501419848910415
2,0.24226196895909535,0.04766350417870823,0.7100745268621962
2,0.5122742742490354,0.03962106820081607,0.4481046575501484
2,0.46505374371805436,0.06193148490921178,0.47301477137273384
0,0.8227413028903569,0.022248689019277013,0.15501000809036616
0,0.9247389779111166,0.013607663208421732,0.061653358880461716
0,0.9235613811801214,0.014307597069888305,0.062131021749990044
1,0.5927558839670523,0.10177862906728426,0.30546548696566334
1,0.8541370245771772,0.019022280480465163,0.12684069494235795
0,0.817385326053648,0.022271972613606486,0.16034270133274547
2,0.12174987634795466,0.04304531902913066,0.8352048046229146
2,0.8584460319086884,0.010947079185200558,0.1306068889061111
0,0.521804901496259,0.08105404048067742,0.3971410580230635
0,0.9278515122851929,0.013057782095360279,0.05909070561944673
0,0.9145054597253385,0.014030201151884504,0.07146433912277707
2,0.27228740977235355,0.10059447539956615,0.6271181148280802
0,0.49253489065573103,0.04677131019325964,0.46069379915100916
0,0.9068065189373362,0.01722668382678649,0.0759667972358771
0,0.90320789563453,0.01748104714558457,0.07931105721988553
2,0.7043529282117016,0.03160289872801824,0.26404417306028
0,0.9058652086013409,0.018967389862806987,0.0751674015358521
0,0.9318793622188902,0.012678284690159372,0.05544235309095049
0,0.5468880748824414,0.084290043949406,0.36882188116815245
0,0.9037315931208619,0.014827968409287686,0.08144043846985058
0,0.8057024029227896,0.02405708053024979,0.17024051654696065
2,0.5619642406388319,0.08924332252088328,0.3487924368402846
0,0.9284503310435616,0.012701916329766434,0.05884775262667217
0,0.886484678622413,0.026881464055025776,0.08663385732256142
0,0.8277347832494789,0.02740287741077968,0.1448623393397415
2,0.7007664233579974,0.03306866209948818,0.26616491454251445
0,0.4786952192632566,0.049178249450987616,0.47212653128575577
0,0.5982243278586321,0.05027559484039608,0.35150007730097194
2,0.18366131990649337,0.07782053260174465,0.7385181474917618
0,0.7877754596755128,0.023257528408211502,0.1889670119162761
2,0.3805376341907026,0.08137584449716546,0.5380865213121319
2,0.3882520802299003,0.05476011310799993,0.5569878066620997
0,0.9327705985606329,0.01177256353753155,0.05545683790183572
0,0.8009092001047436,0.044070507729349076,0.15502029216590735
0,0.7655778966286115,0.020060412426056228,0.21436169094533242
2,0.5542388477607918,0.07007487043520771,0.37568628180400054
0,0.8895605947429747,0.024466249778122885,0.08597315547890239
2,0.7434328474576626,0.03685706067348418,0.21971009186885365
2,0.5009941790210877,0.04459109803221931,0.45441472294669294
0,0.9250089243293282,0.013498947403930898,0.0614921282667406
0,0.8617153834229659,0.02947575215800498,0.10880886441902926
2,0.1597411460624006,0.0661854871383166,0.7740733667992826
0,0.5139325198310775,0.05507989941780043,0.4309875807511225
0,0.6238101306492732,0.024729840339129554,0.3514600290115974
0,0.7339224465837378,0.03334781207546396,0.23272974134079832
0,0.9218165073932043,0.014271798734668798,0.06391169387212685
0,0.5170295003666447,0.03241883459710517,0.4505516650362501
2,0.09951982149542425,0.030577800171983804,0.8699023783325921
0,0.9313139953416399,0.011907629321678824,0.056778375336681126
0,0.6784380819245098,0.07211125963022667,0.24945065844526337
1,0.30833477375067886,0.06335582895673969,0.6283093972925814
0,0.6249949856147331,0.0372563630378027,0.33774865134746396
2,0.5188044961455391,0.035365065200368834,0.44583043865409194
2,0.33312075560828436,0.05413134899290775,0.6127478953988078
0,0.8491354975326184,0.01162669906502814,0.13923780340235375
0,0.9238033474188548,0.014844400203754762,0.06135225237739043
2,0.07106244884027191,0.031784229346330135,0.8971533218133978
0,0.9229308532965715,0.013247848044482298,0.06382129865894642
2,0.1209675511188721,0.05270422221599533,0.8263282266651325
0,0.934132683330527,0.011331925571458314,0.05453539109801497
0,0.8582217688912026,0.02924745906988729,0.11253077203890972
0,0.7050053752606926,0.04270979880326206,0.2522848259360451
0,0.9337461005622663,0.011241458353510283,0.05501244108422371
2,0.33710019170554645,0.07111520249716803,0.5917846057972852
0,0.9268125888479621,0.013388661289480651,0.05979874986255725
0,0.8352787329814829,0.0235768967858529,0.14114437023266393
0,0.7589219858919235,0.026076872552400977,0.21500114155567554
0,0.899424844611931,0.013279278721699801,0.08729587666636934
2,0.45862859169307085,0.041082213934728676,0.5002891943722005
0,0.8343377861341464,0.040015845638092074,0.12564636822776176
0,0.42298083283959376,0.07861402382702232,0.498405143333384
0,0.6593206230196763,0.04856105425084532,0.2921183227294784
0,0.8818738000239308,0.021765425855262813,0.09636077412080611
2,0.37018907372758303,0.05533323920147961,0.5744776870709372
2,0.33585453288289185,0.05365938884463677,0.6104860782724715
0,0.481528836952293,0.027490415541006136,0.49098074750670084
0,0.7966778825249331,0.031897638374420174,0.17142447910064634
2,0.5518580454310072,0.05366183080059298,0.3944801237683996
0,0.8681295426859388,0.03084905904850094,0.10102139826556042
0,0.9319962129992541,0.012990165223857991,0.05501362177688822
0,0.9267268814221191,0.013511716362574002,0.05976140221530691
0,0.9330737272800842,0.012247515687344016,0.0546787570325719
0,0.9321073181712117,0.011836202267734656,0.056056479561053495
0,0.6951914520002458,0.027537458528417325,0.27727108947133694
2,0.13270609682183718,0.05420037702076954,0.8130935261573933
0,0.7501397573284527,0.027423696944852763,0.22243654572669472
0,0.6922701592429648,0.046357967739492585,0.26137187301754256
2,0.3016313761880566,0.04216368675903042,0.656204937052913
2,0.41299610406591203,0.04179350759138897,0.545210388342699
2,0.43961260455846246,0.06179483949667259,0.4985925559448648
0,0.4575715993378497,0.06234495621740247,0.48008344444474776
0,0.7411805178437374,0.037564576132434926,0.2212549060238272
0,0.9306194852897833,0.013069592193456577,0.05631092251676011
0,0.4348416014743704,0.0627738621577444,0.5023845363678853
2,0.6397031650091042,0.03394652266515306,0.32635031232574296
0,0.9300286696145441,0.01310050152776089,0.056870828857695024
2,0.2892247173052674,0.11009567599746667,0.6006796066972657
0,0.8216359825222347,0.024626579652192233,0.15373743782557298
0,0.9105084296882218,0.018641241831748524,0.0708503284800296
0,0.3940152563196539,0.057959369713064784,0.5480253739672813
0,0.6693292210244676,0.028238303856341677,0.3024324751191907
2,0.7195654051952012,0.03968679787633213,0.24074779692846662
0,0.5417837476504587,0.08658489946217633,0.37163135288736515
0,0.9000668305395122,0.014468273562489208,0.08546489589799866
0,0.5082669461713608,0.06956390153655734,0.4221691522920819
2,0.9336172152511326,0.01134183067278521,0.05504095407608213
0,0.5983866230691223,0.021368384181680262,0.3802449927491975
0,0.47610795376852927,0.10287603526729286,0.4210160109641777
1,0.18234841950489097,0.09678454185377412,0.7208670386413346
0,0.8336101034006129,0.025293405366823982,0.14109649123256307
0,0.9304236094705632,0.0126333100259046,0.05694308050353239
0,0.8771535209269884,0.015067909119832733,0.10777856995317855
0,0.7821625805528917,0.023366258623223914,0.1944711608238843
0,0.9167501929835278,0.015442519791801489,0.0678072872246709
0,0.9330625735817406,0.012302212331878877,0.054635214086380536
2,0.31147435504131527,0.042652641371945306,0.6458730035867395
2,0.29140017899698684,0.05265397829837163,0.6559458427046418
0,0.9081037897168731,0.018177673493959125,0.07371853678916776
2,0.6155899251020194,0.09132503414803819,0.29308504074994246
2,0.3590926720514308,0.06114654929088975,0.5797607786576797
0,0.9171691981208897,0.011714616922222813,0.07111618495688739
0,0.9223665827023401,0.014607708679713097,0.06302570861794685
2,0.6754430399689779,0.05067371759445369,0.27388324243656825
0,0.7865779565210612,0.03914462274251867,0.17427742073642008
2,0.2501697978985758,0.03270821883554588,0.7171219832658784
0,0.5396656457404448,0.059064255961276575,0.40127009829827853
2,0.19062113764613114,0.049665579669696515,0.7597132826841722
2,0.049646786013541916,0.027656280099576627,0.9226969338868812
2,0.000560880011861461,0.0035539638054673593,0.9958851561826711
2,0.10401999978129657,0.05662143951745846,0.8393585607012449
0,0.9327592512643662,0.01239225621865532,0.054848492516978625
0,0.9095204495615241,0.013528713088639207,0.0769508373498368
1,0.4755845608010321,0.08657375798855943,0.43784168121040845
2,0.22083809801470541,0.05367609251075106,0.7254858094745438
0,0.9195367951538685,0.014986095458260924,0.06547710938787048
2,0.6185777288351877,0.05218033550950338,0.3292419356553086
0,0.2458143598129896,0.039690347609912635,0.7144952925770979
0,0.6421454516950491,0.03732760883263686,0.3205269394723143
0,0.8321718051970493,0.026977444670339735,0.140850750132611
0,0.9336172152511326,0.01134183067278521,0.05504095407608213
0,0.800495032491121,0.016992529174755838,0.18251243833412306
0,0.5178796640678022,0.041234677589594586,0.4408856583426032
2,0.2726346991641263,0.07748343773985727,0.6498818630960163
0,0.9307780128594882,0.012388316709737553,0.05683367043077467
2,0.8878021995680148,0.01578877835024288,0.09640902208174246
2,0.10712549388978321,0.038974246823297816,0.8539002592869189
0,0.9324596651171044,0.012236127550097613,0.05530420733279812
0,0.9332920410475156,0.012330917843115519,0.05437704110936928
0,0.9252136740247942,0.013850446328593046,0.060935879646612595
0,0.9278017050730223,0.013264373749320355,0.05893392117765733
0,0.8128623528533407,0.022162530021300468,0.164975117125359
0,0.9148338224191987,0.016783615316845094,0.06838256226395575
0,0.8735169135525618,0.03373900372703458,0.09274408272040374
0,0.9329804829582159,0.011953732785379636,0.05506578425640434
2,0.29727792839238876,0.06720121274668533,0.6355208588609257
0,0.9242874120794523,0.011033382250003963,0.06467920567054371
2,0.13611117578744747,0.029763946393815792,0.8341248778187369
0,0.7893153528335071,0.024315897291885172,0.1863687498746076
2,0.2176394513441029,0.031648281924568644,0.7507122667313286
0,0.8419297958069281,0.021879900959447498,0.13619030323362466
2,0.013129784016662463,0.005895844463240842,0.9809743715200966
2,0.47962158268754795,0.05720750695359171,0.4631709103588603
0,0.9140224365508959,0.015969233751556875,0.0700083296975474
2,0.23969836072325174,0.0429092088455372,0.7173924304312111
0,0.9314170163953901,0.012202246655686854,0.05638073694892346
0,0.8378457018444319,0.018980827528463466,0.14317347062710464
0,0.899050922688278,0.017048250212607308,0.08390082709911467
2,0.3726269109505762,0.07529767255837311,0.5520754164910505
0,0.9261004466293892,0.014446996103781556,0.059452557266828986
0,0.5594641509265806,0.07712595246682785,0.3634098966065915
2,0.1497754430136753,0.054855830779816546,0.7953687262065079
2,0.16234569258917636,0.06257398568693182,0.7750803217238921
2,0.1957033052742568,0.11685835549418185,0.6874383392315615
2,0.13029615575400855,0.03915653733500699,0.8305473069109841
2,0.034275468541620537,0.018753889125579258,0.9469706423327999
0,0.7113697956855797,0.029540690592396997,0.2590895137220237
2,0.04525226484126708,0.007262524943643183,0.9474852102150895
2,0.3785329848467488,0.06911644777916186,0.5523505673740895
2,0.007762877357535276,0.007617300314352083,0.9846198223281126
2,0.03821996940606743,0.021496361048010743,0.9402836695459217
0,0.7557955505892533,0.03959175045421875,0.20461269895652792
2,0.6943525087944158,0.02446391175608034,0.28118357944950406
0,0.851955078771433,0.03658913383590371,0.11145578739266346
0,0.9246921935934352,0.01223012047205671,0.06307768593450816
0,0.8278213024777652,0.022052483011493013,0.15012621451074185
0,0.7946961395403683,0.03785308288197781,0.167450777577654
0,0.6370140356668766,0.028709502632457144,0.3342764617006662
0,0.9313614782962312,0.012622361728665227,0.056016159975103466
2,0.16910562629270412,0.04607869235943468,0.7848156813478612
2,0.5188388740507455,0.08797147448843871,0.3931896514608158
2,0.7710478735025719,0.03034895846806841,0.19860316802935957
2,0.3185518883681312,0.04626247899172333,0.6351856326401454
2,0.0035701873653264013,0.003342320229342111,0.9930874924053315
0,0.9327195721431651,0.011742184177889591,0.055538243678945345
2,0.15610229445204574,0.052784989232100274,0.7911127163158538
2,0.012580564207177842,0.005907971199838854,0.9815114645929832
0,0.9300286696145441,0.01310050152776089,0.056870828857695024
0,0.7948855895875974,0.02956338153743904,0.17555102887496363
0,0.7896672472616336,0.028941908708324478,0.18139084403004196
2,0.04338857415457672,0.021721707049176246,0.9348897187962473
2,0.15120262236490414,0.03530871277674972,0.813488664858346
1,0.7971033348707681,0.041965228246091224,0.16093143688314082
0,0.3226652422530763,0.03884710269465159,0.6384876550522721
0,0.7859481085618195,0.019901359685716727,0.194150531752464
2,0.5619814786839559,0.03459764497207111,0.4034208763439729
0,0.9112554686311058,0.01649673066001618,0.07224780070887803
0,0.4941694977937298,0.11004828917341783,0.3957822130328527
0,0.9284134971574308,0.012049333300572599,0.059537169541996754
0,0.530391330700677,0.057449273431848455,0.41215939586747424
2,0.12435178373949948,0.06049963603200628,0.8151485802284942
2,0.012965999625687386,0.004302745267667745,0.9827312551066445
2,0.19881816947722186,0.059772844700059835,0.7414089858227182
2,0.9087625977074141,0.012414777095027963,0.07882262519755777
0,0.4245583884970328,0.04608132411786912,0.5293602873850982
0,0.6391347896949436,0.0798461857397846,0.2810190245652718
2,0.5946821664117488,0.0440846846551559,0.3612331489330953
0,0.7768607090081355,0.031929445632253646,0.1912098453596105
2,0.7480217915431298,0.025519294402506307,0.2264589140543639
0,0.9277558530575281,0.012271768777326853,0.05997237816514503
0,0.5926836747699182,0.030109352180588387,0.3772069730494931
2,0.475641029523407,0.05581103143099212,0.46854793904560066
2,0.5825999278878778,0.038040092395291644,0.3793599797168304
0,0.9133941175066752,0.017504716762805083,0.06910116573051979
0,0.5308527610864957,0.0391445119962536,0.43000272691725067
2,0.5641810217570595,0.0826869808165753,0.3531319974263654
1,0.39566209748890785,0.053975507881286355,0.5503623946298057
0,0.7222888422661933,0.01963333040918075,0.25807782732462603
2,0.03361451092428155,0.04336214398757927,0.9230233450881389
0,0.8788140747574761,0.013350011764851127,0.10783591347767253
0,0.32934350856457945,0.06806257398737138,0.6025939174480492
0,0.9173961237835302,0.013512323762694876,0.06909155245377516
2,0.12329802761176785,0.05385125521821136,0.8228507171700207
1,0.4201951803139512,0.07314248630052783,0.5066623333855207
0,0.9318115290751526,0.012109031694249666,0.05607943923059746
2,0.24777414401980236,0.033811661979985815,0.7184141940002121
0,0.915893136307556,0.01408332376562595,0.07002353992681785
0,0.8787429259132029,0.01974976198651361,0.10150731210028344
0,0.6391113321075965,0.037051747281794147,0.32383692061060954
1,0.5992546572179178,0.07266175394853795,0.3280835888335443
2,0.0008208929072049342,0.0011280446086480568,0.998051062484147
2,0.3435866399574704,0.07031021162241298,0.5861031484201167
2,0.3504419007776606,0.04973076274915827,0.5998273364731813
2,0.43645053518769494,0.07389668402261786,0.4896527807896873
2,0.23009745349570437,0.07104139574828221,0.6988611507560132
0,0.9267886273815965,0.01364593625143057,0.05956543636697263
2,0.4992235783869093,0.038221340932847535,0.46255508068024304
0,0.33357706639524926,0.04221164171792371,0.6242112918868271
1,0.3091831054187833,0.05378799128791923,0.6370289032932974
2,0.23234521585844675,0.06414880658217773,0.7035059775593754
0,0.8791028386761128,0.026263342244678977,0.09463381907920845
2,0.0987360475918173,0.030241835813337416,0.8710221165948452
0,0.9036806472021635,0.02129649193463254,0.07502286086320371
0,0.5394432189408563,0.07181506389552104,0.3887417171636227
0,0.9219261766800665,0.014642173142188672,0.06343165017774446
2,0.0725985906524653,0.04011920652203522,0.8872822028254993
0,0.930104306950445,0.01246329488167972,0.0574323981678752
2,0.4211852526412994,0.05416132064985087,0.5246534267088497
0,0.9270764345946898,0.013793680260021524,0.05912988514528841
0,0.8670645314463701,0.02929106760219528,0.10364440095143412
2,0.42624158905466136,0.11119040992293962,0.4625680010223989
2,0.11042205413420089,0.04508700643672498,0.8444909394290735
0,0.5941239116442542,0.06276250830674404,0.3431135800490017
0,0.893218707747403,0.031220384925391354,0.07556090732720587
0,0.9286974030050961,0.01344211216667922,0.05786048482822447
0,0.9026043249977961,0.012555121721467603,0.08484055328073599
2,0.9156480784670801,0.01683960845056932,0.06751231308235026
0,0.9313238749074252,0.012366610544590885,0.056309514547983684
0,0.5401309322919151,0.0826550637256642,0.3772140039824209
0,0.5806736766248386,0.11273664773665931,0.30658967563850226
0,0.5073889814411693,0.03234562389047438,0.46026539466835636
1,0.6260970626093718,0.06711637245594346,0.3067865649346848
0,0.9330517235818675,0.012611049872191415,0.05433722654594125
0,0.4008276258037945,0.06588271977983047,0.5332896544163749
0,0.3182219339212813,0.05006929441585621,0.6317087716628624
0,0.930722515306456,0.012842910409415586,0.056434574284128534
0,0.36323222861263355,0.03648766226151719,0.6002801091258493
0,0.8808557232573351,0.027324236146327535,0.09182004059633704
2,0.4651157504438064,0.039979331101249495,0.4949049184549442
2,0.1649256858728995,0.040461077195530215,0.7946132369315709
2,0.818336168007354,0.023530235556190597,0.15813359643645547
2,0.27561284589495466,0.050531773542313446,0.6738553805627318
2,0.8510340698983643,0.03448560874526819,0.11448032135636717
0,0.9338842645063075,0.011953163808508646,0.0541625716851839
2,0.24018261907995755,0.06234624202696438,0.697471138893078
0,0.5061966633635118,0.06570228376258493,0.4281010528739034
0,0.935851009067785,0.010666136289316161,0.053482854642899126
0,0.920253410247957,0.014717781976917315,0.06502880777512575
0,0.9259114235381753,0.013991488360118966,0.06009708810170573
2,0.12977344652618025,0.04833534960307722,0.8218912038707427
2,0.7067455649312091,0.05257251713863115,0.24068191793015992
0,0.9327066685302166,0.011169119101109907,0.05612421236867344
1,0.6966029934750642,0.06674047077658765,0.23665653574834825
0,0.9316698029689647,0.011848179694458791,0.056482017336576366
0,0.693900688562054,0.04336666282878841,0.2627326486091575
0,0.9298079695015099,0.011951158148654946,0.05824087234983517
2,0.044491524962504976,0.018117444167322933,0.937391030870172
0,0.9196245001139632,0.0145223607161365,0.06585313916990031
2,0.23643426661816616,0.044619033622901184,0.7189466997589328
2,0.7629585462895723,0.022931854822547625,0.21410959888787987
2,0.31492645239604916,0.08796396536902507,0.5971095822349258
0,0.18635367232566052,0.034991817226490154,0.7786545104478493
2,0.000937207122774133,0.0015103557983166581,0.9975524370789092
2,0.5577571766205485,0.07955802381101869,0.36268479956843275
0,0.8996867782233621,0.022747055794494625,0.07756616598214332
0,0.440590511979618,0.06373691380294084,0.495672574217441
0,0.769540508929735,0.04141464089486864,0.18904485017539638
0,0.06393877129589805,0.009977468732554621,0.9260837599715473
0,0.9285752132559861,0.012505429173361303,0.058919357570652565
0,0.4492545014313,0.06382327244429707,0.4869222261244027
1,0.23769468828063336,0.056946823723552906,0.7053584879958139
0,0.5707400678076668,0.024643018234875795,0.40461691395745714
0,0.754897554984389,0.027719482393824928,0.21738296262178616
2,0.32223296585662164,0.0688094815559566,0.6089575525874219
0,0.5861543716533064,0.07474437784030392,0.3391012505063897
0,0.9024556767301335,0.01392017134546151,0.08362415192440517
0,0.9312551087573734,0.01163187269561499,0.05711301854701168
2,0.9288726474820186,0.013536290229103971,0.05759106228887717
0,0.9307219120753434,0.011654853359405238,0.057623234565251306
2,0.4009607485282789,0.053828809535361115,0.5452104419363599
2,0.6871490310845995,0.055227651529362286,0.25762331738603816
2,0.11542933692476666,0.07539978270724211,0.8091708803679912
2,0.05284722903389263,0.024050193049764825,0.9231025779163428
0,0.8982129329290597,0.014266165652835111,0.08752090141810562
0,0.9336172152511326,0.01134183067278521,0.05504095407608213
2,0.0014413040265439485,0.000311382284872712,0.9982473136885833
2,0.3996275598709825,0.08565705556816128,0.5147153845608561
0,0.8336101034006129,0.025293405366823982,0.14109649123256307
0,0.9268300113485184,0.01353930069389347,0.05963068795758829
0,0.7895176568011677,0.02973773768451836,0.18074460551431396
0,0.4992351884387965,0.06777607480946711,0.4329887367517362
0,0.6976790921061393,0.061816731443279364,0.24050417645058147
0,0.8418617968567238,0.027600442103874783,0.13053776103940143
0,0.9292022320377388,0.012475756412885095,0.05832201154937613
0,0.8599190232685971,0.020952099354167884,0.11912887737723475
1,0.5248827490302735,0.10500010743851908,0.3701171435312071
0,0.29943462592965775,0.06896987909941539,0.6315954949709269
0,0.8871840044523707,0.021160996968949814,0.0916549985786796
0,0.8197947301863195,0.03784412839865102,0.14236114141502956
2,0.02886232412458349,0.029015607214243497,0.9421220686611728
2,0.5980523615678186,0.06283529183147651,0.3391123466007049
0,0.5676094319657677,0.05375646067434389,0.3786341073598883
0,0.9284134971574308,0.012049333300572599,0.059537169541996754
2,0.43776140812012704,0.06585893540385873,0.49637965647601423
0,0.9258437251600707,0.013069692482350266,0.0610865823575789
2,0.0,0.00015408320493066256,0.9998459167950694
0,0.9321075101266771,0.01231839984806639,0.05557409002525648
2,0.8172190362590406,0.024999671393222116,0.15778129234773755
0,0.5900030311964837,0.07189420946460354,0.33810275933891276
0,0.4324543496543405,0.032392556743661496,0.535153093601998
2,0.004910475322685533,0.0006734476382444408,0.99441607703907
0,0.9269471206288072,0.01398806596833288,0.05906481340285968
0,0.9226086172655511,0.012396808903023748,0.06499457383142501
0,0.8328032164736445,0.03348128507772005,0.13371549844863537
2,0.15238371262115122,0.06824846389052566,0.7793678234883232
0,0.6920075588842072,0.029583385183520067,0.2784090559322726
