target,prediction_0,prediction_1,prediction_2
2,0.04829933074085441,0.026755966207628223,0.9249447030515173
0,0.965455548419573,0.010050936518344792,0.024493515062082114
0,0.9613014825168681,0.010940629767033644,0.027757887716098453
2,0.11097692033133649,0.042805933138848985,0.8462171465298145
0,0.8963068888357483,0.01614402747754652,0.0875490836867054
0,0.7995439855464638,0.0037979408007053667,0.19665807365283075
0,0.8583326941792778,0.052897883545278815,0.08876942227544332
2,0.012001901321630565,0.007934345621724171,0.9800637530566454
0,0.9892203144721077,0.0009083615054417118,0.009871324022450603
1,0.48120505178498996,0.03549254651754033,0.48330240169746985
2,0.03219255669416633,0.008387650169321458,0.9594197931365122
0,0.7852518720413867,0.02286009750571221,0.19188803045290106
0,0.9276561971701003,0.00788552817833346,0.06445827465156623
0,0.8738151310455725,0.021103682705812345,0.10508118624861532
0,0.9027325184310347,0.059212255665212196,0.03805522590375308
2,0.43562344504674877,0.09698963830275646,0.46738691665049487
0,0.930080634711412,0.006155493289567282,0.06376387199902075
2,0.7417306501140316,0.0582203999998042,0.20004894988616412
0,0.9484863630596474,0.013194007315519379,0.03831962962483328
2,0.16528625846917713,0.06129989610804814,0.7734138454227748
0,0.9050163638161715,0.027302385950962686,0.06768125023286582
1,0.37650783489410505,0.09018905402424394,0.5333031110816511
2,0.04883654152393466,0.015943015218032944,0.9352204432580324
0,0.9506529349944002,0.004083717793409468,0.04526334721219042
0,0.431634465534294,0.03443370696406259,0.5339318275016435
0,0.9151707152750239,0.021439888729503562,0.06338939599547258
0,0.9582386346106548,0.009955147070750021,0.03180621831859526
0,0.9835164411873895,0.004960133754035372,0.011523425058575149
0,0.42609480533837696,0.051565161075267936,0.5223400335863551
0,0.9401393152577656,0.009741032429168555,0.0501196523130658
2,0.05348544498312719,0.037395040305338405,0.9091195147115345
2,0.26978723318459225,0.034721249600901415,0.6954915172145062
0,0.23656561004618268,0.22716027920439283,0.5362741107494244
2,0.3675218297916429,0.03154640382600727,0.6009317663823498
0,0.793680405359856,0.05485506177242225,0.15146453286772174
2,0.044015629103931725,0.022889338600866446,0.9330950322952017
2,0.2799194447974292,0.10054370852285137,0.6195368466797194
0,0.9344599372532154,0.0307131219909814,0.03482694075580313
0,0.3768298991035935,0.03007757625624449,0.593092524640162
0,0.6550705862317949,0.06057070168587497,0.2843587120823301
0,0.8121182681539599,0.012964938676472092,0.17491679316956793
2,0.09130924358646803,0.4725748671932946,0.4361158892202375
0,0.8733113775406576,0.004837592090276199,0.12185103036906604
0,0.975758584426797,0.003006801676127023,0.021234613897075986
0,0.9381062689657528,0.0028332140704212423,0.05906051696382599
0,0.6096831784712702,0.11071974966338201,0.2795970718653479
0,0.896753850429143,0.00233941868448526,0.10090673088637167
2,0.7683744184777299,0.020962807480511766,0.21066277404175826
0,0.9383221795814322,0.0029826015443552866,0.058695218874212564
2,0.610098966090996,0.08676327210679353,0.3031377618022105
0,0.9405004433420481,0.02845300977244062,0.031046546885511284
0,0.9816765603679921,0.003710356831378158,0.014613082800629729
2,0.036611734869748926,0.009097665963143662,0.9542905991671075
2,0.39852014539556324,0.02702482537543019,0.5744550292290065
2,0.2240823308659115,0.01941944085873405,0.7564982282753545
0,0.6953295462708107,0.007305384088494475,0.297365069640695
0,0.8699683925047442,0.0695677348062229,0.06046387268903295
0,0.8453901927112879,0.050461477289433544,0.10414832999927852
0,0.9506590034193364,0.0033800834072742754,0.04596091317338913
0,0.8351865686932939,0.05946013931520984,0.1053532919914961
1,0.7846574221908729,0.04578957470329863,0.1695530031058284
2,0.8707567519144768,0.016057262646938453,0.1131859854385848
0,0.9401038977212925,0.016992473771941255,0.04290362850676622
2,0.20566856708220785,0.01240977740420033,0.7819216555135918
2,0.07933807536411336,0.08955182722465148,0.8311100974112351
2,0.017346678416129215,0.014435229694835142,0.9682180918890356
1,0.9405769797043733,0.002018689599874425,0.05740433069575229
2,0.34571173978369985,0.016529324522070097,0.6377589356942301
2,0.0683662626043248,0.16405998478519898,0.7675737526104762
0,0.9597329677652169,0.005364667178820474,0.03490236505596269
0,0.9819182600274801,0.002024346356942324,0.016057393615577453
0,0.7884628736779826,0.010631282098805914,0.20090584422321145
0,0.9590479785941635,0.005515597561281352,0.03543642384455519
0,0.8985694695822317,0.04830367183064541,0.05312685858712288
2,0.007315902753489978,0.003906466362815209,0.9887776308836949
2,0.043890442216856035,0.0043298759834827305,0.9517796817996613
0,0.974442798787402,0.0027067658436090818,0.02285043536898882
0,0.7449347085436879,0.029691223786787412,0.22537406766952456
0,0.9458909712036373,0.0030985346350027925,0.05101049416136002
0,0.8206236152055162,0.009731786884918233,0.16964459790956565
0,0.8439545202890907,0.07754317300784723,0.07850230670306207
2,0.8124668045630772,0.015161716272621917,0.17237147916430084
1,0.6115795272245926,0.005568403115708152,0.3828520696596991
0,0.8932730863968922,0.02482110407676407,0.08190580952634374
0,0.8005897939613325,0.03147186835045515,0.16793833768821229
2,0.5842378320267773,0.07218546547486134,0.3435767024983613
0,0.9760162963095921,0.0027212528089417863,0.02126245088146616
2,0.056787643805506056,0.04028899472410655,0.9029233614703874
0,0.9550619342990966,0.008208229589255227,0.036729836111648075
0,0.8493830089248203,0.03204855535074121,0.11856843572443838
0,0.9082863455252582,0.004792189844869798,0.08692146462987203
0,0.8417438901487171,0.033537169378810024,0.12471894047247271
0,0.9374881827056176,0.02417102373374858,0.038340793560633815
0,0.9747126305393032,0.011395159929707611,0.013892209530989193
0,0.9576366868393903,0.0049828013849737745,0.03738051177563582
0,0.9637793364918598,0.013373284446482617,0.022847379061657788
0,0.9672144589904367,0.0027984632806449953,0.029987077728918295
2,0.0025373202097292726,0.02372773020752481,0.9737349495827459
0,0.9555609009223572,0.021514960258188952,0.022924138819453814
0,0.4786619420474401,0.0520371805527893,0.46930087739977056
2,0.03956949587776035,0.12041547790400951,0.8400150262182302
2,0.0036917033367450144,0.0013479927977662857,0.9949603038654887
2,0.033811880960951224,0.013877844832938675,0.9523102742061101
2,0.0162739838462699,0.029351320568842997,0.9543746955848871
0,0.9476324939433676,0.0065988406894500334,0.04576866536718218
0,0.945251478053622,0.021428364291791385,0.033320157654586735
0,0.9670114314155741,0.007223436408090465,0.025765132176335522
2,0.5491053792275751,0.032375973039707996,0.41851864773271696
0,0.7116725290852446,0.04446477094033399,0.24386269997442128
2,0.1697045480820375,0.052067181656165355,0.7782282702617972
0,0.9174812320994216,0.03793602711276932,0.04458274078780912
2,0.18782517653725292,0.10656421170172095,0.7056106117610262
0,0.9252697100363158,0.012393786335237862,0.062336503628446185
2,0.10472711863278461,0.04344417836769712,0.8518287029995183
0,0.941375818220354,0.00219795217256222,0.05642622960708381
0,0.7307289614245435,0.024610496741140145,0.24466054183431646
0,0.9779073703937824,0.001496866390612635,0.020595763215605013
0,0.9538711162353948,0.0038573669794633456,0.04227151678514187
0,0.944706601678729,0.020048910938561513,0.0352444873827096
2,0.6836221743244731,0.006255603253872189,0.31012222242165477
0,0.8726409234587509,0.02566617798673579,0.10169289855451327
0,0.9473439269274276,0.019207999420458588,0.03344807365211386
0,0.7814788124850949,0.04243525920289738,0.17608592831200776
0,0.9683773624009542,0.002468587575814997,0.02915405002323068
0,0.33695849864872945,0.006436637293724514,0.6566048640575459
0,0.7956892625348224,0.034543760743646124,0.16976697672153152
0,0.9420205578806852,0.008359449830397587,0.04961999228891715
0,0.9476752191396709,0.009333058165944838,0.042991722694384144
2,0.13985079339527068,0.06266633038895209,0.7974828762157773
0,0.9222365267050461,0.029713277119417673,0.04805019617553618
2,0.06924965025565318,0.014859236257486391,0.9158911134868605
0,0.8813444998249313,0.011849826838513152,0.10680567333655544
2,0.018675312171780357,0.021494390913330025,0.9598302969148895
0,0.9326050092569037,0.01944396098479264,0.0479510297583038
2,0.5348964084151117,0.1969916478551075,0.2681119437297808
2,0.3745649132763471,0.04518966563912356,0.5802454210845294
0,0.7615743441961692,0.018690923732994906,0.21973473207083577
0,0.9877196786675507,0.001121304347192071,0.01115901698525723
0,0.8949470482679416,0.02850701622543795,0.07654593550662042
2,0.4334186148094802,0.034756605897703415,0.5318247792928164
0,0.4941428961239616,0.08916002473572361,0.4166970791403149
0,0.23419412250020105,0.09127830887489725,0.6745275686249017
0,0.9233742908577203,0.014895118724079203,0.06173059041820054
0,0.7118756703690953,0.020680752011081993,0.26744357761982274
0,0.864056806436894,0.016906422962523298,0.11903677060058285
0,0.9615127569306954,0.0010921772707730578,0.03739506579853161
2,0.07631228737705874,0.06739865417159342,0.8562890584513478
0,0.9341483636083371,0.009899872522515474,0.05595176386914745
0,0.87914467373349,0.05327037974828602,0.06758494651822389
2,0.10318163836768252,0.14626470198593888,0.7505536596463787
0,0.9424319253137335,0.005683158036686939,0.051884916649579324
2,0.5555294026963378,0.029108043405201397,0.4153625538984607
0,0.9555920661798297,0.008740152649887704,0.03566778117028251
0,0.8800072305522166,0.011456019101580773,0.1085367503462027
0,0.23412385704756392,0.015220356103600573,0.7506557868488356
0,0.8297377257385246,0.0059597871020302855,0.16430248715944512
2,0.013855113064326794,0.010448543129667923,0.9756963438060052
2,0.021061114842761314,0.015217613154565147,0.9637212720026737
2,0.7015766143858346,0.004876794214522275,0.29354659139964306
0,0.9452701512787395,0.006060764109428986,0.048669084611831566
0,0.05201707707588381,0.029142211165078223,0.9188407117590379
0,0.9851232294336786,0.0009159034776428643,0.013960867088678523
2,0.825251168892209,0.00781151438668432,0.16693731672110673
2,0.7871443186849454,0.014862895966790211,0.19799278534826448
0,0.8520974505350423,0.0032270943532678995,0.14467545511168992
2,0.4425414854313798,0.08567782360718162,0.4717806909614386
0,0.9595401807961619,0.01908873070911513,0.02137108849472301
2,0.024912452802347,0.008342834341383647,0.9667447128562693
2,0.7493130546637935,0.023753040703878875,0.22693390463232765
0,0.9327680156682231,0.007385587917563876,0.05984639641421322
0,0.6729780990970847,0.14150538163587764,0.1855165192670377
1,0.3108477134381681,0.04098225742924582,0.6481700291325863
2,0.2647974444999244,0.05147377396738954,0.6837287815326861
0,0.8103030748832795,0.05903824718462686,0.13065867793209357
2,0.06682474903064974,0.18989230289495815,0.7432829480743921
2,0.03267248879881388,0.03719172472607421,0.9301357864751119
0,0.973179382946588,0.005322976642808338,0.021497640410603695
0,0.07212006812586466,0.05938397770314692,0.8684959541709883
2,0.12622980280888887,0.03110167267783202,0.842668524513279
0,0.9036695798008161,0.007309567787266469,0.08902085241191737
0,0.4263420489209236,0.08033322203411888,0.4933247290449576
0,0.47118845868297926,0.11729051019401118,0.4115210311230096
2,0.0076494745151751845,0.007354128884712079,0.9849963966001128
0,0.973512385029228,0.0019634712650363805,0.024524143705735576
2,0.22483990753918237,0.059793557306863525,0.7153665351539541
2,0.3437207637074029,0.07920820820400643,0.5770710280885907
1,0.47579026491825244,0.15390851871438693,0.3703012163673605
0,0.7030074853173576,0.021818315117704806,0.27517419956493755
2,0.35350680837284354,0.011195633202446428,0.63529755842471
2,0.5411984187344253,0.09587412351337127,0.36292745775220336
0,0.558291089573901,0.09156050058045863,0.3501484098456404
0,0.95848578204004,0.005755093115169203,0.035759124844790935
0,0.7939405173517714,0.031718463362191286,0.17434101928603726
2,0.22541619787160733,0.026908895758922316,0.7476749063694703
2,0.36814434895358306,0.02547216974532858,0.6063834813010883
0,0.9497217110807782,0.010601466377181623,0.03967682254204034
0,0.7201128918657286,0.03270794709436954,0.24717916103990184
0,0.9417781032533812,0.01234644378255966,0.045875452964059045
2,0.9047738099043122,0.013045418823265214,0.08218077127242261
0,0.979373045758479,0.0041696436436158765,0.016457310597905134
0,0.8912034266151031,0.005837047982561315,0.10295952540233548
0,0.976590429454356,0.0021017376434081265,0.021307832902235906
2,0.8656714487652755,0.00472464702155176,0.12960390421317278
0,0.9784386281737373,0.008752668338944695,0.01280870348731802
0,0.907019513618117,0.003812691990046125,0.08916779439183686
0,0.22728920570751424,0.02055531671431654,0.7521554775781693
0,0.9587756992701676,0.0018309710971001036,0.039393329632732316
2,0.5164686636858462,0.03853581581061703,0.44499552050353663
0,0.9674526544321215,0.0074675018987739,0.025079843669104648
2,0.07555284947595337,0.016341266947617148,0.9081058835764295
0,0.9204750239443941,0.029525611515381814,0.049999364540224196
2,0.8417737967624621,0.03768527850126357,0.12054092473627424
2,0.0472308926156895,0.08941887958512056,0.8633502277991898
2,0.02243429631261303,0.015325979008391983,0.9622397246789951
0,0.4352581349018052,0.04520019066337947,0.5195416744348155
0,0.9405171755753413,0.011822549227857105,0.04766027519680159
0,0.9646639058025089,0.008029843787221892,0.027306250410269097
0,0.9352472506953596,0.03042767756156916,0.03432507174307106
2,0.653720395156344,0.02357234936417096,0.32270725547948514
0,0.9679000177966229,0.008054248791303665,0.024045733412073448
0,0.151253734933949,0.2793563664137919,0.5693898986522591
0,0.9725502759955751,0.002822735002195443,0.024626989002229618
2,0.9364760578991123,0.012350938895548991,0.051173003205338845
2,0.7071333305232301,0.022446572140736323,0.2704200973360335
2,0.014560787188617391,0.017429437478680455,0.9680097753327023
0,0.9588292967742804,0.005984771445234014,0.03518593178048561
0,0.9254554326586439,0.03635758668721885,0.03818698065413729
2,0.44854314155454245,0.04521259489748752,0.5062442635479699
2,0.1368027017049926,0.07217981996484141,0.7910174783301659
2,0.07408313872122634,0.03887300003391205,0.8870438612448617
0,0.9257436321949413,0.00621926567887611,0.06803710212618258
2,0.04291113992598476,0.013178408176903142,0.943910451897112
0,0.8939175689039132,0.02131906050776495,0.084763370588322
0,0.9597284322056552,0.010922652228175024,0.029348915566169868
0,0.38199689979583223,0.07784214564862475,0.5401609545555431
0,0.6231413524051277,0.031239739796352466,0.34561890779851984
2,0.6396738175534521,0.013706130340984174,0.3466200521055637
2,0.8493227120736957,0.002548996540733767,0.14812829138557054
0,0.9822485284289383,0.004992157724034286,0.012759313847027571
2,0.26647534072839874,0.021116361954441654,0.7124082973171596
2,0.08261506210665821,0.04836418089618684,0.8690207569971549
0,0.8436596215560067,0.010462018442948409,0.14587836000104473
0,0.953332025736543,0.0042014475613497936,0.04246652670210737
0,0.9773372080066035,0.0008282385249537081,0.021834553468442697
0,0.768768606259452,0.016620159046735025,0.21461123469381305
2,0.01673609150196858,0.0057308935577797,0.9775330149402518
0,0.34320418934522173,0.03353459273008543,0.6232612179246928
0,0.8738613238970413,0.011142750332317902,0.11499592577064073
2,0.011607351310221154,0.009021130722394534,0.9793715179673844
0,0.9281763536723937,0.0028793795071813157,0.06894426682042494
0,0.1408331862757109,0.08479426508851912,0.7743725486357699
2,0.23344303861981253,0.022291415206803684,0.7442655461733837
2,0.032206503916110255,0.01395275874341392,0.9538407373404758
1,0.7136551508143781,0.006001080091853436,0.28034376909376846
0,0.9772217533541163,0.00570595016000272,0.01707229648588086
0,0.9385483523490485,0.022010914257146345,0.03944073339380513
2,0.1310050605005219,0.027511087449380623,0.8414838520500975
0,0.9327021789632471,0.0034130604937729113,0.06388476054297997
0,0.9817079669652248,0.0012483758440595184,0.017043657190715603
1,0.20987942254238384,0.42078205628413873,0.36933852117347743
0,0.9143860123909852,0.009757316487187076,0.07585667112182788
2,0.5365682138927154,0.12742412079644147,0.3360076653108432
0,0.39477182269000655,0.037960086536752806,0.5672680907732407
0,0.9758315414087686,0.006452005786615804,0.017716452804615656
2,0.1246227400937181,0.22634988139217335,0.6490273785141086
0,0.5355728478073729,0.05380802627633656,0.41061912591629046
0,0.5367889936785064,0.13064109521569628,0.33256991110579714
0,0.5817506066025341,0.042117515753020376,0.37613187764444556
2,0.5955423382368817,0.060460798734433,0.3439968630286852
2,0.027692049719736645,0.005413717688273076,0.9668942325919903
0,0.8627117528421957,0.07803698673177525,0.059251260426029004
2,0.07078747978756784,0.010742418939566501,0.9184701012728655
0,0.9077071755080665,0.008877333662351803,0.08341549082958173
2,0.3011942298182377,0.2194405974185966,0.47936517276316565
0,0.8894666851556282,0.006676121052930773,0.10385719379144105
0,0.7174777965900333,0.03750295517462974,0.24501924823533702
2,0.8853508627610163,0.02054950226807605,0.09409963497090762
0,0.6372578073323109,0.10383476493936651,0.25890742772832265
2,0.6904451088961797,0.01326050862643888,0.2962943824773815
0,0.9734907140356177,0.003328305218111423,0.02318098074627064
2,0.9547582831275884,0.0037269759559331495,0.041514740916478374
0,0.9216312282819289,0.0180977504544023,0.06027102126366881
0,0.9608063168604618,0.003774065957486804,0.035419617182051416
0,0.5389774904689144,0.1959007216085094,0.26512178792257624
0,0.9370736376050197,0.005207068900148882,0.05771929349483133
2,0.04874547621580818,0.022981572540958287,0.9282729512432336
0,0.6661842687949184,0.07208517794385746,0.261730553261224
0,0.8964617120316202,0.005572154132080726,0.09796613383629907
2,0.02097064002589931,0.0033212793012381172,0.9757080806728625
0,0.976489463011795,0.01080472241013721,0.012705814578067801
0,0.958193848745501,0.01330260281263723,0.028503548441861756
0,0.9236153478091971,0.021828706454724914,0.054555945736078075
2,0.042918595593460174,0.014657658655044979,0.9424237457514948
2,0.004039718654108088,0.007154585994868935,0.9888056953510229
2,0.301010586562197,0.010168036333357255,0.6888213771044457
2,0.07521161905137323,0.0623816191484892,0.8624067618001375
2,0.3811104521389252,0.012837322244407662,0.606052225616667
2,0.525672430562428,0.027082221442994985,0.4472453479945771
0,0.9508990257632421,0.014608478144961592,0.03449249609179639
0,0.9870240495527951,0.0008027286966950491,0.0121732217505096
0,0.9587983658085558,0.0057046908262289135,0.03549694336521526
1,0.5043485426084138,0.30309349353603027,0.192557963855556
1,0.8506786422315414,0.04404976279573339,0.10527159497272517
0,0.8697695751893747,0.062407319136811745,0.06782310567381358
2,0.030412213384818216,0.04687419938201495,0.9227135872331669
2,0.4620868809861274,0.016242666266673554,0.521670452747199
0,0.6760056500720257,0.1522406837176144,0.1717536662103598
0,0.9715829672259891,0.004176321546058429,0.0242407112279525
0,0.9509308516156851,0.00933782611475705,0.03973132226955775
2,0.029042890508391987,0.008427308729685225,0.9625298007619227
0,0.15510310046529777,0.01618313891293014,0.828713760621772
0,0.891382506092128,0.009814734535132085,0.09880275937273998
0,0.8647227532028628,0.019926581716501506,0.11535066508063557
2,0.5695926330177963,0.011184484083819664,0.41922288289838416
0,0.9458103781000992,0.02970063887445787,0.024488983025443042
0,0.9334109365250608,0.012224809402804713,0.054364254072134494
0,0.6449506668554768,0.25754622528022164,0.09750310786430161
0,0.9100044182597053,0.0071801659822009695,0.08281541575809362
0,0.8450672626992296,0.012211050365113503,0.14272168693565693
2,0.603623412592476,0.06813495581881006,0.328241631588714
0,0.9687670650800463,0.0008767125581638851,0.03035622236178989
0,0.90375607488076,0.02630263978617653,0.0699412853330633
0,0.9512107418272581,0.006767168786828758,0.04202208938591318
2,0.7489514593068592,0.020179019183043528,0.23086952151009724
0,0.4857544022084199,0.0210511634329608,0.49319443435861926
0,0.7673990057806043,0.04377545214811276,0.18882554207128296
2,0.018028852901682206,0.006957730244512175,0.9750134168538057
0,0.8685064495716783,0.0085247327830401,0.12296881764528145
2,0.1670706159203479,0.05691959790574796,0.7760097861739041
2,0.4749368571708185,0.056691775396635155,0.46837136743254626
0,0.9331902507051145,0.0070517368617051875,0.05975801243318021
0,0.9181946045164091,0.014194240598076351,0.06761115488551445
0,0.7112911571449074,0.020307271794801518,0.26840157106029094
2,0.46465141746677485,0.1310424523341686,0.4043061301990567
0,0.9292132256452521,0.03550731120083295,0.03527946315391503
2,0.9411212747479683,0.023497154596810503,0.03538157065522121
2,0.35014099418711103,0.013724110959063427,0.6361348948538256
0,0.9898141391354597,0.00037788467827963454,0.009807976186260645
0,0.931265166095468,0.01774118636087582,0.05099364754365619
2,0.05029286437127305,0.13789085705588644,0.8118162785728406
0,0.5901775664989478,0.1494924491426171,0.2603299843584351
0,0.36592156364183814,0.010141651075333553,0.6239367852828283
0,0.6326948624281171,0.05662378088121672,0.3106813566906662
0,0.9174037782808832,0.014107904872633324,0.06848831684648343
0,0.753310553853984,0.030174358146151214,0.21651508799986474
2,0.051534617586228425,0.07618442080097686,0.8722809616127948
0,0.9158081104316931,0.006435393277186016,0.07775649629112086
0,0.8990919728688272,0.026426270014926385,0.0744817571162463
1,0.44776823840168617,0.08198066227418459,0.47025109932412923
0,0.6103876122489036,0.003982782039017868,0.38562960571207844
2,0.2637955649764437,0.010059769842474132,0.7261446651810821
2,0.25595725947958836,0.0670499422594222,0.6769927982609895
0,0.8706235758510815,0.009152739205551796,0.12022368494336673
0,0.9693950562169182,0.0029566983958126338,0.027648245387269108
2,0.0211527864116221,0.005121856576161085,0.9737253570122167
0,0.87032105928692,0.01440520973192013,0.11527373098115991
2,0.034497173803450666,0.010962186785540352,0.9545406394110089
0,0.9799183495535106,0.0017381342742203475,0.01834351617226901
0,0.9475773315629349,0.0152865905516007,0.03713607788546449
0,0.7680181402675234,0.019969549602893863,0.2120123101295828
0,0.9754784829788585,0.00613050799857288,0.018391009022568683
2,0.4052089220618286,0.034789105215271954,0.5600019727228994
0,0.9787933324859958,0.001384156861496293,0.019822510652508188
0,0.9487277939262054,0.006097348658065343,0.04517485741572913
0,0.817712544391952,0.011788410062089964,0.1704990455459581
0,0.8713177978504784,0.026464829744440095,0.10221737240508148
2,0.5748533185715899,0.0409120155688574,0.38423466585955257
0,0.7557992326141499,0.03219048102970189,0.2120102863561482
0,0.33645986618551205,0.021569824736887424,0.6419703090776006
0,0.680470212515886,0.07075626342007481,0.24877352406403902
0,0.8567802252693437,0.030496178125407166,0.11272359660524901
2,0.11598826368988789,0.02946972875771394,0.8545420075523982
2,0.16042293653068865,0.03512046400126887,0.8044565994680425
0,0.6199202940104804,0.0149728341211284,0.3651068718683911
0,0.9446059532050325,0.009975398325889923,0.04541864846907769
2,0.4713370231973029,0.19824069895794977,0.3304222778447474
0,0.9038942680143968,0.03740148730460415,0.05870424468099894
0,0.9603398305808436,0.006274447013960895,0.0333857224051954
0,0.9181353865437318,0.01299870656532729,0.0688659068909408
0,0.9640883739006849,0.007640514974117326,0.028271111125197815
0,0.9860287240661276,0.003174289250665635,0.010796986683206857
0,0.5912756335999174,0.06305376774621234,0.34567059865387023
2,0.047051829936727484,0.02569965036129931,0.9272485197019732
0,0.6627648420595181,0.015100679149132802,0.322134478791349
0,0.8933750884605504,0.025717045447639045,0.08090786609181053
2,0.20843260100205915,0.04765966908087974,0.7439077299170611
2,0.5216403798003337,0.023910078059426933,0.45444954214023936
2,0.3613689740733692,0.0661081360684474,0.5725228898581833
0,0.4459192964221661,0.010266338472950488,0.5438143651048835
0,0.8339920402344321,0.042579123770933154,0.12342883599463472
0,0.9207397817247881,0.02112992248709447,0.0581302957881175
0,0.834380195018311,0.026029668962560003,0.13959013601912917
2,0.8457629436696341,0.012329526408182844,0.14190752992218297
0,0.9659017214064125,0.008529923701788164,0.025568354891799126
2,0.05495087645807972,0.03102229854866303,0.9140268249932573
0,0.9565321556194223,0.004860449144926274,0.03860739523565133
0,0.9452588921554024,0.009796584536086497,0.04494452330851112
0,0.24374502172050247,0.08555528826656594,0.6706996900129315
0,0.8681369451090369,0.005656246214694038,0.12620680867626902
2,0.7266443055198825,0.14712271190241194,0.12623298257770557
0,0.7585999420334849,0.12282094538763459,0.11857911257888047
0,0.8606251386004263,0.011038793346403439,0.12833606805317024
0,0.529804285218945,0.019776596345768418,0.4504191184352866
2,0.935363162957046,0.002217249422934019,0.062419587620019916
0,0.7995272985225025,0.0018097683428400786,0.19866293313465747
0,0.6309215610363684,0.07435698652991574,0.2947214524337159
1,0.036893909983193036,0.4702351583079301,0.4928709317088769
0,0.9384185486413044,0.013390557184972453,0.048190894173723235
0,0.971043399349911,0.008756441388838807,0.0202001592612502
0,0.9401091009419535,0.010188787617351822,0.04970211144069465
0,0.8556668928082417,0.004265734600564388,0.14006737259119398
0,0.9508905051490074,0.006708994101157101,0.042400500749835444
0,0.944610412731091,0.0052986973103481445,0.05009088995856086
2,0.07443266231470036,0.012446801449123945,0.9131205362361757
2,0.24490652558179235,0.058657474606735996,0.6964359998114716
0,0.9236206477697806,0.011690678363482445,0.0646886738667368
2,0.4968843458656184,0.01511794943391266,0.48799770470046894
2,0.1123530887679354,0.0780320323311413,0.8096148789009233
0,0.7614511295387711,0.003924719423426576,0.2346241510378023
0,0.9202569115162862,0.031935587617846276,0.04780750086586766
2,0.26817020684496085,0.07948749124050199,0.6523423019145372
0,0.49436288329672523,0.011966484355992997,0.49367063234728176
2,0.10972118634190584,0.016897333700974793,0.8733814799571193
0,0.5295977785220118,0.09975090496776452,0.37065131651022365
2,0.11852137740903008,0.03936413765977155,0.8421144849311983
2,0.026244457665160783,0.0019472527166366918,0.9718082896182025
2,0.0043637980787197715,0.004748779978527477,0.9908874219427528
2,0.01603486540476529,0.004375165773444201,0.9795899688217905
0,0.9647483847827301,0.00801162417798193,0.02723999103928792
0,0.852617076172018,0.0066245497823536345,0.14075837404562835
1,0.24244918212319314,0.06653826821274543,0.6910125496640614
2,0.04788408056479402,0.03289900079503724,0.9192169186401687
0,0.9535916815493575,0.005820005065394972,0.040588313385247585
2,0.3752722347993679,0.061658945325521006,0.563068819875111
0,0.18789389990520955,0.02101077245219221,0.7910953276425983
0,0.823108908977487,0.016184977253511142,0.16070611376900196
0,0.7540950374213499,0.06825793160193687,0.1776470309767134
0,0.9543209204945344,0.0019177503702252072,0.0437613291352404
0,0.9588810410445571,0.0023115850256593125,0.03880737392978365
0,0.36179720726677,0.020304849801216523,0.6178979429320135
2,0.13806788608591394,0.06886518830402302,0.793066925610063
0,0.952268027998372,0.01105790573470958,0.0366740662669185
2,0.8921831590443765,0.018412699173432315,0.0894041417821911
2,0.022208111320771395,0.014569618008789281,0.9632222706704394
0,0.9811465891811497,0.004756822419005885,0.014096588399844283
0,0.972715393667514,0.0059224102296050185,0.021362196102881023
0,0.9575436154388706,0.015007016627808113,0.027449367933321398
0,0.953607442830604,0.012564679484850414,0.03382787768454576
0,0.9701791357255993,0.00363778708177281,0.026183077192627743
0,0.9737162865246789,0.009191519837683263,0.01709219363763779
0,0.907976267095195,0.04905297541270738,0.0429707574920977
0,0.961217715629386,0.0035682991274800483,0.03521398524313404
2,0.0657541703410193,0.12220601984135708,0.8120398098176236
0,0.8616495551913835,0.028754211248454155,0.1095962335601623
2,0.03411342518163657,0.02040697261342595,0.9454796022049375
0,0.9255893112108682,0.004944109104929078,0.06946657968420261
2,0.18645990382275182,0.017894315338218943,0.7956457808390291
0,0.6911636720516877,0.26515068072986103,0.043685647218451286
2,0.01789281507690312,0.011832418060071955,0.970274766863025
2,0.6251663827421052,0.09169035422789663,0.2831432630299981
0,0.9229664994604737,0.005139013567785369,0.07189448697174095
2,0.07394154298543765,0.020910151483698326,0.9051483055308639
0,0.9573055327645575,0.004317132907275693,0.038377334328166625
0,0.9660552281501558,0.0033584566831870695,0.03058631516665718
0,0.8516298466722405,0.007441120147565529,0.14092903318019406
2,0.5283109718801929,0.21446573714065845,0.25722329097914864
0,0.9782661606396144,0.008910162647905066,0.012823676712480756
0,0.3151687364068407,0.03971372193988057,0.6451175416532787
2,0.034510877297685594,0.05036555793130596,0.9151235647710085
2,0.03461526946114184,0.08295851632178261,0.8824262142170755
2,0.23111599737173186,0.12178542050444528,0.6470985821238229
2,0.04176288678805165,0.01493460505711736,0.9433025081548311
2,0.006438552957937064,0.003848319667053762,0.9897131273750093
0,0.7899208059896202,0.006589124374691718,0.2034900696356881
2,0.005494693913038013,0.009527990816906822,0.9849773152700552
2,0.5464255476873974,0.07734714677095207,0.3762273055416505
2,0.011330609245413098,0.010307286654581013,0.9783621041000059
2,0.020222003987679562,0.007485397910379277,0.9722925981019411
0,0.9134250633407783,0.034974626492615346,0.05160031016660634
2,0.7887338772682501,0.01910212075369737,0.1921640019780527
0,0.881319059566301,0.038556577823935456,0.0801243626097636
0,0.9153070114664195,0.013027131718050465,0.07166585681552995
0,0.9427300350967547,0.0167695498550465,0.04050041504819884
0,0.5875812566419296,0.04709410135041685,0.36532464200765347
0,0.7603920992630586,0.008971848311082213,0.23063605242585902
0,0.9741977922825484,0.007452453155455513,0.018349754561996157
2,0.040786126196348804,0.11578441984943823,0.843429453954213
2,0.31468489714867665,0.06427171989252414,0.6210433829587992
2,0.7276427387111365,0.037027878745660193,0.23532938254320337
2,0.1903293180977035,0.03696427122747771,0.7727064106748188
2,0.005646084181728726,0.012539546166532937,0.9818143696517384
0,0.9754808568495604,0.002968152948279389,0.021550990202160312
2,0.0568038401413714,0.04755678558479396,0.8956393742738346
2,0.01880489590815776,0.02296104273960295,0.9582340613522392
0,0.9473903792937565,0.006650727100581159,0.045958893605662486
0,0.926300906497718,0.02187871288988592,0.05182038061239616
0,0.8964529300487648,0.011993860004129464,0.09155320994710583
2,0.008113633795297724,0.005535508054453021,0.9863508581502493
2,0.04313244759444726,0.012409053960307257,0.9444584984452454
1,0.7228096459725015,0.09468704613914843,0.18250330788835006
0,0.09092766028469339,0.01099948315848893,0.8980728565568177
0,0.8219584587407107,0.005306764303002181,0.17273477695628706
2,0.5506801222048775,0.04556369046756249,0.40375618732756
0,0.9432046583806025,0.016071913171811614,0.04072342844758598
0,0.4746424504881037,0.14321301734003364,0.38214453217186267
0,0.9329641906508938,0.0013953650801211649,0.06564044426898505
0,0.581680016652293,0.10756393391882536,0.31075604942888163
2,0.020848867203666167,0.009612298348089568,0.9695388344482443
2,0.0036386757977402997,0.0054585365554602715,0.9909027876467994
2,0.06639277049007417,0.05791723321736868,0.8756899962925571
2,0.9024542271799502,0.005956475188645024,0.09158929763140491
0,0.5568342869393446,0.08791254171744144,0.355253171343214
0,0.5630163390634361,0.12091057223136221,0.31607308870520173
2,0.4699024906947865,0.029891560751049047,0.5002059485541646
0,0.9248141517301064,0.011124744074550708,0.06406110419534293
2,0.8528393043610644,0.00960978189460212,0.13755091374433356
0,0.8994268177473568,0.00925066860311696,0.09132251364952645
0,0.9099341072005896,0.004203273487395402,0.08586261931201496
2,0.5921413584103694,0.1215179337965155,0.2863407077931151
2,0.7378963050951414,0.018537182805508496,0.24356651209935024
0,0.935237555679926,0.033609174823605696,0.031153269496468454
0,0.5748038279314296,0.01790530029176787,0.40729087177680245
2,0.1690131707362779,0.04072936417989222,0.7902574650838299
1,0.5163726410515552,0.09055066593622708,0.39307669301221776
0,0.7281242739066739,0.009122853983119818,0.26275287211020626
2,0.030946363584437243,0.07310915448790234,0.8959444819276604
0,0.94024269711873,0.014693843967433767,0.04506345891383616
0,0.06926066555003328,0.05537701631902948,0.8753623181309372
0,0.9323870025646127,0.008649164459698034,0.05896383297568929
2,0.010433070820634367,0.011601468542669004,0.9779654606366965
1,0.33731315703435694,0.08999858037711048,0.5726882625885327
0,0.9781648961876338,0.0061862424089254115,0.015648861403440746
2,0.24818428768936912,0.016091371077594556,0.7357243412330363
0,0.9297939614376592,0.0025108634136567637,0.067695175148684
0,0.9201597598762964,0.0056303070297158775,0.07420993309398773
0,0.7764667474983212,0.019620792323971445,0.20391246017770728
1,0.7289251876873096,0.1195032743736693,0.15157153793902114
2,0.008301848946123848,0.003609329193146501,0.9880888218607297
2,0.2989891561544282,0.08688935781327803,0.6141214860322937
2,0.2015673214178179,0.019321917046528848,0.7791107615356533
2,0.1502941688370339,0.009477300320353575,0.8402285308426125
2,0.1372062858288364,0.136808144512008,0.7259855696591555
0,0.7966644685774202,0.006189603144809215,0.19714592827777055
2,0.48081976278233973,0.033447990148025616,0.4857322470696346
0,0.7459637774923839,0.018275940597884576,0.2357602819097315
1,0.3848633043779052,0.09669538899854553,0.5184413066235494
2,0.046784926811892134,0.020849518204322647,0.9323655549837853
0,0.8467687518346437,0.07289979877902449,0.08033144938633195
2,0.12510451251425003,0.02123610830726412,0.8536593791784858
0,0.8842881337251393,0.013350434305741938,0.10236143196911879
0,0.7877534509647975,0.00971872477422136,0.20252782426098123
0,0.9637617336015925,0.008323855303111596,0.027914411095295882
2,0.021656351245876164,0.03740020786967913,0.9409434408844447
0,0.9380624266116431,0.006013554076652808,0.055924019311704
2,0.09138505985003675,0.03226556082345133,0.8763493793265118
0,0.856219968506466,0.005787799471674106,0.13799223202185992
0,0.9674640945702244,0.013650027334219368,0.01888587809555626
2,0.3488407501118784,0.15711811888131455,0.494041131006807
2,0.07729738315013508,0.01740555907134614,0.9052970577785187
0,0.8218369122243199,0.044698441859605226,0.1334646459160749
0,0.9489485118849394,0.029639670334825122,0.021411817780235463
0,0.9834472937475898,0.003434049709595999,0.01311865654281424
0,0.8963743407232528,0.0031812963503805576,0.10044436292636666
2,0.9894090807633383,0.0007883872925229015,0.00980253194413863
0,0.9620613121328576,0.01544735281511756,0.022491335052024886
0,0.6806339290415593,0.10596170944691075,0.21340436151153006
0,0.6092017334601706,0.1882781681583477,0.20252009838148166
0,0.7973900975454616,0.012971604295090058,0.18963829815944833
1,0.4236683431410929,0.37443450507474807,0.20189715178415896
0,0.9712510427340508,0.01007781410426188,0.018671143161687345
0,0.15757980089833654,0.04231170941359297,0.8001084896880704
0,0.11733253260569058,0.02498863934060301,0.8576788280537063
0,0.9516737838792759,0.006752599807678846,0.04157361631304532
0,0.2019373116058305,0.020197063109207925,0.7778656252849616
0,0.8520729303053709,0.054576374296019435,0.09335069539860967
2,0.7292712120793613,0.04355270824829991,0.22717607967233877
2,0.007841636931465501,0.006847116846206056,0.9853112462223286
2,0.9177386538979428,0.027455102670893218,0.054806243431163935
2,0.15939570895240793,0.029786098544457067,0.8108181925031349
2,0.9279554165391839,0.018054989214318466,0.05398959424649766
0,0.977616770622834,0.004074855832216097,0.01830837354495
2,0.40201933900176223,0.2325355207596736,0.3654451402385642
0,0.673986228765036,0.06754625670263083,0.25846751453233313
0,0.9637433941142668,0.004948195503555844,0.031308410382177417
0,0.9385856183916912,0.013251995139918937,0.04816238646838999
0,0.9142489821208405,0.016739551581158838,0.06901146629800062
2,0.03189087877188266,0.020225286163602595,0.9478838350645147
2,0.8696049482221176,0.03331549968924496,0.09707955208863737
0,0.9737710362048716,0.0022855488901758077,0.023943414904952724
1,0.7345846512811351,0.15810550376517601,0.10730984495368875
0,0.9772041287949074,0.0031610882969315707,0.019634782908161234
0,0.7722729860692726,0.04191851176693015,0.1858085021637971
0,0.9696650555278358,0.003569283117704717,0.026765661354459618
2,0.08767335162245407,0.030862485888022394,0.8814641624895235
0,0.9206453186888088,0.017953979543142904,0.06140070176804827
2,0.0549975196049561,0.012548176857231903,0.9324543035378119
2,0.6973407044477198,0.015184082447183089,0.2874752131050972
2,0.12596013364098044,0.14447483925022547,0.7295650271087941
0,0.08484109499166989,0.0076268308507611345,0.9075320741575689
2,0.01683354000755309,0.008010335701012465,0.9751561242914344
2,0.590702749022215,0.08380064219902837,0.32549660877875675
0,0.9252717657925222,0.01105388916039512,0.06367434504708268
0,0.5181793308251781,0.03826968878107047,0.4435509803937513
0,0.9521632148461024,0.006357113840481113,0.04147967131341644
0,0.08660838936196848,0.06057423293676254,0.852817377701269
0,0.9506228687436385,0.002740358298008251,0.04663677295835326
0,0.41236088393284404,0.013516258874606984,0.5741228571925491
1,0.2675806344328452,0.12122286933016524,0.6111964962369896
0,0.7088351205781093,0.008937021972744512,0.28222785744914614
0,0.9079085750011306,0.013358108621906326,0.07873331637696315
2,0.2306251800012253,0.0873333647772478,0.6820414552215268
0,0.29768483173492616,0.027496357215888813,0.6748188110491851
0,0.9194209783651388,0.005196097605028427,0.07538292402983267
0,0.9445759977211984,0.004593352602898206,0.05083064967590365
2,0.9573269852670965,0.004602863158353745,0.03807015157454974
0,0.9717693826133421,0.0035170107271372346,0.024713606659520427
2,0.11612846295138796,0.03776656420369633,0.8461049728449157
2,0.6238296766295107,0.056576233631704546,0.31959408973878467
2,0.016089619689940066,0.0736131812066748,0.9102971991033851
2,0.011159531088053353,0.02842745394180125,0.9604130149701454
0,0.9439872650674876,0.005299414000697711,0.05071332093181456
0,0.8815019513304287,0.014987133140634157,0.10351091552893714
2,0.011855541537316956,0.002003393723170264,0.9861410647395127
2,0.2563104857327399,0.16751599911712564,0.5761735151501344
0,0.9523028683338899,0.006079019085057301,0.04161811258105282
0,0.9687597346652036,0.0026956065769173066,0.028544658757878996
0,0.8030608456166503,0.025932909490080484,0.17100624489326924
0,0.24680546462937075,0.11568827401341338,0.6375062613572159
0,0.7721962612782372,0.07776452666839687,0.150039212053366
0,0.7404514987295182,0.022121542192155882,0.23742695907832584
0,0.9868203051293785,0.005163321002345426,0.008016373868276009
0,0.8959397897816418,0.003796724656767295,0.10026348556159112
1,0.3315712074832273,0.4834192818202374,0.18500951069653532
0,0.27206999037159496,0.09003919238353923,0.6378908172448658
0,0.9067807294492009,0.025236665720660734,0.06798260483013849
0,0.7977484771422477,0.08623370794992002,0.11601781490783238
2,0.002714344406869593,0.01098168987577819,0.9863039657173521
2,0.7765457448728559,0.09467665606730509,0.12877759905983907
0,0.48589973249046287,0.013341344519924815,0.5007589229896123
0,0.9423083857043957,0.008542356346041495,0.049149257949562694
2,0.17611011314362868,0.1800090476532385,0.6438808392031328
0,0.9646615575671093,0.002133228671387301,0.03320521376150355
2,0.009782307392902966,0.005581121557632415,0.9846365710494646
0,0.9173911947868872,0.004727782221955642,0.0778810229911572
2,0.9344682024392833,0.012502033867681117,0.05302976369303542
0,0.7284685403987379,0.0832942091103213,0.18823725049094084
0,0.3845680610810687,0.06760525580711815,0.5478266831118132
2,0.004265966410313004,0.011033925647838647,0.9847001079418483
0,0.932035506211932,0.005555693464167049,0.06240880032390097
