target,prediction_0,prediction_1,prediction_2
2,0.03656438385281666,0.020263097297584534,0.9431725188495989
0,0.9581207626487906,0.010025627255150948,0.03185361009605827
0,0.9668993398260235,0.0067623193388922824,0.02633834083508438
2,0.1630372875981731,0.05087284140806346,0.7860898709937635
0,0.8994374911287278,0.019809704533598916,0.08075280433767283
0,0.7612740233265983,0.02886181973959388,0.20986415693380778
0,0.8738457922503943,0.01897506388494026,0.10717914386466536
2,0.027754558600486038,0.011029304749329609,0.9612161366501846
0,0.9652193272626082,0.00813778691881781,0.026642885818573978
1,0.3226862560700967,0.05537168789012548,0.6219420560397778
2,0.022563279332705747,0.010048058875076024,0.9673886617922183
0,0.7657168070004958,0.02138739905337167,0.21289579394613214
0,0.9533966174230061,0.009216385550804727,0.037386997026189105
0,0.8980737546123322,0.01566931852931944,0.08625692685834842
0,0.9268908539695607,0.021241642933610683,0.05186750309682831
2,0.13347290014489585,0.05232525961624978,0.8142018402388543
0,0.9181776675729003,0.011792312792346538,0.07003001963475346
2,0.6895531593336507,0.06686734578099367,0.24357949488535557
0,0.9641460988959474,0.00804664471686027,0.027807256387192506
2,0.15363618440146393,0.05169625335159037,0.7946675622469456
0,0.9646744252386483,0.00775700676006772,0.027568568001283926
1,0.4630585108323466,0.0823063310258857,0.4546351581417675
2,0.029064046075969074,0.008776426237211778,0.9621595276868191
0,0.9586819450195551,0.007790162136581509,0.033527892843863726
0,0.5848325711328393,0.04846246411657633,0.36670496475058456
0,0.9166088123713031,0.013138267733019918,0.07025291989567711
0,0.9648264631784299,0.008126231040556302,0.027047305781013796
0,0.9655340423516252,0.00693302891976423,0.027532928728610753
0,0.5681930946044966,0.05728041923685204,0.37452648615865136
0,0.9517780260174876,0.009612579814178105,0.03860939416833387
2,0.02756592410336516,0.008194540864923697,0.9642395350317111
2,0.2138481389470969,0.0466838700095534,0.7394679910433497
0,0.31067448613091825,0.13747122961410546,0.5518542842549763
2,0.41306696502646134,0.06212659414090938,0.5248064408326296
0,0.7405301574642987,0.04754734403907502,0.2119224984966264
2,0.031143006593564008,0.010641011743647903,0.9582159816627882
2,0.3422072851133542,0.05710634585317851,0.6006863690334674
0,0.9538670744375302,0.009566646494335872,0.03656627906813383
0,0.47162104922001863,0.09584106201127278,0.43253788876870874
0,0.7379057645160191,0.047716717967894874,0.21437751751608594
0,0.8326757011862422,0.02116905532046405,0.1461552434932936
2,0.11980795955585792,0.680894002065166,0.1992980383789761
0,0.8557767621781639,0.019903184208016764,0.12432005361381925
0,0.9647210099391358,0.006847328140511246,0.028431661920353093
0,0.9612763808874258,0.007691900777439702,0.03103171833513446
0,0.6556431753757319,0.08200736429173221,0.26234946033253576
0,0.907154388043079,0.015395596750638955,0.07745001520628185
2,0.7775994881307849,0.03117877426115479,0.19122173760806013
0,0.8761674353118439,0.019747733418864388,0.1040848312692912
2,0.6636804284455291,0.039494497548188824,0.29682507400628205
0,0.9438538315849598,0.02173417729801213,0.03441199111702804
0,0.9652193272626082,0.00813778691881781,0.026642885818573978
2,0.05854427106112571,0.02099832182456013,0.9204574071143145
2,0.22010029842521972,0.05015528331913659,0.7297444182556432
2,0.16749015729229733,0.049077946933174244,0.7834318957745284
0,0.798344608787604,0.02034770059783885,0.18130769061455737
0,0.7984423731210347,0.038837076428171115,0.16272055045079423
0,0.8607957793589978,0.021351943076081004,0.11785227756492124
0,0.9647138230098318,0.00811878437924665,0.027167392610921645
0,0.7502460121597615,0.03270434604404589,0.21704964179619268
1,0.873813953626188,0.016937918127512518,0.10924812824629979
2,0.8552630752096386,0.022283522480392684,0.12245340230996853
0,0.9662050265032897,0.007316600331911844,0.026478373164798542
2,0.1452728418207718,0.033028296555723535,0.8216988616235047
2,0.07612658404904403,0.03364074519004416,0.8902326707609122
2,0.02036069016403939,0.009462697035055692,0.970176612800905
1,0.8943027546968484,0.014589437304464069,0.09110780799868734
2,0.21698973586578277,0.05175875469477423,0.7312515094394424
2,0.08084594544841385,0.19318235322520064,0.7259717013263859
0,0.947934074044534,0.01115325819771184,0.0409126677577541
0,0.9668993398260235,0.0067623193388922824,0.02633834083508438
0,0.754294088272452,0.026349074544189003,0.21935683718335924
0,0.9575757437455212,0.007898730042153364,0.034525526212325394
0,0.9513674361859616,0.010619508167606309,0.038013055646431704
2,0.02224858237828727,0.007500069663829975,0.9702513479578826
2,0.02191411982569761,0.008461312906497851,0.9696245672678045
0,0.9650348025799829,0.007248119549313393,0.027717077870703932
0,0.6169718205989583,0.04510587810103285,0.33792230130000905
0,0.9559486961590079,0.007732657844866158,0.03631864599612619
0,0.7548636000112471,0.029078558909548004,0.21605784107920506
0,0.7794580846869232,0.035124263015358474,0.185417652297718
2,0.7747801428119407,0.031147295235643985,0.19407256195241523
1,0.5983269853546157,0.03660456133418642,0.3650684533111982
0,0.7708400723064216,0.02627294166362753,0.2028869860299511
0,0.7501856843366278,0.024279724468403718,0.22553459119496855
2,0.7060313975841758,0.049951682630515255,0.24401691978530912
0,0.9687418084864438,0.007237437092567245,0.02402075442098896
2,0.03816644934959102,0.012200489484414039,0.9496330611659949
0,0.9647996719505169,0.008199913091426541,0.027000414958056645
0,0.8775970016050347,0.02265289964870176,0.09975009874626325
0,0.8606740754665844,0.022920006935391934,0.11640591759802381
0,0.8599862266368768,0.0341023984494872,0.10591137491363607
0,0.9240825694601261,0.013842233466393987,0.062075197073479735
0,0.9612763808874258,0.007691900777439702,0.03103171833513446
0,0.9650670802542058,0.006695340275897912,0.02823757946989618
0,0.9652459038605872,0.007684616342167134,0.02706947979724572
0,0.9655340423516252,0.00693302891976423,0.027532928728610753
2,0.024526979180980395,0.009429698454326467,0.9660433223646935
0,0.9609738762163761,0.008295578488959506,0.030730545294664537
0,0.4820316115332261,0.04944541922930879,0.46852296923746484
2,0.04492841291025301,0.020878342263944433,0.9341932448258027
2,0.01679653739909147,0.008670668548712936,0.974532794052196
2,0.02052895853061374,0.010440975146251318,0.9690300663231349
2,0.05482487224194403,0.04271693712438015,0.9024581906336764
0,0.9649960307471066,0.007008338207039192,0.027995631045854393
0,0.9573417771420394,0.00873281476513304,0.033925408092827555
0,0.9648897816651589,0.007093635512429909,0.028016582822411124
2,0.45679934188970334,0.04456579230675616,0.4986348658035405
0,0.4551771254027378,0.05594052600835863,0.48888234858890367
2,0.16069530958941297,0.07192767216269468,0.7673770182478926
0,0.9571076897133108,0.007293470698840128,0.03559883958784922
2,0.15781501743615334,0.03593660505540987,0.8062483775084365
0,0.9522478161373977,0.00870509582623451,0.0390470880363677
2,0.02676473732768287,0.01055286325813943,0.9626823994141777
0,0.9555676055104536,0.008671536751218376,0.03576085773832802
0,0.7727165664170442,0.025455985111819925,0.20182744847113562
0,0.960869771003481,0.009243868680915032,0.02988636031560375
0,0.9491050902218258,0.010777277575929764,0.040117632202244125
0,0.9612763808874258,0.007691900777439702,0.03103171833513446
2,0.4579270016471295,0.04973763611830752,0.492335362234563
0,0.892964537833886,0.018731429080099365,0.08830403308601457
0,0.9587631899250096,0.008601579867928331,0.032635230207061966
0,0.7249404219722586,0.08125252994613556,0.19380704808160568
0,0.9612763808874258,0.007691900777439702,0.03103171833513446
0,0.438666894125069,0.044497827070443884,0.5168352788044869
0,0.6277851902738734,0.04971581300475204,0.32249899672137466
0,0.9612763808874258,0.007691900777439702,0.03103171833513446
0,0.9445209449178406,0.010721616100534173,0.044757438981625576
2,0.14322118558088826,0.058721566221155264,0.7980572481979565
0,0.9135656779986872,0.014739800259723311,0.07169452174158929
2,0.10298702915615403,0.025814436160855575,0.8711985346829904
0,0.887083182283056,0.021207155231938425,0.09170966248500545
2,0.019384546417177764,0.008311120368586073,0.9723043332142363
0,0.9631761984588104,0.006861783829369375,0.029962017711820204
2,0.6252529239930975,0.0888960115967878,0.2858510644101148
2,0.44858835857656276,0.05604678860838792,0.4953648528150495
0,0.7450810343689513,0.03879510891172909,0.2161238567193195
0,0.9668993398260235,0.0067623193388922824,0.02633834083508438
0,0.9565918594041529,0.008598370479892595,0.03480977011595441
2,0.5532091567226683,0.05100735282552523,0.3957834904518069
0,0.6559284698204166,0.047479095020004705,0.2965924351595787
0,0.33990428672187106,0.07886860443390771,0.5812271088442214
0,0.9141668205340031,0.016274765155237642,0.06955841431075929
0,0.6647412762373991,0.040557261995953484,0.29470146176664735
0,0.8513457911909204,0.023237462246682664,0.12541674656239662
0,0.9489552367567845,0.007624202514208528,0.04342056072900761
2,0.0330745878454683,0.010677021580787434,0.956248390573744
0,0.9631036420955471,0.007362278246829767,0.02953407965762302
0,0.9612763808874258,0.007691900777439702,0.03103171833513446
2,0.263839496952672,0.09789812193402524,0.6382623811133027
0,0.9668993398260235,0.0067623193388922824,0.02633834083508438
2,0.5718983986472796,0.05955126981460647,0.36855033153811373
0,0.9666683157754414,0.0065081588087164445,0.02682352541584213
0,0.9021687407105361,0.015870568824435927,0.08196069046502796
0,0.37276313084121604,0.05283087846396767,0.5744059906948161
0,0.8718659519262381,0.015746199314874962,0.11238784875888691
2,0.019513962175653717,0.010007203042028913,0.9704788347823173
2,0.02082321659412111,0.009516866797137334,0.9696599166087415
2,0.7482045480136998,0.03392924600693996,0.21786620597935957
0,0.9548707695355656,0.00896787655778745,0.03616135390664687
0,0.034992862231742625,0.00902728912171802,0.9559798486465396
0,0.9676707552336021,0.007243506419936301,0.02508573834646152
2,0.7489692099780143,0.02694541047388902,0.22408537954809676
2,0.7784678909076106,0.0293073209708492,0.19222478812154026
0,0.9304504837977362,0.012560502961860358,0.056989013240403515
2,0.43478627553320004,0.1056549174025803,0.4595588070642197
0,0.9639233039532845,0.009203173381951464,0.026873522664764192
2,0.021616516007053353,0.009188531941729606,0.9691949520512169
2,0.8488949333072192,0.021065543620648445,0.13003952307213215
0,0.8289119303635433,0.026070148489503328,0.14501792114695342
0,0.7090899307677297,0.05855822601049573,0.23235184322177443
1,0.24102437962714715,0.05469604704351733,0.7042795733293353
2,0.19819996250674138,0.04196251686604003,0.7598375206272185
0,0.857541284249885,0.021200151814530444,0.12125856393558429
2,0.10578820620197747,0.3507073783941307,0.5435044154038916
2,0.019513962175653717,0.010007203042028913,0.9704788347823173
0,0.9646513767219187,0.007037788188476779,0.02831083508960457
0,0.07339704648675202,0.02975122878518137,0.8968517247280664
2,0.13589074274851598,0.031398892242673136,0.8327103650088108
0,0.9187576414124677,0.014384512808741406,0.06685784577879066
0,0.2636885206978593,0.06919421781380942,0.6671172614883313
0,0.5195499087759837,0.06561475500824483,0.41483533621577173
2,0.02224858237828727,0.007500069663829975,0.9702513479578826
0,0.9668993398260235,0.0067623193388922824,0.02633834083508438
2,0.17580025161555465,0.0554431318780861,0.7687566165063593
2,0.49320818070818073,0.10187728937728936,0.40491452991453
1,0.4516187702800544,0.12116923641299493,0.4272119933069507
0,0.5509066428670957,0.05041738518440676,0.39867597194849747
2,0.1904050097799643,0.04477545626246601,0.7648195339575693
2,0.3276614862812595,0.0740440754615099,0.5982944382572306
0,0.699807186013049,0.04595926334202994,0.25423355064492104
0,0.9674150961631698,0.0060997648430751745,0.02648513899375499
0,0.8234781669677089,0.023642372609064523,0.15287946042322662
2,0.13566057508045704,0.03373320166577347,0.8306062232537696
2,0.2938746262093448,0.06329244262209106,0.6428329311685643
0,0.9668993398260235,0.0067623193388922824,0.02633834083508438
0,0.7407872289733339,0.04131359968671014,0.21789917133995584
0,0.9654712144884335,0.007670332239971127,0.02685845327159561
2,0.9296819088692998,0.011121098822701297,0.0591969923079989
0,0.9556217911559375,0.008994571612301574,0.035383637231760544
0,0.9520784165897944,0.008468706290855029,0.03945287711935027
0,0.9674150961631698,0.0060997648430751745,0.02648513899375499
2,0.782490768785825,0.026821826136487543,0.19068740507768717
0,0.9683101870942536,0.007299130640954341,0.02439068226479202
0,0.9021687407105361,0.015870568824435927,0.08196069046502796
0,0.142334276391553,0.03585424396055131,0.8218114796478958
0,0.8803338126104251,0.027809646198396144,0.09185654119117859
2,0.5284418749014391,0.054133937834077966,0.41742418726448305
0,0.9612763808874258,0.007691900777439702,0.03103171833513446
2,0.11665783696681171,0.03681434988702243,0.8465278131461659
0,0.9147251229276155,0.04077626935891465,0.04449860771346948
2,0.8535089313871699,0.02184486902458707,0.12464619958824312
2,0.04565861792846266,0.01135194810140992,0.9429894339701276
2,0.02607148402742976,0.009099210989735105,0.9648293049828351
0,0.5801053760811353,0.06258621355463068,0.3573084103642339
0,0.9443061983809846,0.012452632288743905,0.04324116933027132
0,0.9527627327811152,0.00822301190677351,0.03901425531211165
0,0.9258888308865647,0.01272427429783652,0.06138689481559847
2,0.5725452042685865,0.03853308363220657,0.38892171209920756
0,0.9677814011381349,0.007270122552680178,0.024948476309184897
0,0.31906996352810224,0.09780208432656409,0.5831279521453335
0,0.9668993398260235,0.0067623193388922824,0.02633834083508438
2,0.9561021460111323,0.00845653132867202,0.035441322660195736
2,0.7039858557713051,0.04403703946427486,0.2519771047644198
2,0.02138917358437718,0.010871082673133041,0.9677397437424898
0,0.9656924002643879,0.007080183804062947,0.027227415931549315
0,0.9578746447073507,0.00744044714165158,0.034684908150997465
2,0.4794389073775844,0.08264564176624747,0.43791545085616806
2,0.037935234746728906,0.01206399894991789,0.9500007663033531
2,0.031208740675218352,0.011747810556906246,0.9570434487678754
0,0.9338198253450265,0.011819674494428674,0.05436050016054468
2,0.0931973396280137,0.02009265474892257,0.886710005623064
0,0.8763781254710784,0.018654497447075296,0.10496737708184602
0,0.9646513767219187,0.007037788188476779,0.02831083508960457
0,0.413695395936965,0.06976014070752448,0.5165444633555105
0,0.6587665580507256,0.034925841233096604,0.3063076007161779
2,0.5637345195119243,0.042775701455639865,0.39348977903243554
2,0.7779127754814643,0.029432085771974415,0.19265513874656076
0,0.9656924002643879,0.007080183804062947,0.027227415931549315
2,0.1940191459757953,0.04676822805320314,0.7592126259710017
2,0.02541003092076848,0.008114013519854867,0.9664759555593765
0,0.7403319179618018,0.024321322524729627,0.23534675951346862
0,0.9585940014818602,0.007449912622134505,0.033956085896005114
0,0.9570585047548408,0.007290212423684363,0.03565128282147507
0,0.8433957597997636,0.019544722196417518,0.13705951800381888
2,0.011657620985979195,0.005517865219357757,0.9828245137946631
0,0.2235839801872104,0.05877635023294118,0.7176396695798485
0,0.8940707872488877,0.0172794051379083,0.08864980761320375
2,0.04360090719578426,0.02145903627454239,0.9349400565296735
0,0.8810125163299312,0.016565286313544675,0.10242219735652416
0,0.1451078278293999,0.12406922432882368,0.7308229478417761
2,0.13863777812200084,0.0327796486241074,0.8285825732538918
2,0.02052895853061374,0.010440975146251318,0.9690300663231349
1,0.5071083991518099,0.05612728480234532,0.43676431604584465
0,0.9655340423516252,0.00693302891976423,0.027532928728610753
0,0.9433715846537352,0.010179934666332777,0.04644848067993212
2,0.16076918104694107,0.03813218053338265,0.8010986384196762
0,0.8919981711273353,0.01787558388793091,0.09012624498473353
0,0.9668993398260235,0.0067623193388922824,0.02633834083508438
1,0.11405149412548188,0.6591226151707674,0.2268258907037505
0,0.939236800744783,0.010925284524396358,0.04983791473082035
2,0.4980462918922709,0.07815550616790616,0.4237982019398226
0,0.48834656738527304,0.05532038038809643,0.45633305222663056
0,0.9651011349390897,0.007573049459194248,0.0273258156017162
2,0.27701941377219996,0.16077756293948733,0.5622030232883126
0,0.3855526970728894,0.10353735147127857,0.510909951455832
0,0.6580382285680965,0.04178122195441018,0.3001805494774931
0,0.5510069733603099,0.04623513825256007,0.4027578883871297
2,0.6438856463602443,0.07579323915419299,0.2803211144855628
2,0.050694321793820836,0.009641371989177328,0.9396643062170019
0,0.9021300034006311,0.049826239118823556,0.04804375748054536
2,0.06555221109882997,0.01741341197545811,0.9170343769257121
0,0.8846598794509959,0.015007126301882903,0.10033299424712112
2,0.1971153846153846,0.05608974358974359,0.7467948717948718
0,0.8802021629549607,0.017930741759632215,0.10186709528540679
0,0.7430246075452337,0.029511672386154084,0.2274637200686123
2,0.8024604416132836,0.023607355916927787,0.17393220246978877
0,0.5350788502894592,0.06467774274353126,0.40024340696700944
2,0.48947869544659595,0.051664534671323994,0.45885676988207996
0,0.9674150961631698,0.0060997648430751745,0.02648513899375499
2,0.9612763808874258,0.007691900777439702,0.03103171833513446
0,0.9026065897544867,0.014539908964909833,0.08285350128060338
0,0.958678199943265,0.007314828886757181,0.03400697116997817
0,0.6910952134576724,0.045820442959413885,0.26308434358291366
0,0.9173190814203651,0.014117311644398223,0.06856360693523611
2,0.10107260511657584,0.027619658303413504,0.8713077365800106
0,0.7011704177958514,0.04779958152763521,0.2510300006765133
0,0.8811894924725758,0.015093624637660202,0.10371688288976404
2,0.022422666407343684,0.011741896070262228,0.9658354375223941
0,0.9652193272626082,0.00813778691881781,0.026642885818573978
0,0.9607042381526255,0.007470274050157642,0.03182548779721705
0,0.9612763808874258,0.007691900777439702,0.03103171833513446
2,0.023271585792856618,0.007687206817001149,0.969041207390142
2,0.02011136560045957,0.008541948218613917,0.9713466861809268
2,0.16749015729229733,0.049077946933174244,0.7834318957745284
2,0.05927275178609893,0.022689429494618458,0.9180378187192826
2,0.18112019586349257,0.04044642318612139,0.7784333809503861
2,0.5433472050480971,0.05386058154436057,0.4027922134075421
0,0.9034680348811978,0.016898702079020493,0.07963326303978188
0,0.9674150961631698,0.0060997648430751745,0.02648513899375499
0,0.9509703063332458,0.01000053455135097,0.03902915911540329
1,0.1441411217229379,0.6876141665950449,0.1682447116820168
1,0.872350954730459,0.02140999674012098,0.10623904852941961
0,0.8839546999562781,0.015020775663217247,0.10102452438050441
2,0.053107749158881556,0.019512201923318415,0.9273800489178
2,0.6046998665237907,0.03974207132517437,0.35555806215103497
0,0.6556434080460478,0.057519421921797174,0.286837170032155
0,0.9656924002643879,0.007080183804062947,0.027227415931549315
0,0.9643228858243569,0.007396542915091316,0.028280571260551772
2,0.02941053123604893,0.013513363271209751,0.957076105492742
0,0.3910788463280775,0.05027655815570689,0.5586445955162157
0,0.7937816006879481,0.022788900004227206,0.18342949930782484
0,0.9238287605170333,0.012802386218481215,0.0633688532644845
2,0.4771446580746258,0.04743851074783535,0.47541683117753875
0,0.9649960307471066,0.007008338207039192,0.027995631045854393
0,0.9615340291267515,0.007960806648672764,0.03050516422457585
0,0.6259404566705911,0.10746941016711418,0.26659013316229463
0,0.9514243703485519,0.008852110151249001,0.039723519500198916
0,0.8977909810810322,0.01612150755406435,0.08608751136490327
2,0.5598208986010071,0.08475956219909245,0.3554195391999006
0,0.9674150961631698,0.0060997648430751745,0.02648513899375499
0,0.937729657349779,0.011247600675877939,0.05102274197434264
0,0.9645319019716576,0.0071337703833052836,0.02833432764503736
2,0.6759285115401709,0.0420841888615884,0.2819872995982406
0,0.5525677443946171,0.06343721561005657,0.3839950399953267
0,0.7579034765733661,0.0384889508403979,0.20360757258623607
2,0.022064665635432405,0.010181308234382052,0.9677540261301854
0,0.8821133412042502,0.020475628267836058,0.09741103052791365
2,0.15355683121837282,0.04651542067157065,0.7999277481100563
2,0.6130127639053901,0.0505349897081717,0.33645224638643867
0,0.9503054289524488,0.007827727937649975,0.04186684310990111
0,0.9117592043661211,0.015215565209153596,0.07302523042472517
0,0.8112850663978796,0.022546234789617058,0.16616869881250368
2,0.42431594996671407,0.10961178320854817,0.4660722668247378
0,0.8053918507342537,0.03267264564286973,0.16193550362287654
2,0.9596541210390892,0.00738884351801834,0.032957035442892565
2,0.23070129829011132,0.039972923759803734,0.7293257779500847
0,0.9674150961631698,0.0060997648430751745,0.02648513899375499
0,0.8775355765281967,0.028002762018187362,0.09446166145361552
2,0.07104590309497262,0.15671402605208992,0.772240070852937
0,0.6872377383277247,0.04886151891102978,0.2639007427612451
0,0.6079813411081274,0.04087244408219282,0.35114621480967945
0,0.7633266057180425,0.0372544581203429,0.1994189361616143
0,0.9327608797001816,0.012228785979336219,0.05501033432048233
0,0.7081489650213315,0.015666520956757662,0.27618451402191047
2,0.08264057981941021,0.04006166257009797,0.8772977576104918
0,0.9622313573771616,0.007359951299887306,0.03040869132295132
0,0.8633920120710202,0.020058421194156562,0.11654956673482313
1,0.3920627683886811,0.05660373984082802,0.5513334917704907
0,0.5386170974675827,0.039359874928887637,0.42202302760352944
2,0.15462435021897747,0.03546638196264392,0.8099092678183782
2,0.12769437360006042,0.04065710724309986,0.8316485191568398
0,0.9312651389824371,0.014950013679611828,0.05378484733795061
0,0.9648897816651589,0.007093635512429909,0.028016582822411124
2,0.022447888536721992,0.010250020610093976,0.9673020908531843
0,0.9120409530686604,0.012943005632332421,0.07501604129900723
2,0.030643864103899427,0.011906934619350303,0.9574492012767503
0,0.9647210099391358,0.006847328140511246,0.028431661920353093
0,0.865581440199935,0.015926239334428913,0.11849232046563639
0,0.864286076123656,0.021298804209361765,0.11441511966698227
0,0.9668993398260235,0.0067623193388922824,0.02633834083508438
2,0.2736356062676985,0.06204186129177179,0.6643225324405297
0,0.9667500504777752,0.006234202940105261,0.027015746582119367
0,0.9628736586634096,0.0085800672639361,0.028546274072654372
0,0.785454493062863,0.030017453307270427,0.18452805362986652
0,0.877909312200447,0.019304915123220846,0.10278577267633189
2,0.5701616734572359,0.04479500308681149,0.38504332345595316
0,0.723919346710352,0.04075203502755756,0.23532861826209028
0,0.448138861805221,0.0647957759643476,0.4870653622304313
0,0.8124093201853192,0.024014586062209416,0.16357609375247137
0,0.8913025164207428,0.015728635844373486,0.09296884773488391
2,0.15615224931742291,0.039386534803027874,0.8044612158795496
2,0.1381395753619836,0.030936507272247733,0.8309239173657685
0,0.5596190229921686,0.05633063984863863,0.3840503371591927
0,0.9538518159889424,0.00995331071240525,0.03619487329865203
2,0.3443379686393301,0.109095254071217,0.5465667772894532
0,0.8869058252132231,0.02734879555550272,0.08574537923127422
0,0.962685718015779,0.007940407665810317,0.02937387431841079
0,0.9601787969419454,0.006846024850657627,0.03297517820739692
0,0.9687418084864438,0.007237437092567245,0.02402075442098896
0,0.9655340423516252,0.00693302891976423,0.027532928728610753
0,0.5870323398858592,0.01327532351628737,0.39969233659785336
2,0.022457687706140622,0.02275410086196887,0.9547882114318906
0,0.7782608695652175,0.05185185185185185,0.16988727858293076
0,0.8769188381850717,0.02241561175035865,0.10066555006456956
2,0.18153662091342535,0.04265381539343992,0.7758095636931348
2,0.46305036845465464,0.05724011160732195,0.4797095199380236
2,0.3276614862812595,0.0740440754615099,0.5982944382572306
0,0.4550652350582525,0.050222315953412346,0.49471244898833505
0,0.831519651861866,0.022008129619102007,0.14647221851903228
0,0.9532052889874936,0.008203752213121258,0.038590958799385754
0,0.7950230414746544,0.026625704045058884,0.17835125448028677
2,0.7683661984912197,0.03249245680940259,0.19914134469937814
0,0.9656924002643879,0.007080183804062947,0.027227415931549315
2,0.041077246782061816,0.06414852966608446,0.8947742235518539
0,0.9425174115919728,0.012068403184752403,0.04541418522327472
0,0.9421850068900572,0.01194186260874775,0.04587313050119471
0,0.48659559836355826,0.07525192145774874,0.4381524801786932
0,0.858486479456217,0.01904870899465302,0.12246481154912954
2,0.8288525470974127,0.02585445674501758,0.14529299615756996
0,0.7759807570291621,0.036782516446105265,0.1872367265247325
0,0.7521276013186537,0.022288315357595772,0.22558408332375024
0,0.6212725912170609,0.049657515901830054,0.3290698928811094
2,0.9166172986535257,0.01633759452336955,0.06704510682310469
0,0.8896527418538382,0.01668959604963237,0.09365766209652955
0,0.4526354436654038,0.11152940026255413,0.43583515607204226
1,0.1350257780017082,0.38766371325766213,0.4773105087406298
0,0.9632248791017599,0.007599850791809108,0.029175270106430888
0,0.9668993398260235,0.0067623193388922824,0.02633834083508438
0,0.9342806867209077,0.0070736221496333984,0.058645691129458895
0,0.9190214685395413,0.013016292945416575,0.06796223851504188
0,0.9652974686339801,0.007645662812853484,0.02705686855316646
0,0.9656924002643879,0.007080183804062947,0.027227415931549315
2,0.10633743522582184,0.03039111105670506,0.8632714537174729
2,0.23205268994074216,0.060985458213934335,0.7069618518453231
0,0.9600828575957194,0.00878504613072024,0.03113209627356042
2,0.5953288747000955,0.04890938301923717,0.35576174228066726
2,0.20546848753651906,0.047151997885911956,0.7473795145775691
0,0.8550773776076606,0.018928267025181286,0.12599435536715797
0,0.9641872479464697,0.00716322036474287,0.028649531688787536
2,0.3014214023856688,0.10600050984732909,0.5925780877670019
0,0.5995105318246642,0.04326365144648352,0.3572258167288522
2,0.07687002225907555,0.02697522269385598,0.8961547550470683
0,0.7683532526837288,0.0362377170330954,0.19540903028317602
2,0.1592401136428835,0.036589665054249355,0.8041702213028672
2,0.02138605929892658,0.00954440239190571,0.9690695383091679
2,0.02036069016403939,0.009462697035055692,0.970176612800905
2,0.023821355046769434,0.011196092911598699,0.9649825520416324
0,0.9668993398260235,0.0067623193388922824,0.02633834083508438
0,0.8618796018949201,0.016121447902381743,0.12199895020269812
1,0.3418843554724883,0.06049052060152787,0.5976251239259837
2,0.07661715683503377,0.03124296122558963,0.8921398819393767
0,0.963384824645091,0.007260200788991707,0.02935497456591732
2,0.4192226292680042,0.07710230486001488,0.5036750658719806
0,0.1164766598936206,0.035691602274356755,0.8478317378320226
0,0.8404447773441295,0.015674924853791992,0.14388029780207848
0,0.8703669495166183,0.022060654976376236,0.10757239550700523
0,0.9666683157754414,0.0065081588087164445,0.02682352541584213
0,0.9603727746441505,0.006350501167144469,0.03327672418870497
0,0.16925309757554352,0.0967692593444377,0.733977643080019
2,0.18193691147187224,0.10323093028098507,0.7148321582471425
0,0.9631586855167923,0.007835208668778258,0.029006105814429594
2,0.8969850473961679,0.016484709382165456,0.08653024322166668
2,0.02281955701962284,0.01019206612251478,0.9669883768578623
0,0.9668993398260235,0.0067623193388922824,0.02633834083508438
0,0.9635021990047741,0.00924795478376639,0.027249846211459677
0,0.9652193272626082,0.00813778691881781,0.026642885818573978
0,0.9616343432680386,0.007648528212825298,0.030717128519136216
0,0.9626892037227196,0.007053588475111003,0.030257207802169655
0,0.9646516031487238,0.008065647256431427,0.027282749594844835
0,0.9478403500540314,0.00976512136542664,0.04239452858054189
0,0.9612763808874258,0.007691900777439702,0.03103171833513446
2,0.08622238934831039,0.02374357948281192,0.8900340311688777
0,0.6977177193053126,0.034991244900005866,0.26729103579468144
2,0.019513962175653717,0.010007203042028913,0.9704788347823173
0,0.9355992179882751,0.013183014226840116,0.0512177677848844
2,0.1553830968645052,0.044854945515634126,0.7997619576198606
0,0.17763304109311906,0.6194069400700003,0.20296001883688075
2,0.022322225810249233,0.00978690318913514,0.9678908710006158
2,0.4202180188619848,0.11862497362520323,0.46115700751281197
0,0.9323883604030286,0.009836085757941338,0.0577755538390302
2,0.06843103521306503,0.01807229100886712,0.9134966737780679
0,0.9641116803832717,0.00769061409628789,0.028197705520440628
0,0.9577641850596812,0.008630080672103375,0.033605734268215504
0,0.8672720713629806,0.020827102190738554,0.11190082644628101
2,0.6053811730321776,0.03956431213200074,0.3550545148358216
0,0.9652193272626082,0.00813778691881781,0.026642885818573978
0,0.540896963730302,0.05531514399945519,0.40378789227024275
2,0.09216495180402273,0.052716667992763186,0.8551183802032144
2,0.07028663387665358,0.0821950503062714,0.847518315817075
2,0.1468043811934604,0.03294059339031499,0.8202550254162247
2,0.025933227430088298,0.012088366312646828,0.9619784062572652
2,0.011657620985979195,0.005517865219357757,0.9828245137946631
0,0.8472335516209165,0.0328823105580963,0.11988413782098688
2,0.023114163216337878,0.00940291195152986,0.9674829248321326
2,0.5730527634215674,0.06473831096383724,0.3622089256145954
2,0.011657620985979195,0.005517865219357757,0.9828245137946631
2,0.025638085565180154,0.011070820346719436,0.9632910940881004
0,0.940533520018633,0.011300584955434716,0.048165895025932215
2,0.8683296009738095,0.020107982055374764,0.11156241697081569
0,0.9378508993837491,0.011473948186637654,0.05067515242961314
0,0.9373769573100318,0.011466520712824889,0.051156521977143085
0,0.9145194448068695,0.016485361244695844,0.0689951939484347
0,0.6625067195253412,0.0419723274908075,0.29552095298385117
0,0.5900905058993294,0.04012551990493167,0.3697839741957389
0,0.9612763808874258,0.007691900777439702,0.03103171833513446
2,0.06471533807097331,0.017871368420346177,0.9174132935086804
2,0.24859215842436264,0.14784527146551732,0.60356257011012
2,0.7241913421625721,0.03699926760637427,0.23880939023105338
2,0.041915890049661356,0.007254482306833525,0.9508296276435052
2,0.02106780753547151,0.009113165620580635,0.9698190268439477
0,0.9679355804676355,0.007265191444060752,0.0247992280883036
2,0.03864283324484279,0.01911824210113793,0.9422389246540197
2,0.022322225810249233,0.00978690318913514,0.9678908710006158
0,0.9602110994040262,0.007536626708496463,0.0322522738874774
0,0.962066169242816,0.007950484790426456,0.029983345966757457
0,0.9402519015767888,0.010408064319545999,0.049340034103665276
2,0.02138917358437718,0.010871082673133041,0.9677397437424898
2,0.03466489901244961,0.010017270851873946,0.9553178301356764
1,0.484397231226641,0.3393177268538793,0.17628504191947952
0,0.041847199021902655,0.013041026027821258,0.9451117749502761
0,0.8049786739441557,0.0251739518575743,0.16984737419827053
2,0.6216012205247371,0.03683589835493616,0.3415628811203268
0,0.9599907012525906,0.008595165601774485,0.031414133145634925
0,0.6189027072914107,0.06063400091277643,0.32046329179581273
0,0.9182976197904891,0.013514452706696779,0.06818792750281398
0,0.6612006628649335,0.06005211120417208,0.2787472259308941
2,0.02281955701962284,0.01019206612251478,0.9669883768578623
2,0.011657620985979195,0.005517865219357757,0.9828245137946631
2,0.11610778196131115,0.02801346979901363,0.8558787482396752
2,0.882748261839171,0.01725567361930998,0.09999606454151909
0,0.5997281065954336,0.06680675281777741,0.33346514058678917
0,0.6584576507649095,0.05947248675240397,0.2820698624826867
2,0.21164812592118518,0.04517843275715385,0.743173441321661
0,0.9600902414437095,0.007476708098320709,0.03243305045796994
2,0.8780008259842373,0.01669846111023379,0.10530071290552859
0,0.9601787969419454,0.006846024850657627,0.03297517820739692
0,0.8415742946282071,0.018804111615966925,0.13962159375582586
2,0.5210277062466565,0.08189269565585015,0.3970795980974934
2,0.6302209813393984,0.041959785297306804,0.32781923336329466
0,0.9657948449798508,0.007056529353475134,0.027148625666674135
0,0.49532253555990857,0.04708096856855324,0.45759649587153833
2,0.16735023067483265,0.04405957013411958,0.7885901991910477
1,0.5936037321884645,0.059831260816615585,0.34656500699492016
0,0.784589936379913,0.02757971931361979,0.1878303443064673
2,0.026748648610915894,0.01183307640069289,0.9614182749883913
0,0.9495911020535869,0.0097863683931685,0.04062252955324466
0,0.08677203789031106,0.025805459197618435,0.8874225029120707
0,0.9642172424820864,0.007139439920448701,0.028643317597464992
2,0.030878491208128626,0.00950195364341457,0.9596195551484568
1,0.4585115047920169,0.07108091293174391,0.47040758227623913
0,0.959322424480854,0.007794062374531967,0.032883513144614344
2,0.13035704719781385,0.026989877634804513,0.8426530751673816
0,0.9065583395727859,0.015354643475404795,0.0780870169518092
0,0.9178720669195451,0.014470620847992879,0.06765731223246181
0,0.64850355189255,0.05199728658212468,0.29949916152532524
1,0.7375051040778761,0.03468959689837412,0.22780529902374988
2,0.022322225810249233,0.00978690318913514,0.9678908710006158
2,0.19695651048321758,0.07205344237165484,0.7309900471451277
2,0.16382010040870998,0.041739093128652295,0.7944408064626372
2,0.10901112194850647,0.03100541236572274,0.8599834656857701
2,0.16699316708871154,0.06222437419732274,0.7707824587139657
0,0.9297535217143129,0.01153744881668621,0.05870902946900057
2,0.5557835138717492,0.06015757118698295,0.38405891494126787
0,0.598989898989899,0.08417508417508417,0.31683501683501686
1,0.46768232759584183,0.10127842964659128,0.4310392427575674
2,0.027967698185453534,0.010639335586133822,0.9613929662284126
0,0.912610229276896,0.01620055429579239,0.07118921642731167
2,0.03614677391121019,0.009979359149086356,0.9538738669397033
0,0.9078277568989025,0.01681195861067231,0.07536028449042517
0,0.6743794276336507,0.06014970242110066,0.26547086994524866
0,0.9622598042380984,0.007459395759727725,0.030280800002173792
2,0.03152200342309265,0.007200657799172359,0.9612773387777349
0,0.9612763808874258,0.007691900777439702,0.03103171833513446
2,0.10766094654742035,0.06562077511326911,0.8267182783393107
0,0.7740368915112714,0.027449656860740752,0.19851345162798778
0,0.9634822882986726,0.007759430395955723,0.028758281305371756
2,0.19278735976278713,0.05658657220665432,0.7506260680305586
2,0.019513962175653717,0.010007203042028913,0.9704788347823173
0,0.867085193840192,0.01513464165835326,0.11778016450145447
0,0.9670012547561522,0.007415060696139422,0.02558368454770848
0,0.9652193272626082,0.00813778691881781,0.026642885818573978
0,0.9045363276074054,0.015068547920475586,0.08039512447211872
2,0.9652971258021084,0.00694411404830435,0.027758760149587287
0,0.9612763808874258,0.007691900777439702,0.03103171833513446
0,0.6862218665952567,0.07805665401529417,0.23572147938944918
0,0.6182491915312389,0.1030625475830766,0.27868826088568427
0,0.8081027691170556,0.020663208043745232,0.17123402283919903
1,0.37539365932306246,0.21357602532439351,0.411030315352544
0,0.9687418084864438,0.007237437092567245,0.02402075442098896
0,0.17237718104862704,0.04436880999295787,0.7832540089584152
0,0.1675104893824281,0.032894503770532636,0.7995950068470392
0,0.9261454458402062,0.010116303509925088,0.06373825064986895
0,0.14636090247839473,0.035878734495283476,0.8177603630263217
0,0.8858067378443281,0.014594689634717297,0.09959857252095462
2,0.6956471753187179,0.04665482894484133,0.25769799573644064
2,0.0423987240959885,0.01051587457499921,0.9470854013290124
2,0.9600402971761338,0.0077409385092798025,0.032218764314586444
2,0.11476110617868535,0.02527868205583506,0.8599602117654795
2,0.9521701191268696,0.009262423306236636,0.03856745756689376
0,0.9680599379226249,0.007268103640450383,0.024671958436924633
2,0.321554738436307,0.17767605282606294,0.50076920873763
0,0.7130406340172354,0.03719005821027075,0.249769307772494
0,0.9636165150929631,0.0071415381550940975,0.029241946751942853
0,0.9668993398260235,0.0067623193388922824,0.02633834083508438
0,0.9612763808874258,0.007691900777439702,0.03103171833513446
2,0.02447442237741707,0.010351652003857983,0.9651739256187251
2,0.882993353921363,0.02868822445421105,0.08831842162442582
0,0.9666683157754414,0.0065081588087164445,0.02682352541584213
1,0.2063278103688556,0.6039625057599535,0.18970968387119108
0,0.9655340423516252,0.00693302891976423,0.027532928728610753
0,0.7154309148455369,0.044481156674748924,0.2400879284797142
0,0.9424139163119497,0.01009322561618597,0.04749285807186434
2,0.03349708219784722,0.010246699147597852,0.9562562186545551
0,0.940975247599093,0.010181822054585418,0.04884293034632137
2,0.03695690586928698,0.009526305259782337,0.9535167888709308
2,0.7376658691849378,0.03542974317618263,0.22690438763887935
2,0.06896977200875253,0.029061748843931114,0.9019684791473163
0,0.12569971947690012,0.02315041592079834,0.8511498646023016
2,0.011657620985979195,0.005517865219357757,0.9828245137946631
2,0.5026446509843305,0.05490240328240734,0.44245294573326216
0,0.9354270968582522,0.011363648387302942,0.05320925475444478
0,0.5176853515277652,0.05943455140314548,0.42288009706908913
0,0.9457328180028842,0.010458148424351684,0.04380903357276394
0,0.06858760333339801,0.032781851979595475,0.8986305446870066
0,0.9635521354525642,0.006734918052080735,0.02971294649535489
0,0.17190119481761687,0.047220927312392906,0.7808778778699899
1,0.21057778962108875,0.07351593800373317,0.7159062723751781
0,0.5794932024662187,0.04923242991014175,0.37127436762363936
0,0.9268023205157787,0.015149268656904613,0.05804841082731674
2,0.2321572722983799,0.06008446706461204,0.7077582606370078
0,0.44215800971096664,0.046724499014634185,0.5111174912743992
0,0.9193900884558517,0.012003685372821704,0.06860622617132688
0,0.9612763808874258,0.007691900777439702,0.03103171833513446
2,0.9557273027227031,0.009551394756307785,0.03472130252098867
0,0.9612763808874258,0.007691900777439702,0.03103171833513446
2,0.1485095308732624,0.03643623832175473,0.8150542308049827
2,0.5722409203636664,0.051161969744801014,0.37659710989153283
2,0.060475572797918105,0.09872828235870595,0.8407961448433758
2,0.01679653739909147,0.008670668548712936,0.974532794052196
0,0.9376728123726602,0.012025504180105704,0.05030168344723369
0,0.9004194085583631,0.017925859411587676,0.08165473203004922
2,0.02011136560045957,0.008541948218613917,0.9713466861809268
2,0.33968658028567367,0.09946424714396591,0.5608491725703603
0,0.9548888825942848,0.008618158651671249,0.03649295875404397
0,0.9612763808874258,0.007691900777439702,0.03103171833513446
0,0.6847954446543482,0.03136456023978147,0.28383999510587005
0,0.3762477259109913,0.08779548254232677,0.5359567915466819
0,0.7594681784121198,0.0413413756488237,0.19919044593905647
0,0.8588802820811816,0.02918263090676884,0.11193708701204953
0,0.9674150961631698,0.0060997648430751745,0.02648513899375499
0,0.8484598366166298,0.017447735321667282,0.1340924280617027
1,0.3256684558931628,0.3918387359667117,0.28249280814012556
0,0.45691635633273225,0.11374709287277902,0.4293365507944888
0,0.9225044856429239,0.012880997578113331,0.06461451677896243
0,0.882748261839171,0.01725567361930998,0.09999606454151909
2,0.01679653739909147,0.008670668548712936,0.974532794052196
2,0.8411720245512091,0.02154405744497277,0.13728391800381828
0,0.4320750077627722,0.050049097838758876,0.517875894398469
0,0.9658379877229799,0.007300812603778867,0.026861199673241343
2,0.12343218955289888,0.052883423599544746,0.8236843868475565
0,0.9650699135761762,0.007058461096030322,0.02787162532779372
2,0.011657620985979195,0.005517865219357757,0.9828245137946631
0,0.9023904881156131,0.015895307967627496,0.08171420391675918
2,0.9659046664114459,0.006802308036632167,0.02729302555192214
0,0.6858086950410068,0.05694248722646985,0.2572488177325233
0,0.5257012065600838,0.05417306897178069,0.4201257244681356
2,0.019819427355965594,0.008706436897235109,0.9714741357467996
0,0.9089270960697253,0.0185292230915726,0.07254368083870176
0,0.9655340423516252,0.00693302891976423,0.027532928728610753
