target,prediction_0,prediction_1,prediction_2
2,0.03299267917479441,0.0513150184368023,0.9156923023884032
0,0.8989256667531151,0.014242723682726891,0.0868316095641577
0,0.9388576142567763,0.01224255311854186,0.0488998326246818
2,0.05996732154529916,0.06041007577189299,0.8796226026828076
0,0.7952587793395484,0.019373171265617297,0.18536804939483428
0,0.8539102499507667,0.014590069308252601,0.13149968074098065
0,0.8887460361830156,0.021877481445902163,0.08937648237108231
2,0.002989939637826962,0.010443518170689382,0.9865665421914838
0,0.9520630741150008,0.010544973916585994,0.037391951968413197
1,0.4389751047466664,0.08534390142603224,0.4756809938273014
2,0.028595351245099182,0.07062091449625038,0.9007837342586507
0,0.7448538354098537,0.029627175225119592,0.22551898936502662
0,0.8879706723368174,0.016209430286512554,0.09581989737667007
0,0.839108387043516,0.009120216363223322,0.15177139659326067
0,0.9453636478472633,0.01234449985273432,0.04229185230000233
2,0.15442590574599474,0.11788404785619261,0.7276900463978127
0,0.8979129838579721,0.0309352440618029,0.07115177208022487
2,0.6703222736431027,0.0999007310852341,0.22977699527166282
0,0.9520630741150008,0.010544973916585994,0.037391951968413197
2,0.2257674110141951,0.051569573842207186,0.7226630151435973
0,0.87348935258485,0.019389614848244703,0.10712103256690517
1,0.4766936524168662,0.06447331185689113,0.4588330357262428
2,0.199340928777329,0.02389988798773927,0.7767591832349315
0,0.9435469687631224,0.01084987019683563,0.04560316104004186
0,0.43956119369148633,0.07925027451257141,0.4811885317959429
0,0.9416059893195534,0.010961696128403118,0.04743231455204315
0,0.9520630741150008,0.010544973916585994,0.037391951968413197
0,0.9463687735511039,0.010479356083122398,0.04315187036577329
0,0.5685130320075448,0.0612454860277223,0.37024148196473294
0,0.9447871671369306,0.010100946249577036,0.045111886613492115
2,0.07054257870733363,0.07006845924845964,0.8593889620442059
2,0.1612299064976315,0.038909393904019964,0.7998606995983483
0,0.26526077296315553,0.09261460909481291,0.6421246179420318
2,0.4045583056655289,0.0742067061354068,0.5212349881990643
0,0.7385918090561105,0.06971003170047223,0.19169815924341735
2,0.06713392477374182,0.030599065242815835,0.9022670099834427
2,0.5658055415873771,0.0314063710740935,0.40278808733852994
0,0.9073278687864303,0.023867735078779647,0.06880439613478993
0,0.593655258382218,0.03427570932771767,0.3720690322900643
0,0.5387642172763702,0.04419169374661781,0.4170440889770119
0,0.9185059347848331,0.013366823362184766,0.06812724185298186
2,0.1329742453564035,0.24191539913235088,0.6251103555112457
0,0.8795162402421945,0.015881085651255858,0.1046026741065491
0,0.9479011676598001,0.010333842621004266,0.04176498971919551
0,0.9460088624082446,0.01113510626267246,0.04285603132908238
0,0.7727466674148873,0.0794248440622668,0.14782848852284586
0,0.8587199988959449,0.010035322466552138,0.13124467863750286
2,0.8328438598388068,0.019319089173429102,0.14783705098776445
0,0.7879981645316845,0.012137343231380085,0.19986449223693536
2,0.41969303626979443,0.13159234917277257,0.44871461455743294
0,0.9257640405764297,0.016993847780539095,0.057242111643030925
0,0.9520630741150008,0.010544973916585994,0.037391951968413197
2,0.12253727896341769,0.050207907324327006,0.8272548137122557
2,0.2874455276408995,0.07475377185585066,0.6378007005032499
2,0.23848767741108046,0.04621463002926852,0.7152976925596508
0,0.8918682615408531,0.012459726298814868,0.09567201216033175
0,0.7807377288773362,0.05594864975821097,0.16331362136445277
0,0.5580018353238717,0.11075911178561769,0.33123905289051014
0,0.9520630741150008,0.010544973916585994,0.037391951968413197
0,0.8786656067650056,0.023801051760736037,0.0975333414742587
1,0.7832897537641884,0.06065056364764312,0.1560596825881686
2,0.8201830661767324,0.023200196101951263,0.15661673772131648
0,0.8741135710048062,0.02512723013182497,0.10075919886336875
2,0.28259669332558224,0.03056484131228491,0.6868384653621328
2,0.03231368815409306,0.03428481645971696,0.93340149538619
2,0.019171045715514107,0.012285717104291499,0.9685432371801945
1,0.8928967662186591,0.016847460532946144,0.09025577324839497
2,0.45187017415886477,0.031054590780448574,0.5170752350606868
2,0.018609634035110494,0.034223830817388765,0.9471665351475007
0,0.8449391706200486,0.026750609742462857,0.1283102196374884
0,0.9477886713110008,0.010613158643420667,0.04159817004557856
0,0.7540894096201166,0.2102669375258645,0.03564365285401895
0,0.9459104445252262,0.010476502372408183,0.043613053102365684
0,0.947278970981175,0.01174256956467685,0.04097845945414799
2,0.004014825601151169,0.0024840888018372964,0.9935010855970114
2,0.04639398276787713,0.02029909453749146,0.9333069226946313
0,0.9285776531770029,0.012094276456322656,0.05932807036667436
0,0.25276355860817723,0.010421545667447307,0.7368148957243754
0,0.9108518322506015,0.010570922103340144,0.07857724564605811
0,0.8252492616519679,0.012197314804456419,0.16255342354357563
0,0.6943749041546413,0.03479705254064492,0.27082804330471383
2,0.7157969362546605,0.029033158722205035,0.25516990502313475
1,0.6888006250114699,0.018424298956432737,0.29277507603209757
0,0.7570542749551782,0.04955465176272142,0.19339107328210034
0,0.8525619525119493,0.021150456142204746,0.12628759134584575
2,0.6772666629236055,0.04603095509302482,0.2767023819833696
0,0.9379022358443878,0.017313553816057526,0.04478421033955457
2,0.0392432800443992,0.02232351785475707,0.9384332021008435
0,0.9520630741150008,0.010544973916585994,0.037391951968413197
0,0.8075071448626674,0.022408632426184065,0.17008422271114831
0,0.8436188405981389,0.007767643072830506,0.1486135163290303
0,0.7053816502328318,0.06711127531937015,0.22750707444779808
0,0.8177728689486446,0.04285293345729994,0.13937419759405542
0,0.9491775281781031,0.01137181351570377,0.03945065830619248
0,0.9493293661416687,0.01064261568767351,0.040028018170658125
0,0.9388307207102723,0.010020201674955494,0.05114907761477215
0,0.9443426481553353,0.010307999705330816,0.045349352139333686
2,0.022037558685446008,0.07138209650057206,0.9065803448139821
0,0.9078896454085881,0.019510837703272995,0.07259951688813901
0,0.48936315192010954,0.0447932192955232,0.46584362878436686
2,0.01961562386582491,0.043925488619167986,0.9364588875150079
2,0.00607752646296246,0.0046874406444364055,0.9892350328926012
2,0.014913162783678689,0.022503067144978725,0.9625837700713427
2,0.026759318584018057,0.029571789170658083,0.9436688922453237
0,0.9448053036685505,0.01133411985664853,0.043860576474800496
0,0.9414613203877349,0.013066606621324368,0.04547207299094107
0,0.9073330977901941,0.016350010203377643,0.07631689200642777
2,0.5321168037106297,0.08347007634633273,0.3844131199430373
0,0.6410879325418385,0.053129171176853264,0.30578289628130817
2,0.23033421572619525,0.10458766624146269,0.6650781180323421
0,0.9130445599090089,0.017630885622631456,0.06932455446835949
2,0.18240449677436904,0.047815667969059054,0.7697798352565719
0,0.8498019044223926,0.022229995363351206,0.12796810021425606
2,0.037273641146911014,0.04268346673532371,0.9200428921177655
0,0.946742839818717,0.011219134043853426,0.042038026137428984
0,0.7402462699849495,0.025982084605457523,0.23377164540959308
0,0.9475357947396003,0.010330422803571585,0.04213378245682797
0,0.9520630741150008,0.010544973916585994,0.037391951968413197
0,0.9445545603129012,0.012973302255724094,0.04247213743137414
2,0.7118942869666287,0.03176557539405607,0.25634013763931524
0,0.8482666418449689,0.009050207866965143,0.14268315028806594
0,0.9423686914847594,0.010479185638688453,0.047152122876551586
0,0.8406801185561418,0.023670196192000285,0.13564968525185772
0,0.9466457158313195,0.012118146115477823,0.04123613805320215
0,0.6283259771221166,0.02212664569712164,0.3495473771807621
0,0.6368804448089631,0.2272182752724608,0.13590127991857606
0,0.8698573266054448,0.01842940468355151,0.1117132687110034
0,0.8447202504754576,0.014027150313284026,0.14125259921125813
2,0.1411200920339325,0.07877531242372984,0.7801045955423375
0,0.8765423014623006,0.02830817789299168,0.09514952064470734
2,0.22053667351546913,0.04718504132688198,0.7322782851576489
0,0.7301996608074166,0.030613268746375474,0.2391870704462077
2,0.02506657070135723,0.019624152374517638,0.9553092769241249
0,0.9218185879462263,0.013725281302905568,0.06445613075086834
2,0.5427632065746959,0.07951536151836802,0.3777214319069366
2,0.5866985217640818,0.04269820645625386,0.37060327177966407
0,0.7109836205917066,0.0640852267527502,0.22493115265554284
0,0.948383721615277,0.0104470880411166,0.04116919034360638
0,0.9382899859718982,0.009637323370707123,0.05207269065739442
2,0.7500131183265448,0.017050207866965143,0.23293667380649014
0,0.5973628349231657,0.0834917857883436,0.3191453792884907
0,0.293696510397509,0.05817637189092361,0.6481271177115675
0,0.8479529029427494,0.024838564688359537,0.12720853236889085
0,0.5085354974406384,0.04881175735767585,0.44265274520168596
0,0.8142638458873172,0.037582486053854,0.14815366805882849
0,0.8703417692923625,0.006040539645007157,0.12361769106263022
2,0.0603249880756065,0.037367614268726625,0.9023073976556666
0,0.906382437560402,0.01606033055588621,0.07755723188371165
0,0.8839144681398482,0.016640246463863376,0.09944528539628819
2,0.31107531334082655,0.08970320723113329,0.5992214794280405
0,0.9453833590496689,0.010288018480249093,0.044328622470082096
2,0.4653694533256392,0.08719351616458762,0.4474370305097732
0,0.9522282956913326,0.009661191508783432,0.03811051279988429
0,0.8807813036046853,0.008754025761548663,0.11046467063376558
0,0.4770582022106033,0.021301078863281135,0.5016407189261158
0,0.8838484541176164,0.01569395205412389,0.10045759382825944
2,0.008830566502909514,0.0090368027122669,0.9821326307848236
2,0.04384010705896047,0.03305029608476013,0.9231095968562795
2,0.777296998948036,0.010217965202493616,0.2124850358494699
0,0.9352941527367508,0.012180784659412412,0.05252506260383656
0,0.08537906105117647,0.05248561398664552,0.8621353249621779
0,0.9485531765931626,0.010821354436538822,0.0406254689702987
2,0.873780403372964,0.021977723886596585,0.10424187274043953
2,0.8249179345168298,0.02654036909805857,0.14854169638511167
0,0.8267108299414718,0.015562889284520962,0.15772628077400694
2,0.525666505270307,0.10887741998409703,0.365456074745596
0,0.95175209543429,0.010043115849150248,0.03820478871655962
2,0.0423428754534362,0.013501619181151335,0.9441555053654119
2,0.7358311433306806,0.03762254418257967,0.22654631248673973
0,0.9361193004050467,0.01437401495746489,0.04950668463748792
0,0.5425031263440495,0.10719287559862958,0.350303998057321
1,0.5714758810155558,0.08048558929251462,0.3480385296919296
2,0.24575978318502686,0.06028795500174211,0.6939522618132314
0,0.7875484868622985,0.04075769788247459,0.1716938152552265
2,0.2797150751490472,0.28859505807778724,0.43168986677316545
2,0.06412330226372667,0.036824628177555975,0.8990520695587176
0,0.9490599865879039,0.010248236461252206,0.040691776950843514
0,0.16886114444008485,0.08322798075667959,0.7479108748032355
2,0.17537848573146492,0.04614659321557802,0.7784749210529573
0,0.9389532839659582,0.00945911000325655,0.051587606030785216
0,0.4317059792123372,0.07407075829996629,0.49422326248769655
0,0.5066412382780254,0.08613442462372581,0.4072243370982489
2,0.021663361154339755,0.026217939500306705,0.9521186993453529
0,0.941256732219051,0.012441705547814616,0.04630156223313433
2,0.37262695253908734,0.11924927908736663,0.5081237683735461
2,0.47052180717433023,0.03341277279362291,0.4960654200320471
1,0.39327562538072175,0.10002417765016966,0.5067001969691088
0,0.32360752458492953,0.062346363913658255,0.6140461115014123
2,0.353138936535163,0.010591766723842194,0.6362692967409949
2,0.23957574660607805,0.15846589781176748,0.6019583555821546
0,0.5680074002591563,0.06770221991501496,0.36429037982582846
0,0.9467891291666738,0.009478092896304895,0.04373277793702111
0,0.7798171459064261,0.030561708935475336,0.1896211451580982
2,0.271802900329697,0.07512913012989551,0.6530679695404072
2,0.3377531478902779,0.08699396272998475,0.5752528893797371
0,0.9318014061537377,0.011772813472477496,0.0564257803737847
0,0.7378170988882208,0.03412941310665855,0.22805348800512049
0,0.9505469849523043,0.010127144350061873,0.039325870697633596
2,0.84307893685157,0.017872083335341005,0.13904897981308878
0,0.9315765276138581,0.009639243879516484,0.05878422850662519
0,0.9141860354363113,0.013390027677901584,0.07242393688578785
0,0.9449477354359787,0.009902526125434626,0.045149738438586634
2,0.6026264006962315,0.04227337820070493,0.3551002211030636
0,0.9483397694499025,0.011501276724239414,0.04015895382585786
0,0.7792107774987923,0.018765232394544938,0.20202399010666242
0,0.25947001227682465,0.04003293618620376,0.7004970515369717
0,0.7211582081100291,0.009050207866965143,0.26979158402300574
2,0.3484381679343538,0.07662201079382372,0.574939821271822
0,0.9494305041238564,0.011436572774693314,0.03913292310144953
2,0.1860246812302464,0.016389766787091614,0.7975855519826616
0,0.9520630741150008,0.010544973916585994,0.037391951968413197
2,0.8463437814722539,0.036863942313895885,0.11679227621385037
2,0.08952468152455574,0.06685176128948336,0.8436235571859608
2,0.09992028791080648,0.09553183668045685,0.8045478754087367
0,0.5869025749123282,0.08297216094316262,0.33012526414450893
0,0.8576204087899807,0.035312401719835365,0.10706718949018404
0,0.9378477377729775,0.012451169513005539,0.04970109271401715
0,0.8194805841247842,0.03179766072968296,0.14872175514553282
2,0.8277844912797093,0.007610713101051176,0.16460479561923946
0,0.9262141798462946,0.015262530462431636,0.05852328969127391
0,0.3693083158143436,0.07560867749449464,0.5550830066911616
0,0.946558804815722,0.010176176606480236,0.043265018577797784
2,0.9180615394302255,0.015225319079916746,0.0667131414898586
2,0.5011795483282466,0.0499618139240352,0.4488586377477183
2,0.022177728448064565,0.05952075579120669,0.9183015157607286
0,0.9469968554287007,0.011034667097907291,0.041968477473391566
0,0.9361993162025981,0.011806062574253167,0.05199462122314845
2,0.3434937021860824,0.11029960152087638,0.5462066962930412
2,0.03711401932150082,0.07338681925357295,0.8894991614249261
2,0.11597159298993205,0.05790264503723822,0.8261257619728295
0,0.8605989662700834,0.021310235273896187,0.11809079845601995
2,0.2518306303772979,0.03021349248345303,0.7179558771392491
0,0.9110531005046382,0.023811819879863458,0.06513507961549826
0,0.9375210570224529,0.010468263184563734,0.05201067979298324
0,0.3620736585488769,0.05060073622720456,0.5873256052239183
0,0.6832412321861454,0.02782449136862676,0.28893427644522757
2,0.6739968833230909,0.029129802538364686,0.2968733141385445
2,0.8251413394743835,0.009050207866965143,0.16580845265865135
0,0.9469031228988121,0.011334929833621,0.04176194726756642
2,0.3952276607109615,0.01763092486483719,0.5871414144242015
2,0.04257392674356773,0.01786239228689838,0.9395636809695338
0,0.923761382976048,0.014650066620948528,0.06158855040300352
0,0.9478181896150861,0.009684799928199183,0.0424970104567151
0,0.8012277821952302,0.008515427761920965,0.19025679004284873
0,0.8089183140971262,0.02210737718382623,0.16897430871904753
2,0.02454739130607626,0.018722278917061342,0.9567303297768618
0,0.440698214383967,0.06598384515190771,0.49331794046412525
0,0.810004407241013,0.03431916347974724,0.1556764292792398
2,0.2102002865117734,0.029579710008712456,0.7602200034795145
0,0.9191427366706,0.021112117027431144,0.0597451463019689
0,0.10961926215414822,0.059153968893091005,0.831226768952761
2,0.25363119245625676,0.016888632705691374,0.7294801748380516
2,0.01599633533645432,0.019947533734308708,0.9640561309292368
1,0.6101633139326942,0.03882858168955982,0.3510081043777461
0,0.9492922063270206,0.010284861353964857,0.04042293231901419
0,0.7737224216225417,0.010186788982884713,0.2160907893945733
2,0.22153782455552606,0.07412573908348044,0.7043364363609934
0,0.8160329057394436,0.009050207866965143,0.1749168863935911
0,0.9412730009425188,0.009958070650924612,0.04876892840655654
1,0.18771063428215048,0.158170796994707,0.6541185687231427
0,0.8577443680530568,0.01943155197477766,0.12282407997216567
2,0.3201069812006123,0.08681984135393488,0.5930731774454531
0,0.2293494885917187,0.08219887028071556,0.6884516411275662
0,0.9472569677845166,0.011671133670855474,0.041071898544627644
2,0.1685413272101717,0.14021280716664172,0.6912458656231869
0,0.5099824586041448,0.04634477160161317,0.4436727697942419
0,0.6661752271038966,0.06012146501871914,0.27370330787738417
0,0.6991939688044798,0.01975967014997524,0.281046361045545
2,0.5147543334091398,0.06303947679488077,0.42220618979597946
2,0.21519500278342052,0.022465782673221787,0.7623392145433577
0,0.8249607542106376,0.048869811525098686,0.12616943426426352
2,0.12534886981834603,0.034029431856059424,0.8406216983255946
0,0.9398029195582347,0.01158365623483424,0.04861342420693126
2,0.28224993748631844,0.18363464129042267,0.5341154212232591
0,0.8425062267978106,0.012792354679159299,0.14470141852302976
0,0.5977333771287873,0.07723825643997276,0.3250283664312398
2,0.862964963703414,0.019659005335620042,0.11737603096096588
0,0.5794070725429135,0.09663065208876387,0.32396227536832245
2,0.6142019121378032,0.029982116869685625,0.35581597099251105
0,0.950673109812108,0.010198039830500829,0.03912885035739104
2,0.9480308284170872,0.01133900742103401,0.04063016416187814
0,0.8986583903574876,0.02185546011063929,0.07948614953187304
0,0.9456483286059447,0.010706338865771107,0.04364533252828435
0,0.5070642657707325,0.09094287146446811,0.40199286276479945
0,0.941884380683617,0.012688647122720704,0.04542697219366217
2,0.09832587115085116,0.10547948202058356,0.7961946468285657
0,0.7341604586941847,0.025526916658215156,0.24031262464760011
0,0.8051397421078244,0.013523170247716586,0.18133708764445938
2,0.06481464568390174,0.013307244306358143,0.9218781100097397
0,0.9520630741150008,0.010544973916585994,0.037391951968413197
0,0.9336571262311455,0.011380907532770846,0.05496196623608336
0,0.86714174945121,0.03212799772430866,0.10073025282448118
2,0.04342198276617114,0.03949096795655125,0.9170870492772775
2,0.005542019126853503,0.008256872664750461,0.986201108208396
2,0.24839338626287685,0.046879437394556925,0.7047271763425662
2,0.12835819020701025,0.03236165978978642,0.8392801500032032
2,0.5056200560217942,0.027321421089558904,0.4670585228886473
2,0.5041564025877099,0.06582195634949502,0.43002164106279495
0,0.8726611918292733,0.019249250138225017,0.10808955803250173
0,0.9496311939502889,0.010192153546397784,0.040176652503313044
0,0.9467747191623519,0.00982965882956596,0.04339562200808208
1,0.4035508026965438,0.11144610428644237,0.4850030930170139
1,0.7626002929249418,0.0234777126923478,0.21392199438271028
0,0.8824969374865725,0.016123166693334523,0.10137989582009294
2,0.04007916597061371,0.050399596033920475,0.9095212379954657
2,0.6789456612979382,0.006988098948372288,0.31406623975368964
0,0.618887068287708,0.09014373741482826,0.2909691942974637
0,0.9443066575540108,0.01182899036364153,0.043864352082347194
0,0.9287171000087989,0.013199648517424877,0.058083251473776056
2,0.21816806722689072,0.00503341046563553,0.7767985223074738
0,0.47054947707241973,0.09460895096234827,0.43484157196523204
0,0.8818405277079586,0.015823573714619833,0.1023358985774213
0,0.9200643742636615,0.015485231409581721,0.0644503943267563
2,0.6680533950430171,0.02449902745276804,0.30744757750421486
0,0.9436924968618732,0.015634498832034976,0.040673004306091345
0,0.9442343683193066,0.011853073583601935,0.043912558097091124
0,0.7335844064711647,0.06741369786276796,0.1990018956660674
0,0.9323929163973422,0.012565086631636567,0.055041996971020954
0,0.8554869093666289,0.022588281390909813,0.1219248092424614
2,0.5601525096126868,0.12107889599802567,0.318768594389288
0,0.9488461260857347,0.01027090712636949,0.0408829667878956
0,0.8798833557839602,0.03477184418902569,0.08534480002701392
0,0.9358982417317872,0.010418177175110172,0.0536835810931026
2,0.6810374703329194,0.03350642799009694,0.28545610167698343
0,0.3630684628418064,0.05605029846209099,0.5808812386961024
0,0.7253290225705145,0.0436892856471371,0.2309816917823482
2,0.016717208474747502,0.014292028604410843,0.9689907629208414
0,0.7852028491797576,0.03079624383480836,0.18400090698543384
2,0.09044612794612794,0.11881313131313131,0.7907407407407407
2,0.6086424397104545,0.05853477057384353,0.332822789715702
0,0.9372107736192434,0.010975413016816888,0.05181381336393918
0,0.8371228230341129,0.037385975897886815,0.1254912010679994
0,0.7840354172782104,0.020761601128911896,0.19520298159287727
2,0.3799971626978802,0.07688544559838653,0.5431173917037333
0,0.8696806720481167,0.038347644542743475,0.09197168340913991
2,0.855752637102821,0.023779314662872836,0.12046804823430633
2,0.4071839060432236,0.02937086020421804,0.5634452337525583
0,0.9488461260857347,0.01027090712636949,0.0408829667878956
0,0.7488124684352306,0.029502788345499343,0.22168474321927006
2,0.05027193609690885,0.10685183183150038,0.8428762320715909
0,0.6486079715202899,0.04529939693192608,0.30609263154778454
0,0.684389895716146,0.0174986070741106,0.2981114972097436
0,0.6215526462736768,0.05029189464374317,0.3281554590825802
0,0.9455936376362876,0.0109378011615063,0.04346856120220555
0,0.5719068200554779,0.02979578339073279,0.39829739655378926
2,0.06114322282029279,0.023881159918094964,0.914975617261612
0,0.9433214449201827,0.009851624121372459,0.04682693095844463
0,0.6976183903427695,0.05659305020866335,0.24578855944856715
1,0.37736728416953375,0.08146015303246125,0.541172562798005
0,0.5433330734680532,0.008816255635880376,0.4478506708960663
2,0.4200742758741913,0.052985698750006485,0.526940025375802
2,0.20451596905997277,0.06939015916256355,0.7260938717774634
0,0.8106977774104722,0.008136686352872305,0.1811655362366554
0,0.944642111670641,0.012316498226730106,0.0430413901026282
2,0.01794872261566715,0.01244888514369108,0.9696023922406417
0,0.931286039773175,0.009548793858490823,0.059165166368334035
2,0.025964988035035386,0.024927111279400005,0.949107900685564
0,0.9449826807319368,0.010311057134776251,0.04470626213328702
0,0.80015608761703,0.04980380841405475,0.15004010396891507
0,0.7439175276156951,0.038755720144522755,0.21732675223978223
0,0.947921968157526,0.010556956233051319,0.04152107560942257
2,0.27157365177207804,0.07264658617560683,0.655779762052315
0,0.9489837007041946,0.009520769195389016,0.0414955301004163
0,0.8915508445542655,0.02277927442698619,0.08566988101874837
0,0.8279205739858826,0.02170195192285494,0.15037747409126226
0,0.9052143064076137,0.01436411518905786,0.08042157840332846
2,0.5273781049549968,0.03195646041947801,0.44066543462552554
0,0.8060073460652857,0.043405604638374576,0.15058704929633934
0,0.35672668184198475,0.07285915505146662,0.5704141631065487
0,0.6818268590851468,0.05340376427597463,0.2647693766388784
0,0.8784242754631367,0.03231393200226219,0.08926179253460091
2,0.1648434458214654,0.09411917658294867,0.7410373775955854
2,0.1969631072563625,0.052204572400504155,0.7508323203431334
0,0.4549439555169268,0.029418415269820135,0.5156376292132535
0,0.8915508445542655,0.02277927442698619,0.08566988101874837
2,0.6421771432098459,0.06343952804177644,0.29438332874837797
0,0.8827793635369677,0.026765349525704116,0.0904552869373279
0,0.9453229811505351,0.0107854650473013,0.04389155380216343
0,0.9429815137413214,0.012222843643020214,0.04479564261565771
0,0.9483986801452926,0.011712259792289384,0.03988906006241776
0,0.9515620217447248,0.00971349405554964,0.03872448419972519
0,0.3719201350693458,0.01949165816901791,0.6085882067616359
2,0.024210203193154735,0.02521332736074505,0.9505764694461011
0,0.7931961341359728,0.014440055151455012,0.1923638107125718
0,0.8291696593478534,0.030538322288545545,0.14029201836360064
2,0.4170056170785791,0.054640004841711616,0.5283543780797098
2,0.3996513483459607,0.015850914205344586,0.5844977374486946
2,0.460122502164762,0.07672141705292468,0.4631560807823133
0,0.3653153448908695,0.06111842119050078,0.5735662339186302
0,0.8449391706200486,0.026750609742462857,0.1283102196374884
0,0.937296606129504,0.011424473863024955,0.051278920007470946
0,0.5189553037523362,0.09823853036726928,0.3828061658803945
2,0.666899075001916,0.034704345952842296,0.2983965790452417
0,0.9409821934437202,0.011525468144832103,0.047492338411447205
2,0.0629395194069807,0.0709718923020899,0.8660885882909295
0,0.8915508445542655,0.02277927442698619,0.08566988101874837
0,0.8993541365640588,0.019621476753041184,0.08102438668289992
0,0.3208673165536009,0.08449997461659237,0.5946327088298075
0,0.7478964771607015,0.014875017665225698,0.23722850517407257
2,0.6367594382142411,0.029782035140100065,0.33345852664565884
0,0.7532471030616493,0.05380380328857941,0.19294909364977073
0,0.9188102778846138,0.01126571645046993,0.06992400566491717
0,0.37039903680770553,0.09704408079021082,0.5325568824020837
2,0.9520033228836913,0.009483771244536698,0.03851290587177236
0,0.8364027187066568,0.011124985064989634,0.15247229622835295
0,0.4458386515901616,0.1175233352355205,0.4366380131743182
1,0.06519607843137254,0.22854419545596016,0.7062597261126673
0,0.887606983378698,0.019927371555309388,0.09246564506599203
0,0.9441227119418079,0.010688266179680647,0.04518902187851126
0,0.8498180976524483,0.00792763261978146,0.14225426972777042
0,0.8859228451630217,0.016180060833201504,0.09789709400377611
0,0.9472471065192564,0.010640165073202744,0.042112728407540476
0,0.9475217092384098,0.011122527910336712,0.04135576285125292
2,0.21655187807538126,0.030718014743191937,0.7527301071814269
2,0.35153934117404145,0.09788246211283032,0.5505781967131284
0,0.9191427366706,0.021112117027431144,0.0597451463019689
2,0.5737638967966199,0.03751910341314314,0.388716999790237
2,0.29817495907787445,0.10511015409030272,0.5967148868318227
0,0.8717478781182422,0.008085309468372291,0.1201668124133852
0,0.9320801641047208,0.013701028911904067,0.054218806983374876
2,0.35896625702096374,0.04334458456925198,0.5976891584097842
0,0.6804524952752488,0.04507285620781997,0.2744746485169309
2,0.19806105272197186,0.05765776429289899,0.744281182985129
0,0.5900595489311394,0.08654685831734224,0.3233935927515186
2,0.06105337417673893,0.03777859355541772,0.9011680322678433
2,0.008411404224639906,0.009740366209325575,0.9818482295660346
2,0.015598308429606751,0.029218657800370956,0.9551830337700224
2,0.004166410226062256,0.01065380518404545,0.9851797845898922
0,0.9467832438377786,0.011323797974919107,0.04189295818730253
0,0.8727464276386884,0.0053888036186121435,0.12186476874269916
1,0.33655737518840645,0.047712820582677534,0.6157298042289158
2,0.03130066667372579,0.059105502962578944,0.9095938303636951
0,0.9365990489420525,0.01175786940016581,0.05164308165778164
2,0.44808662232465946,0.03968913027359653,0.5122242474017439
0,0.21440243644692483,0.03961904400772443,0.7459785195453509
0,0.7783345398008417,0.022009363912772247,0.19965609628638584
0,0.8615452876824263,0.02888352561151853,0.10957118670605476
0,0.9474966080928463,0.01036252321482735,0.04214086869232688
0,0.9334640544209499,0.011493453725413248,0.05504249185363684
0,0.49011473075221024,0.027102977952688543,0.4827822912951011
2,0.24285471952814755,0.09763807694842178,0.6595072035234306
0,0.9498734537080834,0.010561457386811616,0.039565088905104885
2,0.8399169746219867,0.007689083988698612,0.15239394138931503
2,0.029316696090358054,0.017458341986089254,0.9532249619235533
0,0.9476533859373442,0.01039188306235261,0.04195473100030312
0,0.9507046259611839,0.009856896008864349,0.03943847802995171
0,0.9520630741150008,0.010544973916585994,0.037391951968413197
0,0.9471606194449204,0.011445266912494404,0.04139411364258476
0,0.8980913723240033,0.014858084319314036,0.08705054335668203
0,0.9520630741150008,0.010544973916585994,0.037391951968413197
0,0.884866431272385,0.026765436237505904,0.08836813249010979
0,0.9474132665268017,0.01150623150130157,0.04108050197189617
2,0.15812994696042434,0.1281966544267646,0.713673398612811
0,0.8391870285594423,0.01219876611646426,0.14861420532409383
2,0.11969710211990954,0.028508793451956255,0.8517941044281341
0,0.8915508445542655,0.02277927442698619,0.08566988101874837
2,0.2257910964085974,0.037172265140542476,0.73703663845086
0,0.9397948262980246,0.01932297140778165,0.04088220229419409
2,0.0550471579921381,0.0180301436278858,0.9269226983799759
2,0.4458352732551973,0.09484724949737122,0.4593174772474316
0,0.8869146243473364,0.012993613316444285,0.1000917623362193
2,0.2366797281529722,0.054229935311556315,0.7090903365354717
0,0.9507003167093542,0.010225358481968391,0.03907432480867709
0,0.8996074076168747,0.014886404816004468,0.0855061875671206
0,0.8718429144723996,0.011289180376621804,0.11686790515097818
2,0.5909418138705723,0.09278868830508559,0.3162694978243423
0,0.9520630741150008,0.010544973916585994,0.037391951968413197
0,0.42140216829767085,0.07782100201799402,0.5007768296843353
2,0.16423000769368695,0.09531654013353795,0.7404534521727748
2,0.04464094992680889,0.08858988482745128,0.86676916524574
2,0.11624633752170502,0.04798396684790962,0.835769695630385
2,0.023959514920838438,0.045936991086063826,0.9301034939930977
2,0.020843165184272674,0.00795921653384869,0.9711976182818786
0,0.8395612776332704,0.021580754907317666,0.13885796745941228
2,0.008683473389355743,0.016526610644257703,0.9747899159663866
2,0.44938852823102876,0.07561657567794376,0.4749948960910275
2,0.0030345745083589777,0.009493638385757243,0.9874717871058837
2,0.06975414644276774,0.025615369412614726,0.9046304841446174
0,0.8337271588013839,0.027385409800443385,0.13888743139817294
2,0.8199621302809053,0.016261652985835803,0.16377621673325843
0,0.8662767573115653,0.03659960754533806,0.0971236351430961
0,0.9472569677845166,0.011671133670855474,0.041071898544627644
0,0.8267450528289345,0.01569275464905279,0.15756219252201226
0,0.6002025114703357,0.04228869741058473,0.3575087911190796
0,0.519332144184375,0.03247182497940621,0.448196030836219
0,0.9499276739764215,0.011405901270151427,0.03866642475342641
2,0.09376407459366827,0.07314788703899518,0.8330880383673368
2,0.33201080223257085,0.0777424781921914,0.5902467195752378
2,0.5248358760898741,0.0356460195674106,0.43951810434271527
2,0.1441351331909523,0.05575898341826432,0.8001058833907829
2,0.017590582418812426,0.017344294870962357,0.965065122710225
0,0.9474745579813583,0.010941428561037728,0.041584013457604256
2,0.18019373071119144,0.06478240565391548,0.7550238636348929
2,0.01079884437199281,0.01671297724472145,0.9724881783832862
0,0.9468014984906095,0.0110587514757293,0.04213975003366066
0,0.8831817268999347,0.020517682130331595,0.09630059096973326
0,0.8524112538704962,0.02213403085559033,0.12545471527391305
2,0.010337889852038719,0.012364009775741855,0.977298100372219
2,0.11081112168572613,0.03157893650919963,0.8576099418050744
1,0.704138285475444,0.025418452677379667,0.2704432618471763
0,0.11351558058891609,0.0345689250633571,0.8519154943477267
0,0.8384799569079928,0.009593440956682459,0.15192660213532458
2,0.6416190662347363,0.03520112343971684,0.323179810325547
0,0.9258392274894318,0.024232109939751334,0.04992866257081669
0,0.3386838094615323,0.10932866008963679,0.551987530448831
0,0.9360274349917677,0.01034359348293316,0.053628971525299274
0,0.5388903318023482,0.08491297442985014,0.37619669376780157
2,0.024845143023752948,0.02575530338885627,0.9493995535873911
2,0.003949408081738502,0.01404891666831046,0.982001675249951
2,0.05278592268460783,0.028868269483897428,0.9183458078314948
2,0.8686201180055041,0.007664941160580209,0.12371494083391532
0,0.5869555024374019,0.046797553064753895,0.36624694449784423
0,0.315351144828174,0.16796338135875788,0.5166854738130684
2,0.4366990053079977,0.04793147587206198,0.5153695188199403
0,0.8489465762919969,0.037556231339538344,0.11349719236846478
2,0.7782749896496861,0.02110820678446908,0.20061680356584455
0,0.9459413291734919,0.011084711146302629,0.04297395968020484
0,0.6766683231870638,0.0246064870763666,0.2987251897365695
2,0.5398382876139497,0.07041146494149783,0.3897502474445525
2,0.6827413034406139,0.03858095771127368,0.2786777388481125
0,0.9324538255155497,0.014744849784987102,0.05280132469946313
0,0.51872939037774,0.031201250486390074,0.45006935913586976
2,0.2419215887330676,0.04983782626872527,0.7082405849982075
1,0.1617629497629339,0.04080026885826684,0.7974367813787994
0,0.7007941506086852,0.040262685052494133,0.25894316433882075
2,0.011183582898651609,0.01585450080459071,0.9729619162967584
0,0.8835230521013792,0.009050207866965143,0.10742674003165571
0,0.18383708142669483,0.0839682027986641,0.7321947157746413
0,0.9432838367367028,0.010820196420856455,0.04589596684244074
2,0.058500874724798126,0.07752316182218136,0.8639759634530206
1,0.49553877857426215,0.11577468283063642,0.3886865385951011
0,0.9444241210851908,0.010416040378631837,0.045159838536177534
2,0.22166563826737398,0.041813564952563505,0.7365207967800625
0,0.7564146183664393,0.009050207866965143,0.23453517376659544
0,0.9040894096201166,0.010266937525864515,0.08564365285401895
0,0.6544776283428173,0.02269907840874285,0.32282329324843967
1,0.628700601877017,0.08470220969543407,0.28659718842754844
2,0.015263152331224926,0.01496096114597968,0.9697758865227958
2,0.2824650556079098,0.09185287012677841,0.6256820742653119
2,0.30818711415422606,0.03994701986754967,0.6518658659782242
2,0.14892813952815623,0.042761360118251435,0.8083105003535924
2,0.10393529747278925,0.057671355491736236,0.8383933470354744
0,0.9520630741150008,0.010544973916585994,0.037391951968413197
2,0.5501190807266905,0.02191163701169582,0.4279692822616139
0,0.5207044105041387,0.056217466612613086,0.4230781228832482
1,0.45405168980549265,0.09605529381164038,0.44989301638286705
2,0.05561996638645259,0.036502245101007164,0.9078777885125403
0,0.888045312015062,0.026816908440616828,0.08513777954432082
2,0.15053722281525353,0.05978963736137335,0.7896731398233731
0,0.8992221595698167,0.017988989128367508,0.08278885130181556
0,0.6350801019471946,0.07217803201402018,0.29274186603878544
0,0.9120802595058162,0.02382406048333309,0.06409568001085067
2,0.07385367361188554,0.08814596259062259,0.8380003637974915
0,0.9480308284170872,0.01133900742103401,0.04063016416187814
2,0.3944612513524097,0.05148002424468947,0.554058724402901
0,0.9316625138538265,0.011096204682377701,0.05724128146379595
0,0.8374984015640183,0.051132382939475245,0.1113692154965063
2,0.13211420223435477,0.09128024955423512,0.77660554821141
2,0.09596202669290424,0.04462366199593092,0.8594143113111644
0,0.7340048322477513,0.060494524745282496,0.2055006430069662
0,0.9208842865305708,0.02410219771922361,0.05501351575020538
0,0.9520630741150008,0.010544973916585994,0.037391951968413197
0,0.8811401886842982,0.0068629049093325515,0.11199690640636868
2,0.8989618680867556,0.013137383936405504,0.08790074797683876
0,0.9426772737996686,0.011972773497032204,0.04534995270329876
0,0.5529550770606153,0.10250603510927059,0.34453888783011466
0,0.5430054670389065,0.12310995466804998,0.33388457829304324
0,0.7566934100546184,0.020958874768552224,0.2223477151768292
1,0.4696746972707762,0.08736947964465856,0.44295582308456527
0,0.9507616011828796,0.011329511214498397,0.03790888760262193
0,0.3983603281111224,0.0900055224229003,0.5116341494659773
0,0.207550158739514,0.07366373027166488,0.718786110988821
0,0.8672735070253014,0.01656704349042827,0.11615944948427064
0,0.2393772438229624,0.057532427759646676,0.7030903284173905
0,0.8907457856318408,0.020908905984232642,0.08834530838392655
2,0.48925915765415556,0.058792249242462305,0.45194859310338215
2,0.2231400966183575,0.017391304347826087,0.7594685990338165
2,0.8976020808055354,0.015312131853057574,0.0870857873414063
2,0.12571209781138348,0.04267506381204651,0.8316128383765697
2,0.8503133724853053,0.03136514463984178,0.11832148287485303
0,0.9477830526015063,0.010967167921844628,0.04124977947664918
2,0.4657494491045046,0.09158647610012476,0.4426640747953705
0,0.5996116275077876,0.08662590053857674,0.31376247195363577
0,0.9469265050123273,0.010515868947905847,0.04255762603976701
0,0.9381511331182634,0.011423660883570568,0.05042520599816606
0,0.939982321736322,0.012575193250129001,0.04744248501354848
2,0.024986866110532937,0.022522280519600316,0.9524908533698669
2,0.8167713529401518,0.034380343906102964,0.14884830315374495
0,0.9510052456260036,0.009666279860276572,0.039328474513720096
1,0.7367938123661615,0.06939770986703185,0.19380847776680651
0,0.945975640998576,0.00993943319482376,0.044084925806599895
0,0.6699850998833402,0.03599954285146423,0.2940153572651954
0,0.9470374652066964,0.010179638454872601,0.042782896338430534
2,0.1478957901192756,0.019143465858358466,0.8329607440223659
0,0.941139623988105,0.011651335040768285,0.04720904097112652
2,0.23200656308368195,0.03559915489116412,0.7323942820251542
2,0.7954060705061899,0.012906968744370513,0.19168696074943958
2,0.10150313582267022,0.08763777295117774,0.810859091226152
0,0.2404151925457758,0.04496508490662562,0.7146197225475984
2,0.008771529185650578,0.011676005089484874,0.9795524657248644
2,0.5296398689821419,0.12054827980692051,0.3498118512109377
0,0.9026746121306047,0.018446585760317172,0.07887880210907723
0,0.3284570082281692,0.10457962236546921,0.5669633694063616
0,0.9386614347032686,0.013395131172765012,0.04794343412396642
0,0.15097979393385963,0.017619848089105716,0.8314003579770344
0,0.9475357947396003,0.010330422803571585,0.04213378245682797
0,0.5214109905459932,0.03508077288565094,0.4435082365683559
1,0.15045363211151094,0.08275160170321288,0.7667947661852763
0,0.6324107408186521,0.01944254562334209,0.34814671355800575
0,0.8215788591747412,0.023731894658570497,0.15468924616668828
2,0.2538664672644047,0.07097435855692681,0.6751591741786683
0,0.5059614163491005,0.08767819312794986,0.40636039052294953
0,0.855432407063451,0.005682106129992081,0.13888548680655705
0,0.94556101706075,0.010829959081560096,0.04360902385768925
2,0.9520630741150008,0.010544973916585994,0.037391951968413197
0,0.9480502675722728,0.011526324029533583,0.04042340839819307
2,0.2116588700042004,0.052746912177270615,0.7355942178185291
2,0.6763921535593402,0.060880206742486634,0.26272763969817287
2,0.0652659105600282,0.06573926073926074,0.8689948287007111
2,0.019259411979990777,0.07465751940845733,0.906083068611552
0,0.8069896228596526,0.007736244731678585,0.185274132408669
0,0.8465376241734779,0.016520915105870088,0.13694146072065252
2,0.008173108687578841,0.005481344278455727,0.9863455470339654
2,0.3186370613749408,0.07379218313870592,0.6075707554863532
0,0.8785341391554384,0.020873750768780196,0.10059211007578069
0,0.948679908977282,0.011229933251171694,0.04009015777154558
0,0.6178092368554935,0.03208995393432756,0.35010080921017905
0,0.38789151889821544,0.06823932961500052,0.543869151486784
0,0.3061093633995987,0.13224323656504589,0.5616474000353553
0,0.8046416589004628,0.01931376644478057,0.17604457465475662
0,0.9467747191623519,0.00982965882956596,0.04339562200808208
0,0.7979625093627148,0.019658067231259964,0.1823794234060252
1,0.5235360117133386,0.14283536461330815,0.333628623673353
0,0.24382042834947226,0.08562653540493771,0.67055303624559
0,0.8990812121336965,0.027818528546157125,0.07310025932014597
0,0.8132633522576833,0.048661819543686986,0.13807482819862985
2,0.006553039563467114,0.00724326816758379,0.9862036922689489
2,0.6693390236558936,0.07455312175153626,0.2561078545925703
0,0.3667492570271518,0.07299571652101015,0.560255026451838
0,0.937815033049075,0.01099077899918123,0.051194187951743735
2,0.15443390585087377,0.0672268788246266,0.7783392153244995
0,0.9469407061188402,0.010462415504731712,0.04259687837642773
2,0.002248762221016913,0.004144356798928604,0.9936068809800545
0,0.9434385703737025,0.010536828229906928,0.046024601396390113
2,0.8941824077338312,0.015456776865266173,0.09036081540090232
0,0.588270011144791,0.09485554604596694,0.3168744428092424
0,0.4326439758464449,0.0466597828961225,0.5206962412574334
2,0.002989939637826962,0.0033846946412776175,0.9936253657208954
0,0.9520630741150008,0.010544973916585994,0.037391951968413197
0,0.9407825467760867,0.009899611954171897,0.04931784126974138
0,0.8588770320585623,0.02795968843804126,0.11316327950339623
2,0.030953139569195827,0.030884237204453824,0.93816262322635
