target,prediction_0,prediction_1,prediction_2
2,0.07617546780202684,0.03280630453153037,0.8910182276664429
0,0.9537671549486908,0.009687291855070305,0.03654555319623886
0,0.9712744082498949,0.007258877205178536,0.02146671454492666
2,0.20026670743089267,0.029350572116555056,0.7703827204525523
0,0.8906334666174246,0.00963024626593033,0.09973628711664509
0,0.8343481398210254,0.0025025226938945044,0.1631493374850802
0,0.8855951057474566,0.025826871601250728,0.08857802265129275
2,0.026799229456796105,0.009680052840636137,0.9635207177025678
0,0.9923224531358704,0.0007079309520213452,0.006969615912108285
1,0.3095620581064368,0.01600921134883176,0.6744287305447314
2,0.03825115726198141,0.0061376736060951885,0.9556111691319235
0,0.7681564799410798,0.03384108790376793,0.19800243215515234
0,0.9651993044762969,0.0015325957716771144,0.03326809975202617
0,0.8833672343212214,0.010650100127180227,0.1059826655515983
0,0.8907113526689838,0.03683509016034323,0.07245355717067287
2,0.23712764680290702,0.04898237721829728,0.7138899759787957
0,0.9294264862347451,0.0029532832574435523,0.06762023050781131
2,0.7810256116457888,0.08269658711327532,0.13627780124093597
0,0.9555153943300623,0.011754337726640716,0.03273026794329687
2,0.23834052562587799,0.04535185612725172,0.7163076182468703
0,0.9582784828544954,0.009193433686998567,0.03252808345850603
1,0.5328014535502826,0.050270151907405865,0.4169283945423115
2,0.0713965754709072,0.007970049348344723,0.9206333751807482
0,0.9649921968111774,0.004243788525097276,0.03076401466372536
0,0.5226667212695078,0.01717450467541239,0.46015877405507993
0,0.9145891752092117,0.01803668548540308,0.0673741393053852
0,0.9598083099111734,0.007372975288782517,0.03281871480004396
0,0.9781585799033661,0.004894762773700661,0.016946657322933288
0,0.48820475538687325,0.027434441486451026,0.4843608031266758
0,0.9286234024510913,0.018061747079871016,0.05331485046903763
2,0.04918088866762737,0.019394582979469405,0.9314245283529032
2,0.29521785570855286,0.014240566805756747,0.6905415774856903
0,0.19882601966939556,0.19473108696390526,0.6064428933666991
2,0.45910710462395776,0.016264649907911707,0.5246282454681306
0,0.764446912215879,0.08398538291790089,0.15156770486622012
2,0.06601241002562198,0.022945046508790253,0.9110425434655877
2,0.3493279957963188,0.04824323788555304,0.6024287663181281
0,0.9317198326016615,0.02314278505344982,0.045137382344888906
0,0.372862363223163,0.06233481109287268,0.5648028256839643
0,0.6901041197837818,0.058667931635793834,0.25122794858042446
0,0.8378671172509833,0.0060918293989375705,0.15604105335007917
2,0.019508175268851676,0.7653259098245703,0.21516591490657808
0,0.8756375262592293,0.014218595292541913,0.1101438784482286
0,0.9675152353342346,0.003909298287063978,0.028575466378701488
0,0.9639745240305971,0.001059174660076956,0.03496630130932581
0,0.5430375505572772,0.2817691821357295,0.17519326730699328
0,0.9108756606442164,0.006293667101459366,0.08283067225432411
2,0.8551934949955798,0.023340518492302648,0.12146598651211762
0,0.859571064932989,0.007978912814005255,0.13245002225300567
2,0.5404467558020803,0.07753076306229585,0.3820224811356237
0,0.9160109903006017,0.03836313422078318,0.04562587547861495
0,0.9831095676416561,0.00272326566499998,0.01416716669334384
2,0.07232508075500216,0.019218534852108636,0.9084563843928891
2,0.27076955025906413,0.024969175854700137,0.7042612738862357
2,0.09473569323998361,0.006661172227474538,0.8986031345325418
0,0.7707700415348114,0.0030646517127130655,0.22616530675247545
0,0.8478999342265213,0.08183530604148398,0.07026475973199466
0,0.7442093490779844,0.11091201816814808,0.1448786327538675
0,0.9828550985915971,0.0009798352032302073,0.016165066205172413
0,0.764810684870335,0.11261087329574561,0.1225784418339194
1,0.8520480846241604,0.029782126298163257,0.1181697890776764
2,0.8570294057360258,0.011589023194022217,0.13138157106995182
0,0.9490707213825875,0.011815873984356413,0.03911340463305607
2,0.09344359127645901,0.0026647746657180046,0.9038916340578229
2,0.07217902083242406,0.03972102008832947,0.8880999590792465
2,0.012277842403231452,0.0010642342896217346,0.9866579233071469
1,0.9032377067882997,0.008540405791252757,0.08822188742044748
2,0.347833361881558,0.012078467326265805,0.6400881707921762
2,0.053736893991942807,0.13066387481933295,0.8155992311887243
0,0.9560480034621939,0.0022552804494501625,0.0416967160883561
0,0.9772455068370287,0.004230341151417669,0.018524152011553635
0,0.8134145197473552,0.0047813549008527785,0.18180412535179205
0,0.9490643433416394,0.007589031566681714,0.04334662509167882
0,0.9268445373371295,0.03704386068318569,0.03611160197968476
2,0.004466671364338785,0.0027419941232590143,0.9927913345124021
2,0.033856711777397616,0.012995391197577585,0.9531478970250249
0,0.9832488739095485,0.0006710018648759565,0.01608012422557545
0,0.6370318227648375,0.015656878786680338,0.34731129844848224
0,0.9362922566203048,0.009232404713124587,0.05447533866657059
0,0.8005946862216325,0.00942394331977136,0.189981370458596
0,0.6985431299514159,0.04764498308847853,0.25381188696010565
2,0.8160330053003102,0.014101756756884905,0.16986523794280495
1,0.642866769929769,0.006369862408625008,0.35076336766160593
0,0.7840675792635965,0.014478832745831281,0.20145358799057214
0,0.8182309286080539,0.009685558035208838,0.1720835133567373
2,0.7045398359994446,0.048826108233618874,0.24663405576693645
0,0.9735165693600168,0.0016225835673387451,0.024860847072644267
2,0.05125802417929984,0.024281099286008627,0.9244608765346917
0,0.9591058300055461,0.011277745143786653,0.029616424850667178
0,0.8795979926969781,0.013639153112300958,0.10676285419072085
0,0.8409779764904327,0.008039538830579557,0.1509824846789878
0,0.8937147995346758,0.017378764155066805,0.08890643631025738
0,0.932415857219328,0.027846847925138536,0.03973729485553363
0,0.9798156173630885,0.005707616509502976,0.014476766127408608
0,0.9682941711810021,0.0021017665492917615,0.02960406226970596
0,0.9435084068713901,0.009151379613519913,0.04734021351508993
0,0.9690166737346753,0.0019868483864522884,0.028996477878872398
2,0.01575709532612888,0.018597219271263517,0.9656456854026075
0,0.973445643704931,0.010469768261697815,0.01608458803337117
0,0.45894351462284344,0.010856176874990646,0.5302003085021659
2,0.04399985059692413,0.0918462956261735,0.8641538537769023
2,0.009018536769031905,0.00027659352605877125,0.9907048697049093
2,0.048805978414005295,0.012929202670472704,0.9382648189155219
2,0.02575262196797806,0.11370485442014815,0.8605425236118738
0,0.9581811161897995,0.005503964853592314,0.03631491895660808
0,0.9411195309619715,0.035725959495665205,0.02315450954236338
0,0.9740562303221401,0.004401358727008407,0.021542410950851423
2,0.5059266191821163,0.022061816228277423,0.4720115645896063
0,0.4795594910159392,0.023978973310215358,0.4964615356738456
2,0.14680020064658014,0.08766119382015977,0.76553860553326
0,0.9493592629293851,0.009474631220587173,0.04116610585002778
2,0.1989886869512025,0.06737817123486124,0.7336331418139364
0,0.9346855676227124,0.005984756311447475,0.059329676065840276
2,0.05467161943018063,0.024650559534745483,0.920677821035074
0,0.9408208538853922,0.0021591924209352032,0.057019953693672576
0,0.7227636204352336,0.013735466216893907,0.26350091334787257
0,0.9724634870911875,0.0016522018735241526,0.025884311035288415
0,0.9522397746465071,0.0028106678446186265,0.044949557508874353
0,0.946628825625811,0.015776504790839342,0.03759466958334956
2,0.5189533721003134,0.03419968908331649,0.44684693881637005
0,0.9237225614948101,0.006481850437994821,0.06979558806719516
0,0.9376232013954768,0.009684810603178136,0.052691988001345134
0,0.7633385663615914,0.13374533135726455,0.10291610228114399
0,0.9828555899450965,0.0007781435135298373,0.016366266541373582
0,0.5407443132639428,0.003193829746620219,0.4560618569894369
0,0.6487373260380442,0.04564148566667526,0.3056211882952806
0,0.9449379436237857,0.004953168555399157,0.0501088878208151
0,0.9252904078501404,0.00873572321065637,0.06597386893920333
2,0.13252300958059068,0.058062100533070114,0.8094148898863391
0,0.8941046193322352,0.018074820121226357,0.08782056054653847
2,0.08688808010851037,0.0037667754040994505,0.9093451444873901
0,0.9123089501172851,0.0028401450119431965,0.0848509048707717
2,0.03318880708394861,0.01743660807525492,0.9493745848407965
0,0.9338336288442236,0.01654100991828678,0.04962536123748957
2,0.7025073982629342,0.07930982198804438,0.21818277974902156
2,0.4961848671405398,0.028750394867904493,0.47506473799155574
0,0.7359735714936715,0.008746516467341831,0.25527991203898687
0,0.9760112187996907,0.0031851691520667223,0.020803612048242603
0,0.9130910167023565,0.04092941944198529,0.0459795638556583
2,0.5593725855781292,0.002806988701527177,0.4378204257203436
0,0.6675520024094866,0.05497256134943886,0.27747543624107446
0,0.30383225526949525,0.12931930250592086,0.5668484422245839
0,0.9534718617192482,0.018132748910040155,0.028395389370711566
0,0.6223892053527117,0.009325803881812075,0.3682849907654761
0,0.8706817665538145,0.01836030525396451,0.11095792819222104
0,0.9189234192799699,0.0022922281865020598,0.07878435253352802
2,0.08944823471286331,0.030361664624685585,0.8801901006624511
0,0.9537521292481342,0.008234178565893396,0.038013692185972434
0,0.9399666313530936,0.023833464298009154,0.03619990434889731
2,0.2420000546882315,0.1728155520403243,0.5851843932714442
0,0.9437365317784392,0.0017272903172728094,0.05453617790428801
2,0.6694649955488898,0.016821802552187057,0.3137132018989231
0,0.9741107045434908,0.0035726473485822585,0.022316648107926936
0,0.928121173951071,0.0038756646546656177,0.06800316139426343
0,0.3861021921997979,0.012785872577401252,0.6011119352228008
0,0.8995165667172362,0.0053347900010875275,0.09514864328167633
2,0.01934376294848813,0.0023073832523154664,0.9783488537991964
2,0.019150019193053546,0.006104309405431661,0.9747456714015147
2,0.7541877120229143,0.01017640607438664,0.23563588190269913
0,0.9388945453002642,0.007164585404502036,0.053940869295233826
0,0.04290726911087264,0.03485015019016309,0.9222425806989643
0,0.984499673038467,0.0009402990919262588,0.01456002786960684
2,0.8809158437381922,0.007308446604705075,0.11177570965710269
2,0.7479684238594826,0.019093169584439962,0.23293840655607742
0,0.9303246682192907,0.004808325435134409,0.06486700634557488
2,0.3821852092942067,0.18332422772107973,0.4344905629847136
0,0.9523026291386589,0.009341126152789453,0.03835624470855155
2,0.02587769684206231,0.002475258726007746,0.9716470444319301
2,0.8555038012829493,0.01284567390257427,0.13165052481447642
0,0.8758307184751474,0.008082956438383195,0.11608632508646934
0,0.6058819881763061,0.1018389738462574,0.2922790379774363
1,0.2967959056655361,0.12154615788807123,0.5816579364463926
2,0.23344490730033116,0.01609331014927418,0.7504617825503946
0,0.8714956576193977,0.015225791393570847,0.11327855098703143
2,0.06824188331935477,0.16401406332307408,0.7677440533575711
2,0.04143004392961714,0.0180881108592728,0.9404818452111101
0,0.9690513604420968,0.002615676254945472,0.02833296330295762
0,0.09167003184918157,0.029824780111609578,0.8785051880392087
2,0.16927796610356305,0.038486994066962835,0.7922350398294741
0,0.884420037957514,0.0012915265166818556,0.11428843552580426
0,0.3085349843610495,0.11333055876557646,0.5781344568733741
0,0.5705811055305159,0.0869134356966894,0.34250545877279476
2,0.009991718022573369,0.0007187216491027131,0.9892895603283239
0,0.9658114810146392,0.004340889297364708,0.029847629687996157
2,0.24303300279566648,0.027408832762015282,0.7295581644423181
2,0.44500262976942456,0.06800749932510743,0.486989870905468
1,0.41567747663406546,0.2709005282193229,0.3134219951466117
0,0.6791627042771836,0.015956077438424986,0.30488121828439135
2,0.27777519042479676,0.0030043831318721246,0.7192204264433311
2,0.3023179533423374,0.05443003000074983,0.6432520166569127
0,0.6570178651140045,0.04739068895279479,0.29559144593320064
0,0.97074189215621,0.004210007793109598,0.02504810005068039
0,0.8284358806664149,0.019397439319688993,0.1521666800138959
2,0.19252079952533854,0.015627741506822324,0.7918514589678392
2,0.3891477699490072,0.007648969879865214,0.6032032601711277
0,0.9656041766344997,0.004217035719908804,0.0301787876455915
0,0.7221591354026129,0.03351422273298676,0.24432664186440053
0,0.9560951463808637,0.009373618835680273,0.03453123478345598
2,0.9278681515316686,0.01022029834734658,0.06191155012098485
0,0.9513883682556877,0.004256501869006544,0.044355129875305585
0,0.9530798134946102,0.004616063654605028,0.04230412285078452
0,0.9862452420540698,0.0007532876688969913,0.013001470277033158
2,0.8137295731899361,0.015284820234224988,0.1709856065758388
0,0.9692932280028119,0.004446464190615146,0.026260307806572934
0,0.968257700540952,0.0011633750044440577,0.03057892445460398
0,0.16329907771456223,0.029772635229488864,0.806928287055949
0,0.9005809816844711,0.0009498769903629696,0.09846914132516588
2,0.4200047286055207,0.04176081276007336,0.538234458634406
0,0.9547077585210808,0.006337870970391245,0.03895437050852804
2,0.07154330285444571,0.016240464685507564,0.9122162324600467
0,0.9143999010227947,0.01278194232570844,0.072818156651497
2,0.8818020541424457,0.03220952607049942,0.08598841978705492
2,0.06524072408744443,0.028895969200631776,0.9058633067119239
2,0.027401065226468586,0.004237132466176477,0.9683618023073549
0,0.5705295383265533,0.04007934308858466,0.38939111858486203
0,0.9442790083625192,0.00313605311058619,0.05258493852689459
0,0.9248588041338219,0.008510966226788456,0.06663022963938965
0,0.9106431780714913,0.011569418615068112,0.07778740331344071
2,0.6114661405311522,0.00751934685418732,0.3810145126146605
0,0.955748569784834,0.012987965346747421,0.031263464868418654
0,0.2255293645840037,0.14225624266508216,0.6322143927509142
0,0.967213733275144,0.002127665073181788,0.03065860165167408
2,0.9487950918924473,0.010110692542266148,0.04109421556528681
2,0.7562540007790501,0.016170216409583632,0.2275757828113662
2,0.01244089075166282,0.002683247521127507,0.9848758617272096
0,0.9656195040690981,0.004738057157763119,0.029642438773138952
0,0.9506269451081155,0.015046390601070585,0.03432666429081374
2,0.5921302451648434,0.03025451175082919,0.37761524308432753
2,0.08486678288220127,0.0027846983748689375,0.9123485187429298
2,0.06084882167368223,0.04161180653184747,0.8975393717944704
0,0.8994389772067273,0.0022972325326594757,0.09826379026061302
2,0.03072393926692058,0.018795910739864707,0.9504801499932148
0,0.8711530498294219,0.025417847786973438,0.10342910238360462
0,0.9607107293850297,0.009222196682881231,0.030067073932089086
0,0.35951315508339604,0.06607815842200064,0.5744086864946032
0,0.7753665697262628,0.04806321057565783,0.1765702196980793
2,0.6506632872035876,0.004412021420138392,0.344924691376274
2,0.9295422243656294,0.0020135087891338206,0.0684442668452367
0,0.9856368595296273,0.0014580188088413946,0.012905121661531377
2,0.2441279331063093,0.017940114453371615,0.737931952440319
2,0.0423468722006159,0.013408954117343743,0.9442441736820403
0,0.7093197750372736,0.009157494166535765,0.28152273079619067
0,0.9529592300294975,0.0009536711939567501,0.046087098776545835
0,0.9784875083004344,0.0015353639029760543,0.019977127796589403
0,0.8256407303518527,0.015042016607300635,0.15931725304084685
2,0.021788233315545524,0.002733387048522636,0.9754783796359318
0,0.30309846047472067,0.047281703288243486,0.6496198362370358
0,0.8512482448748802,0.0029399495180942037,0.14581180560702575
2,0.041831376526724376,0.0034721828570806568,0.954696440616195
0,0.8326071319914223,0.0031352555805961736,0.16425761242798156
0,0.18129049540658945,0.12327420285046303,0.6954353017429474
2,0.052626630828733756,0.004317443272181898,0.9430559258990843
2,0.04495616337527538,0.005350825204769585,0.9496930114199551
1,0.46395101290829244,0.0208219122708335,0.515227074820874
0,0.9736005628745417,0.0060749596164966025,0.020324477508961766
0,0.9118139181766414,0.012436742247431569,0.07574933957592711
2,0.17468852707293958,0.02081110025533225,0.8045003726717282
0,0.8546992774627892,0.00260094847364232,0.14269977406356857
0,0.9760784774804664,0.002023093838265627,0.02189842868126783
1,0.06287297878825604,0.7929117164281443,0.14421530478359967
0,0.9451202461390049,0.0015976589096916068,0.05328209495130349
2,0.5307438137312586,0.062328566517755306,0.4069276197509861
0,0.34987765117670283,0.029639828078918767,0.6204825207443785
0,0.9619238014059164,0.011654274971948314,0.026421923622135232
2,0.14979859368521525,0.24184602772639666,0.6083553785883881
0,0.4118855666345915,0.07051783335225616,0.5175966000131524
0,0.662973658373175,0.09554634823347996,0.24147999339334497
0,0.6066532086743809,0.03455024559361414,0.3587965457320049
2,0.7770770131413679,0.040390682706210185,0.18253230415242183
2,0.014008609996091251,0.0022894068332343937,0.9837019831706745
0,0.9006302175550863,0.04747248071907958,0.05189730172583413
2,0.08781395744463256,0.003936077488311912,0.9082499650670556
0,0.8610624811264883,0.009172808330020427,0.12976471054349145
2,0.28356887606375714,0.22040262703163252,0.4960284969046102
0,0.830906219361831,0.0115146659026001,0.15757911473556901
0,0.7259499879599597,0.05344968314189983,0.2206003288981404
2,0.9014054732280791,0.006093039066028893,0.0925014877058921
0,0.6205398029594658,0.08810750513004396,0.29135269191049035
2,0.314373901861273,0.028230457242126805,0.6573956408966001
0,0.9794678496865262,0.00200413402495502,0.018528016288518967
2,0.9414102767847904,0.004555839849224986,0.054033883365984595
0,0.8877336020565514,0.027970654627669893,0.08429574331577862
0,0.9387297919054041,0.006562499068513968,0.05470770902608183
0,0.6482468069620874,0.06634315532933532,0.2854100377085773
0,0.9058313024726927,0.008297088113806339,0.08587160941350115
2,0.08188580166906356,0.026170972358048904,0.8919432259728874
0,0.7974206179648373,0.03220418327316612,0.17037519876199655
0,0.8825928716147827,0.0018212305228353328,0.11558589786238192
2,0.012752562037262103,0.0009862583905061188,0.9862611795722318
0,0.9750555150628691,0.008103939860725908,0.016840545076404877
0,0.9681765444254555,0.009444786345013697,0.022378669229530638
0,0.93782423878913,0.006881166082280515,0.055294595128589384
2,0.0638608750199053,0.0059882703277304985,0.9301508546523641
2,0.0019956487538600907,0.0009688846270532118,0.9970354666190867
2,0.12154765425000498,0.010094828163314034,0.8683575175866811
2,0.09309272167948444,0.024980670881419607,0.881926607439096
2,0.22853966261338576,0.007295971821013588,0.7641643655656006
2,0.4231414178571591,0.016259989136525786,0.5605985930063152
0,0.8894082973406235,0.013066894514944307,0.09752480814443212
0,0.9867451937339305,0.0010917988348312297,0.012163007431238075
0,0.9314618989981402,0.004060618428179373,0.06447748257368055
1,0.1673807213543769,0.7359818722538716,0.0966374063917516
1,0.7861006107504244,0.02305427711459839,0.19084511213497707
0,0.8527318042641223,0.009716315408179571,0.137551880327698
2,0.04632709515369261,0.08204376848556245,0.8716291363607449
2,0.522828282724438,0.0064708114967897325,0.4707009057787722
0,0.7713870062962709,0.06496386855724091,0.1636491251464881
0,0.9784813697843754,0.0009646956369488438,0.020553934578675766
0,0.9629210707522775,0.0030788017048969246,0.034000127542825616
2,0.014625435661444293,0.0054107619963740415,0.9799638023421817
0,0.4628928513829219,0.006944990373871451,0.5301621582432066
0,0.810640100759822,0.02150049326724405,0.1678594059729339
0,0.8888501233901759,0.010708190306661555,0.10044168630316244
2,0.41207399771266545,0.004606780399041045,0.5833192218882935
0,0.9558904039571343,0.006552845193579445,0.03755675084928625
0,0.953644544654364,0.011610153496086871,0.034745301849549125
0,0.7133492297336149,0.15374352633664598,0.13290724392973904
0,0.9296426064421436,0.006073656176262771,0.06428373738159376
0,0.8509696174031107,0.0026149835623940475,0.14641539903449527
2,0.6692088720862828,0.051299236134472875,0.27949189177924433
0,0.9826445366248758,0.0008215562092939767,0.016533907165830284
0,0.9381706405345369,0.012792220306136724,0.04903713915932621
0,0.9586022527877738,0.003872261488722684,0.03752548572350342
2,0.7516244503319319,0.02196779497861077,0.22640775468945723
0,0.5737137482596448,0.0016894092020573208,0.4245968425382979
0,0.7736358486004812,0.03354287349041762,0.19282127790910134
2,0.027622774465928132,0.004352137484993633,0.9680250880490783
0,0.7939336860515359,0.02356846117089889,0.18249785277756514
2,0.1098294954793263,0.05565653071146469,0.8345139738092091
2,0.5593479462882593,0.047121200500607474,0.39353085321113307
0,0.9293768238816603,0.006285677626060319,0.06433749849227928
0,0.9473554894143139,0.005452578692674754,0.04719193189301143
0,0.7975273079053291,0.026168093235249105,0.17630459885942187
2,0.39696436575620764,0.08511284178995272,0.5179227924538397
0,0.7959224358549972,0.12000069553247186,0.08407686861253075
2,0.949518201676559,0.008764042416703591,0.041717755906737396
2,0.2074577273421934,0.011744653737281242,0.7807976189205255
0,0.9815788282367792,0.000347833499454135,0.018073338263766635
0,0.92634529561995,0.0028416254108158665,0.0708130789692342
2,0.05630684556801468,0.029311128566168528,0.9143820258658168
0,0.576966514921087,0.06339805725504989,0.359635427823863
0,0.6088503253603261,0.014115602345832952,0.37703407229384106
0,0.5991619046150954,0.033712608234191706,0.36712548715071297
0,0.9259981820105183,0.01296234445952026,0.06103947352996142
0,0.8654947244995848,0.0045239390112634835,0.12998133648915183
2,0.05630650627105151,0.04195025352066873,0.9017432402082799
0,0.9496790677775174,0.0024615371746471463,0.047859395047835505
0,0.8663302103448313,0.027042425338546276,0.10662736431662241
1,0.3814667365904108,0.014557866406029338,0.6039753970035598
0,0.6482532478328952,0.01521546846792088,0.33653128369918384
2,0.23551923266955663,0.006440025138643335,0.7580407421918002
2,0.13913404863081844,0.04817477093517591,0.8126911804340057
0,0.9256266185905039,0.015496965590894063,0.05887641581860202
0,0.9781669598006262,0.0009417765704439861,0.020891263628929797
2,0.029308474222133972,0.004691501088268172,0.9660000246895979
0,0.8977843739029212,0.0072666051973089415,0.09494902089977
2,0.09263831465264913,0.0033096213462121002,0.9040520640011388
0,0.9751781498596832,0.0009123119187268346,0.023909538221590036
0,0.8777216167370455,0.016686659455472763,0.10559172380748183
0,0.849868009220994,0.01078270558781633,0.13934928519118972
0,0.9791009912395126,0.003797772318007728,0.01710123644247965
2,0.3223589437625874,0.00925655721339933,0.6683844990240133
0,0.9748060168233912,0.0006354739314017594,0.024558509245207003
0,0.9612837628274795,0.00492529650657684,0.033790940665943785
0,0.7474993492858287,0.014441710711340034,0.23805894000283137
0,0.8648563848852742,0.010906867712788317,0.12423674740193744
2,0.5703239165893772,0.022670310255382842,0.4070057731552399
0,0.7799349931190742,0.05281718435066162,0.16724782253026416
0,0.5264816864426336,0.021238839926996222,0.45227947363037024
0,0.7932486571830458,0.02904765999059344,0.17770368282636054
0,0.8623097411939202,0.011865667065032982,0.12582459174104677
2,0.1189698426678414,0.02861367085851344,0.8524164864736452
2,0.13703716528651383,0.015987256930398246,0.846975577783088
0,0.5412219496532903,0.023262963573967708,0.4355150867727421
0,0.9588752770288244,0.0066429594732560415,0.0344817634979196
2,0.436273376922613,0.16140768298101835,0.40231894009636865
0,0.8438808480399939,0.06484810315742935,0.09127104880257685
0,0.9642518363842563,0.006576748245747162,0.029171415369996415
0,0.9366427996940099,0.007519453705614547,0.055837746600375375
0,0.9841822470970315,0.0012946418025885963,0.014523111100379788
0,0.9768817597497904,0.0029043443877248463,0.0202138958624847
0,0.4238056525811726,0.013559423406232573,0.5626349240125949
2,0.04912014096149102,0.013423269404192403,0.9374565896343167
0,0.8021804816034135,0.009502448385224316,0.18831707001136214
0,0.9020012066919391,0.01678367732735114,0.08121511598070988
2,0.2268142179464156,0.01886598474249667,0.7543197973110877
2,0.4656376526628842,0.016152964098105606,0.5182093832390102
2,0.3317922701315564,0.12881145932605007,0.5393962705423936
0,0.5153453879257529,0.00566500128556802,0.47898961078867913
0,0.8169882665871213,0.03240769407311377,0.15060403933976482
0,0.9348594351128574,0.01641557533173292,0.0487249895554097
0,0.7488102374612866,0.019562746524162733,0.23162701601455055
2,0.8067286687285842,0.018838666726418242,0.1744326645449976
0,0.9719607864163056,0.005860904572373227,0.02217830901132104
2,0.06037359597519253,0.019929691415460086,0.9196967126093474
0,0.9464933611823234,0.007537732227103442,0.045968906590573
0,0.9552679692392994,0.0038361553891334047,0.04089587537156713
0,0.32692170167971757,0.02641726213570291,0.6466610361845795
0,0.880845217493303,0.0094693839166831,0.10968539859001379
2,0.8670673668561993,0.020488009560328518,0.11244462358347214
0,0.8568327745998838,0.02613276790723722,0.11703445749287888
0,0.7909307718166075,0.003891082944888522,0.20517814523850392
0,0.6336223402834515,0.016662792542320254,0.34971486717422834
2,0.8299173418065404,0.0012425052196824479,0.16884015297377708
0,0.91576175305385,0.0012019492513863058,0.0830362976947637
0,0.5772938085275686,0.06209383200589719,0.3606123594665342
1,0.039575046581193,0.18436259067642763,0.7760623627423793
0,0.9639362593315451,0.007445507194158946,0.028618233474295846
0,0.9553965377339764,0.011489745716162866,0.03311371654986063
0,0.9467585361381882,0.00408285701779181,0.04915860684401996
0,0.8990282590019804,0.00619278444705335,0.09477895655096626
0,0.9480693009840582,0.005103688564829029,0.046827010451112816
0,0.963524590217952,0.002189113422626733,0.03428629635942118
2,0.14209179300623204,0.020355905814619768,0.8375523011791483
2,0.27520447460422276,0.036049233282943405,0.6887462921128339
0,0.9592395113057035,0.007005061453631003,0.03375542724066563
2,0.6954596403892052,0.010700384245205837,0.29383997536558903
2,0.20521450066503863,0.09609022086739914,0.6986952784675623
0,0.7963019142228547,0.0027234568222158453,0.2009746289549296
0,0.9487268006690626,0.010687501463450058,0.04058569786748734
2,0.3173238102537041,0.016850032645094565,0.6658261571012014
0,0.6480993104419236,0.008080928375652713,0.34381976118242386
2,0.14005342429589238,0.010702060438850162,0.8492445152652573
0,0.7802370450199702,0.019222268453575473,0.20054068652645435
2,0.18364193986935143,0.022123206188914023,0.7942348539417345
2,0.03257897112689898,0.0055998430341694235,0.9618211858389316
2,0.008033575786386755,0.0020807091130979256,0.9898857151005153
2,0.02231821925156005,0.0015908200487741576,0.9760909606996658
0,0.9582241054448288,0.004855133282208429,0.036920761272962635
0,0.8850092796096708,0.006131844168254466,0.10885887622207484
1,0.3133048853136086,0.042512932084525654,0.6441821826018658
2,0.06117488920788022,0.053936744789001366,0.8848883660031185
0,0.9323256138194905,0.01786769242606452,0.049806693754445054
2,0.4412613290743277,0.05490708417343053,0.5038315867522418
0,0.18517129786585207,0.019880919710840682,0.7949477824233072
0,0.7731607927271541,0.020746689024479542,0.2060925182483664
0,0.8975175343496088,0.017218308948739505,0.08526415670165181
0,0.972440910571529,0.001086589721056161,0.026472499707414773
0,0.9751574943783984,0.00038340484804020523,0.02445910077356146
0,0.15783347529927527,0.007428213918618053,0.8347383107821068
2,0.22083772390634748,0.038365261924436574,0.7407970141692158
0,0.9525998611352099,0.005212407376513079,0.042187731488277064
2,0.8757385963058656,0.02288432513696818,0.10137707855716618
2,0.041021008510002774,0.024793226451836507,0.9341857650381606
0,0.9738465371109388,0.006612949016078309,0.019540513872982782
0,0.9508006020890932,0.004635829347427313,0.04456356856347958
0,0.9755655190804984,0.0039597702256448306,0.020474710693856746
0,0.9595368744018581,0.009252855015991539,0.031210270582150517
0,0.9464460595283407,0.00459732084575535,0.04895661962590404
0,0.9682408626387727,0.009602571109524304,0.022156566251702786
0,0.933675835583168,0.026459765848859052,0.039864398567972976
0,0.968933385221102,0.003038182803895117,0.028028431975002956
2,0.12697626293656303,0.03924806589393182,0.8337756711695051
0,0.7162053477263193,0.101255022551805,0.1825396297218758
2,0.05172237806039151,0.028766593369974423,0.9195110285696341
0,0.9098733921008462,0.003199925734660865,0.08692668216449284
2,0.17613641735129903,0.012515440075349297,0.8113481425733517
0,0.2042684991987561,0.7837132691391412,0.012018231662102774
2,0.013672294247140497,0.005427855157875795,0.9808998505949837
2,0.5104339289389532,0.13504625283050226,0.35451981823054446
0,0.9444609488019892,0.006724678595573005,0.04881437260243782
2,0.10557451354744413,0.011085700638434831,0.883339785814121
0,0.9575778796926229,0.004281331819730965,0.03814078848764618
0,0.9449497810171568,0.004240482902937811,0.050809736079905396
0,0.8913661739667661,0.004146144437271279,0.10448768159596274
2,0.6723308696282394,0.13610490603052225,0.1915642243412383
0,0.9662587295316388,0.010954610135024447,0.02278666033333667
0,0.3955950230060877,0.0067899015885184615,0.5976150754053939
2,0.1360612717591072,0.18013722637108273,0.68380150186981
2,0.05329105159414545,0.12432738932529945,0.8223815590805552
2,0.10412337447717837,0.009994426870305282,0.8858821986525163
2,0.03424251327110449,0.0031189459346046295,0.9626385407942909
2,0.0314078078562577,0.003943522377010178,0.9646486697667322
0,0.9344728314645485,0.009495309859271129,0.05603185867618032
2,0.005830875704055974,0.0011494845472546625,0.9930196397486892
2,0.5309041875903779,0.0890044043832329,0.3800914080263891
2,0.006269303388309217,0.003876170864538584,0.9898545257471522
2,0.021509113717970964,0.002810963647999601,0.9756799226340294
0,0.9173668764267204,0.041886477496775536,0.04074664607650399
2,0.8457298324020869,0.007680572211027474,0.1465895953868856
0,0.9378528818354092,0.01955347933343129,0.04259363883115957
0,0.9340290933114416,0.008502759803235832,0.05746814688532264
0,0.9427945047160922,0.001804743115156008,0.05540075216875178
0,0.5610485699774915,0.08660462020179815,0.3523468098207103
0,0.6507940285359952,0.01310853270932015,0.3360974387546846
0,0.9723002730380863,0.005133901198635933,0.02256582576327773
2,0.06339275498701709,0.048652958662057,0.887954286350926
2,0.3134613099028353,0.02310420221694964,0.6634344878802151
2,0.7018846948748138,0.021327267932566105,0.2767880371926202
2,0.08614423712313586,0.024854861335228007,0.8890009015416362
2,0.013100413857149513,0.002338429063355028,0.9845611570794954
0,0.9704737274147902,0.002640113755243558,0.02688615882996634
2,0.05597195701223332,0.15142199591458105,0.7926060470731856
2,0.009300954530635397,0.012649526434308219,0.9780495190350564
0,0.942756251890631,0.0037502323306412336,0.053493515778727914
0,0.9581712766663735,0.008324539226364365,0.03350418410726233
0,0.9222379692737674,0.0038272142009164365,0.0739348165253159
2,0.014924054117641519,0.004074460017717771,0.9810014858646406
2,0.05392810405903772,0.005096239610452576,0.9409756563305098
1,0.6085503630892061,0.3337790738438924,0.057670563066901354
0,0.05909094789282147,0.008528895653623447,0.932380156453555
0,0.8019532907810147,0.006138914855268764,0.19190779436371647
2,0.5915259000122569,0.0543203340768823,0.3541537659108608
0,0.9366091341598597,0.018605418980279766,0.044785446859860675
0,0.5125667364301337,0.10131958880015547,0.38611367476971076
0,0.8859656613686834,0.0023675352954082274,0.11166680333590846
0,0.6328688577429682,0.06613002102448601,0.3010011212325458
2,0.028860644616313536,0.018256061429643818,0.9528832939540427
2,0.005863835358479958,0.0026697068725144717,0.9914664577690057
2,0.08949323676801538,0.022191911855585784,0.8883148513763988
2,0.9141318091793317,0.004480544017315128,0.08138764680335318
0,0.6130129769644628,0.03617162950146534,0.350815393534072
0,0.4890879473898002,0.07107487745753195,0.4398371751526679
2,0.21400219479897123,0.007639692867278836,0.77835811233375
0,0.9537713050164751,0.008366664418488599,0.0378620305650363
2,0.8477196638502874,0.009589786942601864,0.1426905492071106
0,0.9216832189744456,0.004344821219690298,0.07397195980586407
0,0.8913849906920673,0.009648274026579008,0.09896673528135377
2,0.26875966602563695,0.1267940506894856,0.6044462832848774
2,0.5907295286285655,0.03331921112995253,0.37595126024148207
0,0.9410766175354845,0.018030552238731363,0.040892830225784015
0,0.6029810556300277,0.01866453592346574,0.37835440844650653
2,0.21268224840040412,0.03800043097653019,0.7493173206230658
1,0.6305163749784544,0.020956150161327698,0.3485274748602179
0,0.7616501727667956,0.040026191699209776,0.19832363553399457
2,0.03152134939515821,0.069258548812707,0.8992201017921349
0,0.9254918562420177,0.005849068659060167,0.0686590750989221
0,0.0690513765378019,0.07278718447499487,0.8581614389872033
0,0.9519024324277252,0.00330489525567126,0.044792672316603464
2,0.032113997572164855,0.005636935325499243,0.9622490671023359
1,0.4229166791504508,0.03721325453507274,0.5398700663144764
0,0.9547271632814109,0.00277356156429592,0.042499275154293005
2,0.23177078027759362,0.005454677284668233,0.7627745424377381
0,0.8859339501431738,0.00044995545585857646,0.1136160944009675
0,0.9457668473317151,0.001923969342523426,0.05230918332576126
0,0.6183204584897595,0.010720408492970316,0.3709591330172703
1,0.7590338880654184,0.06979598138333237,0.1711701305512492
2,0.009503571219748295,0.002855918841252895,0.9876405099389988
2,0.36026223822206355,0.07046980603368197,0.5692679557442545
2,0.1679830014925677,0.021920783121954383,0.8100962153854779
2,0.11071366581929898,0.005208633420822063,0.884077700759879
2,0.15523225696509105,0.05170244471155004,0.7930652983233589
0,0.9278342954542699,0.0061059712312236,0.06605973331450651
2,0.4951152835498549,0.025793796339091166,0.4790909201110539
0,0.6078125665539414,0.016400456689762356,0.37578697675629613
1,0.42894592885027405,0.032852539967262985,0.5382015311824629
2,0.05732922591301824,0.009946483280533616,0.9327242908064481
0,0.8778040897577608,0.02672917198654877,0.09546673825569044
2,0.014440951348030516,0.007983215742608947,0.9775758329093607
0,0.8747442078498033,0.007127952746963593,0.11812783940323297
0,0.7623237140624007,0.01845635133157782,0.21921993460602146
0,0.9725640034583222,0.0058516559765142435,0.021584340565163746
2,0.023812519399187285,0.012744240510135486,0.9634432400906773
0,0.9492517207261171,0.0025242264097244914,0.048224052864158554
2,0.08910559816482826,0.018156804539805435,0.8927375972953664
0,0.8220185058923696,0.00532883953526294,0.17265265457236745
0,0.9617986577432741,0.006531134057884724,0.03167020819884101
2,0.19459346989984264,0.06597288753998243,0.739433642560175
2,0.016898061126044587,0.014439568405674999,0.9686623704682804
0,0.8654072852903446,0.027994032220714223,0.10659868248894128
0,0.9644723316252237,0.005997861967376201,0.029529806407399935
0,0.985666812535085,0.0022113167156428705,0.012121870749272056
0,0.8896364495466791,0.002097864301521109,0.1082656861517999
2,0.9669763099390374,0.002061655065194413,0.030962034995768294
0,0.9671766228306852,0.013828717152984346,0.018994660016330517
0,0.7386223903398484,0.0749872449148306,0.1863903647453209
0,0.6369959691393057,0.16816693476215913,0.19483709609853514
0,0.8362079676162885,0.010682792766537599,0.15310923961717407
1,0.5868426925328065,0.17308833834334605,0.2400689691238473
0,0.9633145334310316,0.0069286407211066065,0.029756825847861813
0,0.3040627794537563,0.028347526274054208,0.6675896942721895
0,0.209355078553635,0.012859848667486726,0.7777850727788783
0,0.890611864300959,0.021652520266143963,0.08773561543289717
0,0.24543814806638375,0.012216742200612201,0.742345109733004
0,0.8826609837453189,0.041534388135097924,0.07580462811958323
2,0.6469986128156593,0.03126424257039433,0.3217371446139465
2,0.06825642499520715,0.013419141278617224,0.9183244337261756
2,0.9358977261316977,0.01005884452587767,0.05404342934242458
2,0.13895448818285397,0.013155299332062222,0.8478902124850838
2,0.9037405498894672,0.007216007447523154,0.08904344266300977
0,0.9735284182453372,0.005295668839501915,0.02117591291516093
2,0.23577242336236018,0.2532739680054933,0.5109536086321466
0,0.6850965122461434,0.0595282537271815,0.25537523402667506
0,0.9478508507277835,0.0027320584468120915,0.049417090825404304
0,0.948473164919743,0.008656033224309826,0.042870801855947126
0,0.9487408111445159,0.009221704154220653,0.04203748470126357
2,0.039113167829738116,0.016928686835605673,0.9439581453346563
2,0.8984179286040365,0.021920719205633266,0.07966135219033023
0,0.9765271396995051,0.0016595677645484962,0.021813292535946358
1,0.2361164864993514,0.7147750404318794,0.04910847306876912
0,0.9657381922199411,0.0025455852488017417,0.03171622253125717
0,0.639096340323153,0.05503526338638964,0.3058683962904573
0,0.9485317351744755,0.005171213399511028,0.046297051426013286
2,0.04910703843819222,0.011007157620369447,0.9398858039414383
0,0.9108633972964509,0.008112935196827906,0.08102366750672126
2,0.060626152386813986,0.016937591676620057,0.922436255936566
2,0.7367468213481888,0.009750473258862672,0.2535027053929486
2,0.0968808622625315,0.055881541361967546,0.847237596375501
0,0.15949877977738547,0.012553007251142341,0.8279482129714721
2,0.012011959708324521,0.002430921125315786,0.9855571191663598
2,0.5716981311284224,0.03436869984533538,0.3939331690262422
0,0.9453091433272443,0.012487146954187466,0.04220370971856828
0,0.5403888241071305,0.006073913518483641,0.45353726237438585
0,0.9054215994193864,0.008489178875685241,0.08608922170492839
0,0.08282862320296655,0.004200413696928977,0.9129709631001044
0,0.9590751050585284,0.0038436057792957607,0.03708128916217576
0,0.2651296931640028,0.009143607818297445,0.7257266990176998
1,0.18766843128271632,0.08267982671931777,0.729651741997966
0,0.6592153680604182,0.0029938215699845004,0.3377908103695971
0,0.9030719085702307,0.008270486320868778,0.08865760510890071
2,0.21358537157219767,0.016811656796327266,0.7696029716314751
0,0.6036702695311856,0.013402692986988402,0.382927037481826
0,0.9093572884543454,0.0083420379457092,0.08230067359994542
0,0.9646469098438292,0.008788520175870639,0.02656456998030043
2,0.9561432470903607,0.005492491521698491,0.038364261387940815
0,0.9788360273968029,0.0023881983023954483,0.018775774300801542
2,0.11065928722658232,0.009658249187564848,0.8796824635858529
2,0.5822029274789868,0.08762882299452393,0.3301682495264892
2,0.02102764020023277,0.05415977269370065,0.9248125871060666
2,0.019968070445830505,0.003976698496862926,0.9760552310573066
0,0.9165588887522498,0.024543414184395214,0.05889769706335504
0,0.8082473751050941,0.005800312263832315,0.18595231263107362
2,0.006732357474955675,0.0010411344506797882,0.9922265080743646
2,0.344488678994533,0.06285075064121251,0.5926605703642545
0,0.9602429291889819,0.003915992306323457,0.0358410785046946
0,0.9600602450179657,0.001583227504822247,0.038356527477211896
0,0.7871156166788628,0.028540723063203807,0.18434366025793328
0,0.32755179713381605,0.10202047183948519,0.5704277310266987
0,0.627748238722996,0.049238156835131656,0.3230136044418724
0,0.7632378696985197,0.007626148489414376,0.2291359818120659
0,0.9873128085620969,0.0036041671337791272,0.009083024304123897
0,0.8229445935912695,0.005183051851174113,0.17187235455755637
1,0.3985009157310246,0.4470153748505484,0.154483709418427
0,0.41304991359886994,0.07264453232672373,0.5143055540744064
0,0.9226759638874135,0.02795251050573817,0.04937152560684819
0,0.8562954215885593,0.02714316395332919,0.11656141445811159
2,0.009128734884545167,0.006058602456544465,0.9848126626589104
2,0.8561012073710502,0.020886821291804216,0.12301197133714561
0,0.4271610741434822,0.013289574677267995,0.5595493511792499
0,0.9784666410748487,0.005180023603689702,0.016353335321461406
2,0.18823432078872468,0.02705937663976467,0.7847063025715106
0,0.9533932847915517,0.0036420458926423446,0.04296466931580588
2,0.0029351770502714235,0.000959123614782552,0.9961056993349461
0,0.8972585046533277,0.0023246781268971067,0.10041681721977525
2,0.9485900663649779,0.0031114997129472843,0.04829843392207489
0,0.715844285690405,0.10366175298510459,0.18049396132449042
0,0.6125383931196258,0.019343047336538213,0.3681185595438358
