target,prediction_0,prediction_1,prediction_2
2,0.016807976438360826,0.0718545126248202,0.9113375109368191
0,0.8827316236263812,0.013326305149629682,0.10394207122398927
0,0.9425010713598284,0.012259675682823917,0.04523925295734786
2,0.15003816504970538,0.09898193984258084,0.7509798951077139
0,0.7943241066736507,0.015778613068886307,0.1898972802574631
0,0.8294661869440922,0.014976431656421695,0.15555738139948597
0,0.8776840288411738,0.020570667316854377,0.10174530384197168
2,0.009063031005416855,0.02795006314439686,0.9629869058501861
0,0.9225669903043424,0.0064577946507477215,0.07097521504490993
1,0.3844471597103738,0.06718867487165317,0.548364165417973
2,0.025828067849228743,0.04990321926357382,0.9242687128871971
0,0.7198671927626943,0.017545066755092566,0.2625877404822128
0,0.8526026245810783,0.01962342678666311,0.1277739486322586
0,0.8264288804560139,0.004433560302859629,0.16913755924112625
0,0.9173416549133737,0.022137261465007035,0.060521083621619134
2,0.20181046731022623,0.09969727214664434,0.6984922605431295
0,0.8829440737764024,0.020471951007284585,0.0965839752163131
2,0.5901596398085327,0.12163232281398646,0.2882080373774808
0,0.9365996209758428,0.012392826693985793,0.05100755233017147
2,0.2817891507646331,0.05713548101801508,0.6610753682173515
0,0.8566192351437595,0.01948553295712151,0.12389523189911919
1,0.5707810303201479,0.08922133948757158,0.33999763019228046
2,0.26846284523139985,0.016851618552491933,0.7146855362161083
0,0.9447843895603824,0.008445996816978675,0.04676961362263911
0,0.45013893800048255,0.06061276082461613,0.4892483011749011
0,0.9103238457052705,0.014345018025588399,0.07533113626914116
0,0.9487302516937849,0.009732928137193987,0.04153682016902129
0,0.9444677250369644,0.011139627949418801,0.04439264701361701
0,0.6020525893196336,0.07728633969688166,0.32066107098348473
0,0.9374980248666539,0.007533249916537647,0.054968725216808303
2,0.09691033738544708,0.07423199868802834,0.8288576639265246
2,0.18514510635869233,0.04918234776755113,0.7656725458737567
0,0.3058425380515622,0.09565331889892856,0.5985041430495094
2,0.3340078113213973,0.053144618265767024,0.6128475704128357
0,0.7074967126888873,0.06109481360926495,0.23140847370184775
2,0.08734138210883075,0.027807001088269247,0.8848516168028998
2,0.5713559219729387,0.03087417513296822,0.3977699028940932
0,0.8899621636807195,0.024732634584601326,0.08530520173467893
0,0.612871122633176,0.03945381271593217,0.3476750646508918
0,0.6077987524881998,0.02999572397935294,0.36220552353244706
0,0.9156893982826485,0.01743301590360661,0.06687758581374473
2,0.1434529017891185,0.265531932117777,0.5910151660931044
0,0.8628723089582686,0.01612196307877702,0.12100572796295407
0,0.9524537974023353,0.006959134592364292,0.040587068005300424
0,0.9479926931226248,0.009469509904995803,0.042537796972379464
0,0.7169615407234544,0.034524379386383655,0.24851407989016178
0,0.8511018014954846,0.004681501419242469,0.14421669708527302
2,0.80156033373736,0.01864435584108771,0.17979531042155192
0,0.7849851853684302,0.012311484338013582,0.20270333029355628
2,0.49759133566137204,0.1194241738264988,0.38298449051212924
0,0.9126717673452468,0.025507410288839072,0.061820822365913984
0,0.947256354277899,0.01095955099560746,0.041784094726493685
2,0.09622580072600165,0.02603318170329251,0.8777410175707058
2,0.2943646881939398,0.06044468717925023,0.6451906246268101
2,0.24704334379466622,0.03923438698153044,0.7137222692238034
0,0.8889262087923732,0.00955491155054834,0.1015188796570786
0,0.6985350511595163,0.07641334356840117,0.2250516052720826
0,0.6560876917519172,0.076064995415302,0.2678473128327808
0,0.9374952867457081,0.009847144447111076,0.05265756880718091
0,0.8090792070118196,0.0790777628560731,0.11184303013210736
1,0.7390353572763567,0.06585663911317498,0.1951080036104681
2,0.8251373711327737,0.020557416680881947,0.15430521218634413
0,0.8531680164301733,0.03188297302183603,0.11494901054799084
2,0.24552630353658575,0.027331498851144397,0.7271421976122701
2,0.09698161632605963,0.0178238987373967,0.8851944849365438
2,0.006600606531655386,0.009206562521218833,0.9841928309471257
1,0.8778768421704352,0.012354988944579875,0.10976816888498493
2,0.4809725011851143,0.030630925955721776,0.4883965728591638
2,0.04259489542212355,0.058772304287011363,0.8986328002908646
0,0.8181789558735764,0.02867532145740274,0.153145722669021
0,0.9457966795532702,0.00872942267536521,0.0454738977713647
0,0.8595163487326443,0.023517705354820454,0.11696594591253529
0,0.9472515254937606,0.008824708444063377,0.0439237660621763
0,0.9350182661949322,0.021656626668361597,0.04332510713670586
2,0.0032476557346345636,0.0005299444517206118,0.9962223998136446
2,0.01385527905309936,0.020921372318421283,0.9652233486284795
0,0.9479519334130125,0.00800543314562344,0.04404263344136418
0,0.3525870024736937,0.04353228749511216,0.6038807100311938
0,0.8707572118614401,0.013581662997632428,0.11566112514092755
0,0.8105428318034406,0.00810921390345399,0.18134795429310546
0,0.5123658527834629,0.039629118328725434,0.4480050288878118
2,0.7002969511315892,0.03790381537764978,0.2617992334907611
1,0.7491777641506991,0.010450318556736844,0.24037191729256396
0,0.7888100105152304,0.04878268535565196,0.16240730412911766
0,0.806579600621209,0.019368660136791678,0.17405173924199924
2,0.6491698884113405,0.04992709392490875,0.3009030176637506
0,0.9540562437851242,0.00805964422845254,0.03788411198642346
2,0.015927730051323065,0.027390777246696345,0.9566814927019807
0,0.9460236729114412,0.010549446232579156,0.043426880855979594
0,0.773492910815665,0.018851824583054382,0.2076552646012806
0,0.8243510783631961,0.005647754324685376,0.17000116731211842
0,0.6283997273078252,0.06502145314644045,0.3065788195457343
0,0.79342840104107,0.03952769095822916,0.16704390800070076
0,0.9512274867945482,0.009619708586928741,0.03915280461852315
0,0.9532511037509658,0.011591321558306318,0.03515757469072787
0,0.9413653679283063,0.010616586449984297,0.04801804562170929
0,0.9447414123158231,0.008719443101884416,0.04653914458229258
2,0.015625247435445546,0.0480856345611427,0.9362891180034119
0,0.891336156008314,0.024123554993883974,0.08454028899780207
0,0.4214115457734242,0.02714536784954532,0.5514430863770305
2,0.020904812208716164,0.024838316015567366,0.9542568717757164
2,0.001022272781310214,0.005354639486908839,0.9936230877317811
2,0.015396708968602454,0.012701814359821524,0.9719014766715759
2,0.015788886114020222,0.04533539806682718,0.9388757158191526
0,0.9507503718652636,0.008490252091453106,0.04075937604328357
0,0.9535824688102529,0.008248470801093156,0.038169060388654
0,0.9297343847798144,0.02474363876329867,0.045521976456886944
2,0.5377803906177998,0.06749142054449186,0.3947281888377084
0,0.653665285670674,0.04088998168911857,0.3054447326402076
2,0.18933854129623423,0.10602766037976358,0.7046337983240022
0,0.9280683397031978,0.018141241592069837,0.053790418704732494
2,0.20658541433689245,0.05447113912649558,0.7389434465366119
0,0.8187394095806761,0.02153978986041118,0.15972080055891286
2,0.060815896794233174,0.07329871928661041,0.8658853839191564
0,0.9364712193055725,0.00806227690037192,0.05546650379405567
0,0.6010481188417366,0.023408492081835302,0.37554338907642826
0,0.9343383572726728,0.01196307835673638,0.0536985643705909
0,0.947396979793347,0.009685278890930217,0.04291774131572292
0,0.9470181201267119,0.010256297858550121,0.04272558201473797
2,0.7853409573730001,0.016370612901297404,0.1982884297257024
0,0.8753116109918486,0.006638222142914952,0.11805016686523633
0,0.9341663087939661,0.013960174901704927,0.05187351630432882
0,0.8139913936510763,0.021455735843551052,0.1645528705053726
0,0.9428184365855427,0.008814757715143156,0.048366805699314404
0,0.7615038504053059,0.03153779997627209,0.20695834961842202
0,0.4751161819913212,0.07199279532743015,0.4528910226812485
0,0.8722541282502714,0.011303680618737454,0.1164421911309911
0,0.8764830599326723,0.014879822828891578,0.10863711723843641
2,0.1535162347080012,0.07086487940191794,0.7756188858900809
0,0.8498799873087475,0.03226611917429371,0.11785389351695828
2,0.18938990904232136,0.038969698370148645,0.77164039258753
0,0.7517681546794494,0.033100601348210267,0.21513124397234037
2,0.012156515509773909,0.02072570446064118,0.9671177800295848
0,0.9246645464459025,0.014838574186345176,0.06049687936775259
2,0.6118411677181702,0.09844743739751088,0.2897113948843189
2,0.5734776517802639,0.05243451423897443,0.3740878339807617
0,0.6764848907840234,0.0625253877223963,0.26098972149358024
0,0.9527173813703363,0.008503664590425118,0.03877895403923848
0,0.9384071624462673,0.013433758873117046,0.04815907868061608
2,0.7228603240086997,0.015890249499660267,0.26124942649164007
0,0.5823395391292482,0.09462210153790697,0.32303835933284486
0,0.31912806438880176,0.06630145025783168,0.6145704853533662
0,0.8112798901833819,0.020213971742456892,0.1685061380741613
0,0.3829747796854794,0.04844508345170099,0.5685801368628194
0,0.7778991146215277,0.04474725774036731,0.17735362763810553
0,0.8975219611645715,0.0026066734369295072,0.09987136539849889
2,0.11468768462237978,0.04444508723849024,0.8408672281391301
0,0.9215693428921895,0.008693956013099456,0.06973670109471111
0,0.8746375695612935,0.02609086466292911,0.09927156577577728
2,0.23660678805260146,0.06768821570452623,0.6957049962428725
0,0.937823335443976,0.008623990815729147,0.05355267374029483
2,0.45843720303098084,0.07745364624065539,0.4641091507283638
0,0.9556511483481418,0.006598757717045018,0.037750093934812955
0,0.8257008859578304,0.006529111881930636,0.16777000216023896
0,0.4633903320661881,0.02579467552902831,0.5108149924047836
0,0.8405802840580574,0.014544792630145038,0.1448749233117978
2,0.009897358625969677,0.007691834156915534,0.9824108072171149
2,0.057958924172466356,0.018848161804199064,0.9231929140233344
2,0.8043747374435467,0.009241308848752773,0.18638395370770072
0,0.9284744244283116,0.01214995455597867,0.05937562101570895
0,0.08494115618027281,0.08699237656045003,0.8280664672592774
0,0.9556549292827392,0.0072236003086643625,0.037121470408596806
2,0.8480972724764746,0.01690769349729342,0.13499503402623206
2,0.798856155092664,0.024404847391698202,0.1767389975156378
0,0.8302212406722221,0.015145040618150942,0.15463371870962694
2,0.4230342736809811,0.13205030183586197,0.444915424483157
0,0.94996806796988,0.010769084492217942,0.03926284753790158
2,0.03385699126633807,0.0069716606116522325,0.9591713481220092
2,0.7894164308630737,0.024173359689909885,0.18641020944701653
0,0.9393519414983023,0.009126272857673283,0.05152178564402446
0,0.505870759107978,0.13870722867774,0.355422012214282
1,0.3409382984362133,0.05474566725339868,0.6043160343103879
2,0.25591849527829685,0.07050718356614576,0.6735743211555574
0,0.7677156407886325,0.040190111149570225,0.19209424806179728
2,0.2108358832222953,0.1786892083275122,0.6104749084501927
2,0.07394173021502458,0.03882035480813179,0.8872379149768436
0,0.9484597063371756,0.012055889509478808,0.0394844041533459
0,0.16870003832407618,0.09407412924631253,0.7372258324296114
2,0.18638948485930168,0.05579737309674791,0.7578131420439502
0,0.940152175200332,0.00968758527671121,0.050160239522956784
0,0.38911797416692223,0.0906125811189956,0.5202694447140821
0,0.5488349285805141,0.07440921673096816,0.3767558546885175
2,0.009877258610787263,0.025118967322480264,0.9650037740667324
0,0.9434682332689353,0.00911688141305081,0.04741488531801401
2,0.36300907558758716,0.12719439090926904,0.5097965335031437
2,0.422282730323153,0.04043353289445103,0.537283736782396
1,0.39233924239096873,0.06991363576656304,0.5377471218424681
0,0.33469383063387836,0.07539667251670552,0.589909496849416
2,0.6369957269714912,0.01902060323806484,0.34398366979044415
2,0.2190326956537548,0.1222415296349623,0.6587257747112828
0,0.6517308024900231,0.06756108409311376,0.280708113416863
0,0.9415769306451248,0.014283431293048902,0.044139638061826365
0,0.7364967640238456,0.03208911220772558,0.2314141237684288
2,0.3555533244978461,0.08601774318178639,0.5584289323203675
2,0.3510789520906915,0.07351996009890807,0.5754010878104004
0,0.9323210796275639,0.00819159234993352,0.05948732802250223
0,0.668502914043663,0.0572683347550292,0.27422875120130785
0,0.9449065930446068,0.013571550222226031,0.041521856733166926
2,0.8343182350947173,0.013259299631670683,0.15242246527361192
0,0.9446565740203889,0.010686833754549773,0.04465659222506114
0,0.9263533531414248,0.0068990750291480765,0.06674757182942741
0,0.9345330397591133,0.00888377477006524,0.056583185470821515
2,0.5864119962833586,0.10719753707560815,0.3063904666410332
0,0.9537755287486598,0.009518882487450737,0.03670558876388952
0,0.8179120482269404,0.01688625714952833,0.1652016946235313
0,0.2252357121442828,0.04644943191278488,0.7283148559429322
0,0.8895618040490416,0.005179164089089066,0.10525903186186891
2,0.32225451821864576,0.05648972132185286,0.6212557604595015
0,0.9552768917586504,0.01028388373733499,0.034439224504014904
2,0.2454133979628944,0.015100629479437345,0.7394859725576681
0,0.9433797947951417,0.01596315931255184,0.040657045892306766
2,0.8108854826700242,0.045984221463688746,0.143130295866287
2,0.0939204454714533,0.08240266652191401,0.8236768880066327
2,0.13757060897620385,0.041602626069829736,0.8208267649539664
0,0.5676127708872019,0.09372332275966133,0.3386639063531368
0,0.829274444860386,0.032611429417478806,0.1381141257221353
0,0.947761767343067,0.008190765988622629,0.04404746666831053
0,0.8613231777987218,0.02370323356963128,0.11497358863164707
2,0.877746895648084,0.007357289833944739,0.1148958145179717
0,0.9379239921342178,0.010226928087586098,0.05184907977819629
0,0.3440727524776988,0.11921358512694544,0.5367136623953557
0,0.9094353610716867,0.0149599181007749,0.07560472082753845
2,0.9296557751533103,0.011014473712678018,0.059329751134011656
2,0.3829747796854794,0.04844508345170099,0.5685801368628194
2,0.011014885535031424,0.10975918511188283,0.8792259293530857
0,0.9426496206769441,0.007492834086912631,0.04985754523614329
0,0.9275394635086889,0.012163310438497024,0.06029722605281414
2,0.40101725274185324,0.10653134822944443,0.49245139902870233
2,0.07970167902844276,0.024338277228072174,0.8959600437434851
2,0.1409720404551371,0.09714441014489564,0.7618835493999674
0,0.8496126668156467,0.021417079044598022,0.1289702541397551
2,0.2736021534607046,0.011645400390683578,0.7147524461486119
0,0.8470114142959612,0.04883153225564087,0.10415705344839807
0,0.9296741726173094,0.007707914467799918,0.06261791291489101
0,0.32435993071824437,0.052527723443257866,0.6231123458384976
0,0.7559922884055875,0.038343696311642285,0.20566401528277034
2,0.6860225766714335,0.016289209890995197,0.29768821343757135
2,0.8740627545364454,0.005111243569828185,0.12082600189372618
0,0.9434512109895545,0.009185600216607316,0.04736318879383807
2,0.39791597017165226,0.026760233686526393,0.5753237961418213
2,0.07126475486396058,0.036940648171432194,0.8917945969646073
0,0.9357826716171824,0.011304749330430618,0.052912579052386964
0,0.9568006069772932,0.006376581520985861,0.03682281150172076
0,0.9527733652785655,0.007061422928311635,0.04016521179312303
0,0.7683747390760005,0.014285406933674553,0.21733985399032496
2,0.03981880321032953,0.019919169159703123,0.9402620276299672
0,0.47448837774404673,0.07155266634449024,0.4539589559114629
0,0.8330680489622312,0.028451325324209253,0.13848062571355968
2,0.2729936144526044,0.0435402306688953,0.6834661548785002
0,0.9279595890136418,0.011228078815466919,0.06081233217089135
0,0.14203733260027604,0.08138840372006398,0.7765742636796601
2,0.24134434478531194,0.046894836022596004,0.7117608191920919
2,0.033246725628443635,0.057263327025886976,0.9094899473456695
1,0.5396344330267709,0.03889341384038046,0.4214721531328485
0,0.9517730841287122,0.008588585257816765,0.03963833061347124
0,0.8032683603577957,0.011291597362858003,0.1854400422793464
2,0.20152577186736353,0.07509738672495364,0.7233768414076827
0,0.8562674816531705,0.0076985552589786494,0.13603396308785073
0,0.9411954834037861,0.006757403256530654,0.052047113339682975
1,0.14657264236934206,0.1444648412755714,0.7089625163550864
0,0.8125206091672011,0.02336987097005003,0.16410951986274874
2,0.23516101128180913,0.0588948387008942,0.7059441500172966
0,0.2011186981809274,0.084092142873735,0.7147891589453378
0,0.9530461761843696,0.009218130607751488,0.03773569320787887
2,0.1939940859579767,0.1193847100990955,0.6866212039429279
0,0.5713287794596306,0.03226772171385904,0.3964034988265104
0,0.5668339368559298,0.08082845480505021,0.35233760833902
0,0.6457394974400325,0.024998446382812838,0.32926205617715476
2,0.6245736399096045,0.11401489310389391,0.26141146698650136
2,0.23488570708256667,0.03654916061281451,0.728565132304619
0,0.7600470709280693,0.07491467808446026,0.16503825098747044
2,0.13272621800379591,0.020320243385021895,0.8469535386111822
0,0.9411272997676057,0.010229759590386236,0.04864294064200831
2,0.283855007673441,0.197473782824866,0.5186712095016931
0,0.8311608354477438,0.010760358625881863,0.1580788059263743
0,0.5393197400714486,0.09859069263902012,0.36208956728953134
2,0.8307595108072712,0.02598444108369149,0.1432560481090372
0,0.6343787869652245,0.10935280340760158,0.25626840962717384
2,0.5705411863094308,0.03627541598861336,0.3931833977019558
0,0.9488712819643329,0.006334049664275571,0.04479466837139135
2,0.9504744229501111,0.007301297179648013,0.042224279870241015
0,0.8789050940556,0.025332079912055556,0.09576282603234443
0,0.9520792286272926,0.007364021279624775,0.04055675009308301
0,0.6062121023049865,0.08968712725899673,0.30410077043601697
0,0.9449330015745033,0.010423439539784177,0.044643558885712614
2,0.12271985368486489,0.11692476379649157,0.7603553825186435
0,0.7330897779558857,0.03505300406785828,0.23185721797625583
0,0.777875213556485,0.009797806997896804,0.2123269794456182
2,0.09311949755936372,0.031570638951070075,0.8753098634895662
0,0.9517335311847246,0.011381376275838382,0.03688509253943713
0,0.9347902503672497,0.012479837345693544,0.052729912287057035
0,0.8391949164832796,0.04076797608852965,0.12003710742819089
2,0.08618290751730034,0.052232331453494193,0.8615847610292053
2,0.021584772893085802,0.0015140792900700261,0.9769011478168441
2,0.28427654198578134,0.02242103920801799,0.6933024188062006
2,0.13155695264743375,0.05185488524586003,0.8165881621067062
2,0.5449751212381891,0.020639283053386238,0.4343855957084246
2,0.5404353856957104,0.08920691383841234,0.3703577004658773
0,0.8589083429542571,0.015045433517279858,0.12604622352846312
0,0.936830774667884,0.010019308603326437,0.05314991672878953
0,0.9450731138818746,0.0068223760822021,0.0481045100359231
1,0.39258290638768273,0.11706913410179186,0.4903479595105253
1,0.7817365475554607,0.018759910700291794,0.19950354174424742
0,0.8831921532811069,0.019189454134084006,0.09761839258480919
2,0.025289518931248985,0.043982427520620884,0.9307280535481302
2,0.8213822264848216,0.007866872332316675,0.17075090118286168
0,0.5597457389588726,0.10097901955596991,0.33927524148515764
0,0.940409798067814,0.0098610954000559,0.04972910653213033
0,0.9227158430401211,0.01014432646309768,0.06713983049678104
2,0.11031235892860124,0.020591147323857823,0.8690964937475409
0,0.4220716870419427,0.0908166635627093,0.48711164939534785
0,0.8877431320057785,0.015830989161591934,0.0964258788326299
0,0.8951562741964648,0.01514165451199731,0.08970207129153744
2,0.7334319954561007,0.0304892274382275,0.23607877710567182
0,0.9356863076795204,0.015077126179239744,0.04923656614123989
0,0.9530926918815948,0.010231852009346728,0.03667545610905853
0,0.6905667994848702,0.08094859988322121,0.22848460063190876
0,0.9202868816644798,0.010789786650881686,0.06892333168463873
0,0.8453487045167586,0.02078949965721536,0.13386179582602625
2,0.5878676625101451,0.11210014326140892,0.3000321942284458
0,0.9456004569323814,0.00726257695040268,0.047136966117215934
0,0.851217438289594,0.04397586501768624,0.10480669669271984
0,0.9258344993983217,0.009849861362728893,0.06431563923894917
2,0.6393801269394601,0.03795041143532406,0.32266946162521587
0,0.3700871471596687,0.054861697490541046,0.5750511553497903
0,0.7053573981889023,0.04704112791743673,0.24760147389366094
2,0.01933638544799356,0.024870915453198673,0.955792699098808
0,0.8400836381912418,0.015812043146408897,0.14410431866234916
2,0.12717374492658412,0.11739084446578282,0.7554354106076331
2,0.6232294321168318,0.05567494225956823,0.3210956256235999
0,0.9323487555159428,0.01146981429541124,0.0561814301886459
0,0.7696903563735333,0.07075597381648012,0.1595536698099867
0,0.7514338392741672,0.020971054624494462,0.22759510610133835
2,0.3680325908710991,0.08763787738480269,0.5443295317440981
0,0.8745423265294296,0.03943145787170302,0.08602621559886749
2,0.8230123945538396,0.026020928307353672,0.15096667713880638
2,0.45819028910743403,0.0347675986357608,0.5070421122568052
0,0.9381764652421918,0.008323588837892295,0.05349994591991585
0,0.8027419032400942,0.047773208757066865,0.149484888002839
2,0.04897768129677427,0.1140150249577266,0.8370072937454992
0,0.6769969700686597,0.050413947757296525,0.27258908217404365
0,0.6577254985405787,0.009550486754207138,0.3327240147052143
0,0.5967020588797916,0.03657659484760549,0.3667213462726031
0,0.9424260945098218,0.011208082438878117,0.04636582305129987
0,0.5472678708948854,0.01881241199388209,0.43391971711123256
2,0.04839051547867245,0.019571478813341835,0.9320380057079857
0,0.9471787227376731,0.008013189146681435,0.044808088115645434
0,0.6518182002611942,0.047352806205033286,0.300828993533773
1,0.4253885547881124,0.09519798219443402,0.47941346301745397
0,0.5644209434323642,0.00400529725339662,0.43157375931423886
2,0.3200289685306057,0.027284119450414084,0.6526869120189804
2,0.16252562573588278,0.08165890801629953,0.7558154662478178
0,0.8286156417679086,0.006919877934519366,0.16446448029757207
0,0.9385810226732006,0.009515471972547764,0.05190350535425155
2,0.02313046754906708,0.010205169080197033,0.9666643633707359
0,0.9332367763807408,0.009765614185944257,0.05699760943331507
2,0.04580332256091479,0.04597420002138064,0.9082224774177047
0,0.9497817191711775,0.006881084784815957,0.0433371960440065
0,0.7528019996689111,0.08287641096322436,0.1643215893678645
0,0.7561603681562064,0.038242991578049286,0.20559664026574404
0,0.9484058376426002,0.007106671014203145,0.04448749134319674
2,0.38132219708198295,0.06977334857177969,0.5489044543462371
0,0.9504461165201313,0.005420778348300935,0.04413310513156778
0,0.8786886435925841,0.016233037851386918,0.10507831855602903
0,0.8402852436908872,0.01609236054122991,0.14362239576788297
0,0.9336637904462922,0.014295645800718388,0.052040563752989474
2,0.6324908271269469,0.026698327590892752,0.34081084528216027
0,0.7976825263832454,0.06652265249566534,0.1357948211210891
0,0.3124404059521099,0.056155980636174545,0.6314036134117156
0,0.6996886333338613,0.0394448508391559,0.26086651582698284
0,0.8499494100061182,0.029396536074133558,0.12065405391974768
2,0.19045339612288334,0.058202345124828025,0.7513442587522886
2,0.25325426266012097,0.048419078026556935,0.698326659313322
0,0.4970772505495163,0.02543760617806268,0.477485143272421
0,0.8647520178261161,0.023666796825945597,0.11158118534793858
2,0.6622054903299583,0.06678754037849458,0.27100696929154716
0,0.8393445117685481,0.044342416011747904,0.11631307221970404
0,0.9536654319956333,0.009373554773455677,0.03696101323091113
0,0.9424360861244975,0.009584586790698017,0.04797932708480464
0,0.950343245166367,0.008131145688373963,0.04152560914525908
0,0.9540551128898144,0.010635300296190664,0.03530958681399542
0,0.46297745936061874,0.022886864552502443,0.5141356760868787
2,0.029894739367191305,0.04148645168437337,0.9286188089484352
0,0.7837709599351625,0.017652994158096864,0.19857604590674072
0,0.7980985759177438,0.02404099892753294,0.1778604251547233
2,0.3803337450844277,0.0349704442441829,0.5846958106713894
2,0.3693256499889457,0.043386442389583765,0.5872879076214704
2,0.4887760652898947,0.05041435578879199,0.46080957892131325
0,0.4350776228898015,0.06988488254631935,0.49503749456387897
0,0.8044597489975903,0.03290501165645835,0.16263523934595128
0,0.9510172550922135,0.007223179277105234,0.04175956563068163
0,0.5271368396782019,0.11906118644828322,0.3538019738735149
2,0.6708238517007798,0.010062002890057853,0.3191141454091623
0,0.9442507557167185,0.013454651179114777,0.04229459310416671
2,0.023865614532837743,0.06342195277187554,0.9127124326952863
0,0.8830840969381827,0.016356367820375983,0.10055953524144133
0,0.8953784308756895,0.01697008427047124,0.08765148485383921
0,0.37442105528262315,0.0732402064306977,0.5523387382866791
0,0.7739520685125708,0.018495130419687082,0.20755280106774213
2,0.6103204691698638,0.07339356466823768,0.3162859661618987
0,0.7207245156471319,0.05749977731364788,0.22177570703922006
0,0.9025174892834068,0.010601113924318228,0.08688139679227497
0,0.5829630513932629,0.05870081776480432,0.3583361308419329
2,0.959291028433232,0.0064780013992820065,0.034230970167485913
0,0.8167436809067489,0.012697670700072498,0.1705586483931788
0,0.5130409765736698,0.0954602816121124,0.39149874181421795
1,0.09501905219354129,0.17394341818690906,0.7310375296195499
0,0.8756412304520993,0.016657637237848598,0.10770113231005193
0,0.9495175254829626,0.008431988624734942,0.04205048589230251
0,0.8705053878853405,0.008449857393591961,0.12104475472106764
0,0.8719309241621321,0.01580027427070762,0.11226880156716
0,0.9425760198898578,0.009693832624571493,0.04773014748557036
0,0.9411154027997993,0.007317832271381247,0.05156676492881966
2,0.1497910037865072,0.019236778215398098,0.8309722179980946
2,0.3900660209929808,0.11226431705574663,0.49766966195127277
0,0.9236292584855436,0.01454437997846449,0.061826361535992136
2,0.3623801660515204,0.07089778527673533,0.5667220486717442
2,0.3785694764359153,0.09171810224067692,0.5297124213234079
0,0.8687661749450918,0.00424021705487674,0.12699360800003154
0,0.9273960478779862,0.014114776359658897,0.05848917576235519
2,0.35357357917498833,0.060400740556930045,0.5860256802680814
0,0.7375548550480997,0.040781163833094415,0.22166398111880586
2,0.30670661886978406,0.08209801870213113,0.6111953624280848
0,0.6167411720757544,0.0846596267199673,0.29859920120427863
2,0.06185080664216173,0.029375686238281636,0.9087735071195567
2,0.027146928292438092,0.011557112815750678,0.9612959588918114
2,0.01545638294429618,0.018473968479322568,0.966069648576381
2,0.018782262703538683,0.013808353540424805,0.9674093837560364
0,0.9479038431125495,0.00919632373782999,0.04289983314962082
0,0.8679085014085323,0.0025304324641467783,0.1295610661273211
1,0.35683351946292863,0.07709295184071692,0.5660735286963542
2,0.015271790073667647,0.07038439363387658,0.9143438162924559
0,0.9322641758316401,0.015254489076794803,0.05248133509156495
2,0.5519860542796773,0.050525652142775775,0.397488293577547
0,0.23579450109064023,0.03526092641793921,0.7289445724914206
0,0.7570557246758574,0.02438609231047197,0.21855818301367066
0,0.8670202871113029,0.02813114130704239,0.10484857158165468
0,0.9563751448275661,0.007684374595803799,0.035940480576630005
0,0.9228077242021021,0.006973211191373201,0.07021906460652468
0,0.5484522580404331,0.025671639591920502,0.4258761023676464
2,0.1377171178194966,0.07540617899654725,0.7868767031839561
0,0.9520546703901931,0.007881967184017553,0.040063362425788986
2,0.8383787251590158,0.004880981665193255,0.15674029317579097
2,0.01499240226326049,0.014701613793913248,0.9703059839428263
0,0.9533118893257897,0.009566065281926404,0.03712204539228393
0,0.958284007764944,0.008532458319996517,0.03318353391505905
0,0.9487724635241955,0.010897671857904396,0.040329864617900196
0,0.9411163149486347,0.014164574322455672,0.04471911072890965
0,0.8893229398160564,0.013677115697041897,0.09699994448690163
0,0.9440061744689746,0.012484388298544744,0.04350943723248076
0,0.8343792844132384,0.035201701185622394,0.1304190144011392
0,0.9445627232694278,0.009229277760148188,0.046207998970424186
2,0.17367899177110402,0.08681778511938078,0.7395032231095151
0,0.8345892296161312,0.015184691448313917,0.15022607893555476
2,0.09249211159671271,0.03911291431741962,0.8683949740858679
0,0.86278170518899,0.01624289021482264,0.12097540459618719
2,0.19698553341814362,0.021478089907956507,0.7815363766739001
0,0.87817448697049,0.0447997774421319,0.07702573558737809
2,0.056531392123494936,0.02240033877215057,0.9210682691043547
2,0.5049819925902376,0.0634951758404775,0.4315228315692848
0,0.89236896614365,0.013163024742412217,0.09446800911393795
2,0.20348093614552243,0.05880715629590487,0.7377119075585727
0,0.9534734684362085,0.007693299288216276,0.03883323227557479
0,0.885352622921362,0.013045645042784096,0.10160173203585424
0,0.8314537728913058,0.004707649465087961,0.16383857764360618
2,0.5953446360648591,0.11069419131924692,0.293961172615894
0,0.9448498675450308,0.012699720734660512,0.04245041172030897
0,0.4507556708005007,0.09681804871291969,0.4524262804865795
2,0.19244165091892282,0.11351062205198079,0.6940477270290965
2,0.041346863799662785,0.08471288380796993,0.8739402523923672
2,0.09495021398727717,0.03980289173479263,0.8652468942779299
2,0.04186763576872232,0.009309068111073782,0.9488232961202038
2,0.002069939672305776,0.009124141953522793,0.9888059183741714
0,0.830692147282534,0.016908112742055885,0.1523997399754102
2,0.026358217113835014,0.04557796681769811,0.9280638160684669
2,0.47276531886003026,0.05882901750846732,0.46840566363150227
2,0.0023183029672585453,0.006362344996914015,0.9913193520358274
2,0.10307132237200317,0.021444677888773665,0.8754839997392232
0,0.8210333075272062,0.023610776520815866,0.15535591595197806
2,0.8085843312353178,0.014207405288216714,0.1772082634764656
0,0.8500455103102951,0.04524427412001321,0.10471021556969179
0,0.9399682945366599,0.009955155978448944,0.05007654948489141
0,0.8796974137327649,0.018520573939692288,0.10178201232754287
0,0.5785351992316236,0.05821858219588878,0.36324621857248746
0,0.5262542614408375,0.026909260064371696,0.4468364784947908
0,0.9596980844512955,0.008620224519906907,0.03168169102879783
2,0.07178140338605636,0.13140224647520904,0.7968163501387346
2,0.434136448027811,0.08111410323050484,0.4847494487416843
2,0.6488446892734487,0.02902840583369861,0.32212690489285284
2,0.17651367280961644,0.060746030773649776,0.7627402964167337
2,0.010109811743075353,0.006455054936417982,0.9834351333205068
0,0.9583222179111812,0.008815610620948844,0.032862171467870196
2,0.18922030597924572,0.06541779135289229,0.7453619026678618
2,0.005661876465155291,0.03054476246276393,0.9637933610720808
0,0.939155784537524,0.009296321003622165,0.05154789445885381
0,0.8795169746233817,0.019039992007814165,0.10144303336880396
0,0.8463900979923912,0.01617041723688176,0.13743948477072693
2,0.01552618255953261,0.017512683545702824,0.9669611338947646
2,0.16394144110469583,0.022737484239951852,0.8133210746553524
1,0.7548430365860676,0.032518774211541694,0.21263818920239103
0,0.18155314600990471,0.03133909301181192,0.7871077609782834
0,0.8231744549511827,0.008052014983382658,0.16877353006543466
2,0.5746549892180366,0.03387718789828809,0.39146782288367515
0,0.9338691661521626,0.01598898550266065,0.05014184834517661
0,0.2778950569395006,0.09853592639143474,0.6235690166690646
0,0.9248127161094573,0.005790934968385642,0.06939634892215718
0,0.5520694513913772,0.08201297923293617,0.3659175693756864
2,0.023656325066673534,0.025850781904510598,0.950492893028816
2,0.005433357217645518,0.03425127820511922,0.9603153645772353
2,0.05802572571224547,0.03440190219652953,0.9075723720912252
2,0.8511336679742408,0.002334459371926903,0.14653187265383222
0,0.5999156343754181,0.04471700802749678,0.35536735759708515
0,0.2610374398445192,0.12397284917461776,0.6149897109808632
2,0.6666497880251382,0.02563115980474378,0.30771905217011813
0,0.8510653338121196,0.025233216347984328,0.12370144983989603
2,0.7916501089515594,0.012116558051237214,0.19623333299720358
0,0.8896695735731653,0.00937221392280039,0.10095821250403456
0,0.6868315198730063,0.02061974424035613,0.29254873588663755
2,0.5340480564300556,0.04748048338501234,0.41847146018493214
2,0.7058388358562322,0.033701688426120646,0.260459475717647
0,0.9377231426163672,0.016286358452247747,0.0459904989313853
0,0.6085128079249117,0.032684250561887236,0.3588029415132009
2,0.2719946762823479,0.04476511523033201,0.6832402084873201
1,0.30238709556317367,0.0774764444792998,0.6201364599575266
0,0.8682547625035184,0.009566575166402658,0.1221786623300789
2,0.005297089041043406,0.006687186302835222,0.9880157246561214
0,0.8749848971150904,0.006763159521478768,0.11825194336343045
0,0.19452079524049945,0.05678996195422696,0.7486892428052737
0,0.9444101706863997,0.006180274533018978,0.04940955478058137
2,0.03864894253017042,0.02514800958349537,0.9362030478863342
1,0.5161429043528308,0.10159430206415887,0.38226279358301024
0,0.9471821916160985,0.010579392935601522,0.042238415448300155
2,0.19643678864798186,0.038297776600458404,0.7652654347515597
0,0.8815534907691814,0.00539476935975227,0.1130517398710663
0,0.9077754946877417,0.013307646984570709,0.07891685832768762
0,0.6794895599965468,0.02967794695229483,0.2908324930511582
1,0.6794962802436579,0.08872245545112828,0.2317812643052139
2,0.006452067192532762,0.019601626302493305,0.9739463065049737
2,0.3478025173124616,0.1103919869405065,0.541805495747032
2,0.2565873487533153,0.057170732699508536,0.6862419185471761
2,0.1714137663393443,0.031455573400867534,0.7971306602597881
2,0.14776879370926763,0.09386881901086377,0.7583623872798687
0,0.9455823963041481,0.009136638176208123,0.04528096551964377
2,0.5846585480688659,0.018580757032280352,0.3967606948988538
0,0.40471378687421145,0.04305656682302095,0.5522296463027676
1,0.3856695394532362,0.10173931138545313,0.5125911491613108
2,0.09648648401507263,0.031587439799682586,0.8719260761852444
0,0.8536847831627609,0.04333516555251652,0.10298005128472273
2,0.13382144274980234,0.06534627986431664,0.8008322773858811
0,0.870567044328336,0.02769426960764883,0.10173868606401516
0,0.6568628286153775,0.07867094193895108,0.26446622944567144
0,0.9100281568498205,0.016593183095853094,0.07337866005432661
2,0.0768279323472144,0.13662872273739493,0.7865433449153906
0,0.9522187096339962,0.007715817224653046,0.04006547314135079
2,0.42041040748253256,0.036722463392847564,0.5428671291246199
0,0.9444121337295869,0.008257036196242828,0.04733083007417065
0,0.8689193764285758,0.025795125779381804,0.1052854977920424
2,0.12850857699971036,0.11474965210059303,0.7567417708996966
2,0.15275720254203148,0.0299507714753071,0.8172920259826614
0,0.7341842569018724,0.05772210076156111,0.2080936423365661
0,0.9119820133687012,0.029064105634668862,0.05895388099662999
0,0.9522639180314865,0.011509613600041617,0.036226468368472084
0,0.8766268915067806,0.0035734399057588202,0.11979966858746072
2,0.9278138121904176,0.008444621394496437,0.063741566415086
0,0.9446651592318646,0.014068008279329712,0.04126683248880573
0,0.5243895845125255,0.11240980405492322,0.36320061143255117
0,0.5081707003563257,0.14076503581221564,0.35106426383145883
0,0.7500641609801995,0.014610185092989296,0.23532565392681085
1,0.49636572144534585,0.09121895763696626,0.41241532091768784
0,0.9522401050121823,0.008703018604586976,0.03905687638323085
0,0.4577202476141426,0.08893581894050301,0.45334393344535456
0,0.23816063621061656,0.05644343336694005,0.7053959304224433
0,0.9276713710838972,0.009403590849960586,0.06292503806614244
0,0.22662286429473924,0.04946176255777049,0.7239153731474903
0,0.8860599999294071,0.019966904051604627,0.09397309601898826
2,0.4335561721012807,0.037566527734583105,0.5288773001641361
2,0.1869087117821703,0.059398422569847675,0.753692865647982
2,0.8866970458604148,0.0156337233532559,0.09766923078632912
2,0.10012122300389209,0.05807993582880902,0.8417988411672989
2,0.845721857299567,0.03359421214310324,0.12068393055732984
0,0.9546530998345892,0.009707445442577336,0.03563945472283363
2,0.48302441254249195,0.0479358748874746,0.46903971257003335
0,0.5994454427505774,0.06795376067998503,0.3326007965694375
0,0.950518667120744,0.006453253038532089,0.04302807984072405
0,0.930785143738074,0.012228547370276666,0.05698630889164948
0,0.938977742524954,0.007914405531188558,0.05310785194385746
2,0.021539135052574748,0.023617391231015097,0.9548434737164101
2,0.8111443524629977,0.05530559379866953,0.13355005373833304
0,0.9493768656140418,0.007566484549088735,0.043056649836869465
1,0.6258721760285181,0.11125218963577513,0.26287563433570676
0,0.9467058700977085,0.010226799145367465,0.04306733075692425
0,0.6542888676995374,0.04970842754809295,0.2960027047523694
0,0.9405110339948163,0.009039050428489645,0.050449915576694294
2,0.23614994098369077,0.02795486598653602,0.7358951930297732
0,0.9408635401681597,0.01279623815470431,0.04634022167713593
2,0.2529963571613053,0.03212150171536744,0.714882141123327
2,0.7870911639069168,0.013065274173986017,0.1998435619190971
2,0.1076220510428815,0.0885850291200808,0.8037929198370377
0,0.24747976259945365,0.04677027009593018,0.705749967304616
2,0.002635554407300902,0.017677204421546293,0.9796872411711527
2,0.5382198578763643,0.13181403370051953,0.32996610842311613
0,0.9024902153042469,0.016963880254842887,0.08054590444091014
0,0.45842966175229216,0.0648727553074331,0.4766975829402747
0,0.9458400778622752,0.01055446377090384,0.04360545836682109
0,0.13317775759104936,0.030295813345354597,0.8365264290635961
0,0.9444766516655495,0.006628277195601475,0.04889507113884899
0,0.4532204625680762,0.03674734044877853,0.5100321969831452
1,0.16693415431119474,0.10974769107285355,0.723318154615952
0,0.5830723007433318,0.013498334515098754,0.4034293647415693
0,0.785884091053417,0.031083500534423453,0.18303240841215956
2,0.21529354692592156,0.07481892765963619,0.7098875254144422
0,0.43166039969316783,0.08449554879091878,0.4838440515159133
0,0.8594409937087407,0.0031185146422980296,0.13744049164896133
0,0.947549793921283,0.006994187170836567,0.04545601890788046
2,0.9512980751355997,0.010774849684026628,0.03792707518037362
0,0.9522187096339962,0.007715817224653046,0.04006547314135079
2,0.22332302334734278,0.044319984509522174,0.7323569921431352
2,0.7126687758501732,0.05182539240267964,0.23550583174714684
2,0.06801780672682975,0.17624458815030078,0.7557376051228697
2,0.016708054700281597,0.08802485099079947,0.8952670943089188
0,0.8558894358015924,0.018386938448853505,0.12572362574955417
0,0.9363597570235813,0.005448551630946801,0.0581916913454719
2,0.001208369075808307,0.0037939441139403663,0.9949976868102512
2,0.4206065302529842,0.10374973550474173,0.4756437342422741
0,0.8806879270283767,0.016049602312048723,0.10326247065957446
0,0.9285302072864575,0.009109819185201639,0.0623599735283409
0,0.7212404473894161,0.03153407714991782,0.2472254754606661
0,0.5336439618930475,0.09601825336767866,0.3703377847392739
0,0.27390082390314946,0.08945560615010437,0.6366435699467463
0,0.7711241683829171,0.022145563454607387,0.2067302681624754
0,0.9604966751324869,0.008377623206222847,0.031125701661290427
0,0.8202005095836209,0.018809451989486404,0.16099003842689288
1,0.5425871551001791,0.1429184150956232,0.31449442980419756
0,0.19706917577545868,0.0745929649922845,0.7283378592322568
0,0.9054160381897117,0.02696199988511398,0.06762196192517421
0,0.7558141106979596,0.04973913452458411,0.19444675477745646
2,0.0022634844908946904,0.0031099334484682682,0.994626582060637
2,0.6477270781499946,0.08726905164942574,0.2650038702005796
0,0.4063133087358239,0.061311555683054915,0.5323751355811212
0,0.9356555389957898,0.0066201532598882985,0.05772430774432199
2,0.11739680045590448,0.05131011345496909,0.8312930860891263
0,0.9514354337439702,0.008271056233151886,0.04029351002287782
2,0.0005370285348581604,0.0,0.9994629714651418
0,0.9390721611629947,0.008077840393588677,0.052849998443416556
2,0.8834727656930904,0.015610291520335244,0.10091694278657419
0,0.5023354165455418,0.11104469721045625,0.386619886244002
0,0.3409047942675624,0.06036583647777145,0.5987293692546664
2,0.0040890330477897936,0.004378303588435492,0.9915326633637747
0,0.9484968273737484,0.009025314201430294,0.04247785842482146
0,0.9421334200145937,0.009635998815952805,0.048230581169453585
0,0.8449875860124156,0.026181808356471777,0.12883060563111254
2,0.018190789788666416,0.03946986531557932,0.9423393448957543
