target,prediction_0,prediction_1,prediction_2
2,0.018498664331671615,0.05100040523406378,0.9305009304342649
0,0.9007906947331423,0.014196398928786906,0.08501290633807079
0,0.9398774845028911,0.01189559910918337,0.048226916387925
2,0.07085597867704972,0.07864051708742575,0.8505035042355246
0,0.7730517423022932,0.01700996426442602,0.2099382934332808
0,0.8226100096168756,0.01698831069708049,0.16040167968604374
0,0.8951624189468829,0.01966416529457872,0.08517341575853872
2,0.018221441341191615,0.028017528446764698,0.9537610302120438
0,0.9404299358934993,0.009934580949396246,0.04963548315710449
1,0.3840254569979512,0.07722147190089663,0.5387530711011521
2,0.022568652203398508,0.08820960544106102,0.8892217423555403
0,0.7452411746909178,0.02356283383152943,0.23119599147755282
0,0.8924409354255624,0.017021594567165746,0.09053747000727141
0,0.8364750614606996,0.008587843314268593,0.154937095225032
0,0.9199418363606565,0.01760371240408211,0.06245445123526182
2,0.1789148669894823,0.09157504304523488,0.7295100899652827
0,0.8534767699011934,0.03522603632610736,0.11129719377269919
2,0.6177652149159274,0.11217696549335178,0.2700578195907209
0,0.9422642441584343,0.012018537766835096,0.045717218074730684
2,0.19492500229345142,0.04763872610580109,0.7574362716007476
0,0.8695541215306837,0.018644844436838764,0.11180103403247718
1,0.540461293531986,0.08145135090605045,0.3780873555619634
2,0.16289415160854326,0.01782264105957465,0.819283207331882
0,0.9396798405981189,0.010453991870904683,0.049866167530976266
0,0.3956909618566583,0.07052380906018148,0.5337852290831602
0,0.9455350717247453,0.01137966649728619,0.04308526177796846
0,0.9479986207281869,0.01032978562029644,0.04167159365151684
0,0.9461504178534483,0.010114519998822092,0.043735062147729625
0,0.5354717912835721,0.06884874561392104,0.39567946310250707
0,0.9400084351875884,0.011307660363063713,0.04868390444934805
2,0.07284924546396367,0.04245692430286503,0.8846938302331713
2,0.19693755099010196,0.03842459841393839,0.7646378505959596
0,0.24943638859586828,0.08265269255992139,0.66791091884421
2,0.2900159069212706,0.06573749457166664,0.644246598507063
0,0.7300935796192011,0.07258343916486586,0.19732298121593275
2,0.060278766611618385,0.033731974938904286,0.9059892584494774
2,0.5788346629277622,0.03149626206285844,0.3896690750093792
0,0.9099407643182116,0.02035223931742062,0.06970699636436746
0,0.5798798368673364,0.028205430387439286,0.3919147327452244
0,0.6488089979937111,0.02941820829163093,0.32177279371465833
0,0.9309409918220951,0.020591722645518947,0.04846728553238603
2,0.11982795081118709,0.2846981168293321,0.5954739323594808
0,0.8767279521008403,0.017416714453243144,0.10585533344591586
0,0.9485882589637685,0.010603983877640692,0.040807757158590384
0,0.9487431308537719,0.01168043872925519,0.03957643041697304
0,0.687634128295254,0.043739485369618074,0.26862638633512836
0,0.8634657912457976,0.009261001616992007,0.12727320713721052
2,0.794550638041627,0.01677621039612485,0.1886731515622483
0,0.8104038774114761,0.01633682288631535,0.17325929970220827
2,0.4413848158969068,0.10699757220212233,0.4516176119009709
0,0.919493932552697,0.022888831487523395,0.05761723595977985
0,0.9447060878895298,0.010675141172113333,0.04461877093835702
2,0.09441393146410929,0.06605417654632706,0.8395318919895638
2,0.24598543989935992,0.07735935054459536,0.6766552095560447
2,0.26930038693813135,0.04536093258654327,0.6853386804753252
0,0.8826190350381714,0.014094773450380856,0.10328619151144784
0,0.6932781099716441,0.07488431870509935,0.23183757132325658
0,0.5357534699413099,0.10703846618691393,0.3572080638717763
0,0.9383999780775029,0.011788629659127843,0.04981139226336929
0,0.8914954528956424,0.02286754005537637,0.0856370070489812
1,0.726239159516902,0.06427754092095395,0.20948329956214398
2,0.7890008592398206,0.0197053915148462,0.19129374924533327
0,0.8841215793256646,0.018402450811569986,0.0974759698627651
2,0.253207370354676,0.026650847802871643,0.7201417818424526
2,0.07120983715493714,0.033031288020623245,0.8957588748244398
2,0.02431053700369922,0.007614394282333157,0.9680750687139674
1,0.8844188074217463,0.016888722817065795,0.09869246976118791
2,0.43470178002611604,0.0389730922359748,0.5263251277379093
2,0.03814258995226529,0.05386710714024527,0.9079903029074896
0,0.8343583524855624,0.026211182073446068,0.1394304654409916
0,0.947143822252843,0.010847219853270567,0.04200895789388599
0,0.8269333560584968,0.027387869716959955,0.14567877422454326
0,0.9468713589000597,0.010813471880827161,0.04231516921911268
0,0.939436252857803,0.01194479822711252,0.04861894891508451
2,0.0033819480045828164,0.002949857285642238,0.9936681947097751
2,0.010879694159700887,0.015603630163453898,0.9735166756768454
0,0.9438051040379257,0.010150185256976174,0.04604471070509799
0,0.3759806461679303,0.05658770932596577,0.5674316445061038
0,0.8933798722140616,0.013922166891663193,0.09269796089427497
0,0.8206156584267902,0.011940432537811739,0.1674439090353977
0,0.6721672565044977,0.041624440579368586,0.2862083029161338
2,0.7156126460850136,0.024818290540066845,0.2595690633749193
1,0.7145484863727071,0.012070472627833218,0.2733810409994594
0,0.8214587639504688,0.03258062996435395,0.14596060608517727
0,0.839381169559425,0.022548760523357907,0.13807006991721726
2,0.6760579287517293,0.04382253997538536,0.28011953127288536
0,0.94741769462889,0.010782217754375826,0.041800087616733705
2,0.006888329660005196,0.003300908161716536,0.9898107621782781
0,0.9472424555270377,0.010373906991351838,0.04238363748161066
0,0.7890670624848531,0.02965988126586004,0.18127305624928686
0,0.8455786714650331,0.009372304255436214,0.14504902427953056
0,0.7060996641495864,0.060804738757224995,0.23309559709318836
0,0.8261314710326603,0.02648189793931614,0.14738663102802335
0,0.9491137069501543,0.011596780076514376,0.03928951297333152
0,0.9488902494793718,0.010765036613895902,0.0403447139067322
0,0.9405676469345073,0.009729830994879899,0.049702522070612785
0,0.9453961875748877,0.010239290435238238,0.04436452198987399
2,0.013859296901807164,0.015866941219730514,0.9702737618784625
0,0.9045015280409513,0.021237748816803192,0.07426072314224576
0,0.47438362359166086,0.02111696472483623,0.5044994116835028
2,0.019771229838213073,0.04326035072400563,0.9369684194377813
2,0.004501964476192791,0.005589797721371077,0.9899082378024366
2,0.014051757556273716,0.016734222626009335,0.969214019817717
2,0.011982607231976944,0.06029360823829006,0.9277237845297333
0,0.9476006555973407,0.010244869236402023,0.042154475166257255
0,0.9396357873773373,0.01581887573269458,0.044545336889968395
0,0.9214217323277244,0.017214128440273948,0.061364139232001624
2,0.5385929657353468,0.07045126861209267,0.39095576565256046
0,0.6115633859480926,0.04703153186796755,0.3414050821839399
2,0.24818507280487603,0.07701022273006693,0.674804704465057
0,0.8991004270457857,0.021914279135757535,0.07898529381845654
2,0.19143433339311838,0.05822318501660198,0.7503424815902796
0,0.8439180119108202,0.020109849700886567,0.1359721383882932
2,0.03587275599854292,0.053142493044383225,0.9109847509570741
0,0.9479873322937588,0.012050838648982548,0.039961829057258695
0,0.70119251313582,0.023277633521242683,0.27552985334293706
0,0.9216509071271337,0.031082236647516005,0.04726685622534962
0,0.9479037347427994,0.010401092217474425,0.04169517303972623
0,0.9460482283969406,0.011906539249387687,0.04204523235367191
2,0.6486017433181257,0.04655284037949944,0.3048454163023751
0,0.8761704270829267,0.012251595204807631,0.11157797771226616
0,0.940509525941409,0.012001271105161375,0.04748920295342947
0,0.8389626337602477,0.02270687581921082,0.13833049042054132
0,0.9463837451773369,0.011637127172694963,0.04197912764996828
0,0.6627811237822825,0.02171754391278584,0.3155013323049315
0,0.45871658350300615,0.08116286342032253,0.4601205530766713
0,0.8740954397341651,0.017773249629691467,0.10813131063614369
0,0.8157232742397563,0.012431845934765024,0.17184487982547855
2,0.13937392738600937,0.06395322108421546,0.7966728515297755
0,0.9094741987520993,0.023031450296845456,0.06749435095105513
2,0.19616347141271495,0.045189713552128065,0.7586468150351562
0,0.731306638041948,0.02852377183815673,0.2401695901198952
2,0.01588869637979821,0.01796370858020104,0.9661475950400007
0,0.9229919088935035,0.013900464628834854,0.06310762647766105
2,0.5233952329860775,0.07553305587302862,0.40107171114089374
2,0.5768247736798361,0.038443541521659894,0.3847316847985036
0,0.6832227009636671,0.06805262767510684,0.24872467136122633
0,0.9480625016818901,0.010732182851707546,0.04120531546640182
0,0.9499359917100616,0.009085693806124012,0.04097831448381387
2,0.6902166041857287,0.02401923564487679,0.28576416016939415
0,0.6547109306999666,0.08805016618887516,0.2572389031111584
0,0.287758653239595,0.05811908792674466,0.6541222588336605
0,0.8510597204356997,0.022989763055293485,0.12595051650900677
0,0.5223607002815499,0.045141631461032415,0.43249766825741753
0,0.8373438191415307,0.033601072351400564,0.12905510850706892
0,0.8844961141700842,0.0050921939707768244,0.11041169185913899
2,0.05125285287476204,0.023778338525152376,0.9249688086000858
0,0.9356428529582466,0.012712016029112636,0.05164513101264033
0,0.8721957809198158,0.020553932511931418,0.10725028656825285
2,0.33684895904194767,0.0984555228282802,0.5646955181297719
0,0.9465067828266942,0.010591714635828383,0.04290150253747682
2,0.4704264099507274,0.08091173191661552,0.4486618581326571
0,0.9523911523846944,0.009652770244701816,0.037956077370603816
0,0.8800887786857402,0.008931897763835557,0.11097932355042446
0,0.4225257066251355,0.03425722487458368,0.5432170685002807
0,0.8670276486691528,0.01568848931945418,0.11728386201139288
2,0.008259190928426623,0.01101720535282104,0.9807236037187527
2,0.018939746215486178,0.011299400484530856,0.9697608532999829
2,0.7797240324490359,0.0134662598267766,0.20680970772418747
0,0.939511741683794,0.012499860385079964,0.0479883979311259
0,0.0950860675593119,0.0565324881492729,0.8483814442914148
0,0.9498047230119652,0.010006837091923017,0.040188439896111636
2,0.8482910633731782,0.019307114161158802,0.13240182246566293
2,0.8179350332236063,0.023757103989302118,0.15830786278709158
0,0.8208850830692539,0.01653725710466398,0.16257765982608255
2,0.5056988402522086,0.12397655072626051,0.3703246090215308
0,0.9487845499699705,0.010635067896564038,0.040580382133465445
2,0.08223932834347783,0.015283146374150734,0.9024775252823712
2,0.7728415908457206,0.028414718138648147,0.19874369101563147
0,0.9302185635757724,0.012274191165253188,0.057507245258974625
0,0.535264457109586,0.09416450278281475,0.37057104010759906
1,0.31701338676585095,0.06290340594211596,0.6200832072920331
2,0.22992373798167068,0.05901261829877732,0.7110636437195519
0,0.7801196487020661,0.040704384192362345,0.1791759671055715
2,0.2614794846675834,0.23644954662589251,0.502070968706524
2,0.04993250530883077,0.026253429084050105,0.9238140656071192
0,0.9301839036937152,0.013577634323343721,0.05623846198294096
0,0.18217584831398795,0.10349610301603368,0.7143280486699782
2,0.17072135690414603,0.034748488505453104,0.7945301545904009
0,0.9344688187111518,0.010096813531802614,0.05543436775704576
0,0.43228305886212903,0.1192904336556978,0.448426507482173
0,0.5245671699587073,0.10518431205405789,0.3702485179872348
2,0.017204111936460285,0.01567306523271506,0.9671228228308247
0,0.9444311004157054,0.011671115549544947,0.0438977840347493
2,0.3094455521904232,0.10004457042303383,0.5905098773865429
2,0.4827789318080341,0.04029960540218876,0.4769214627897775
1,0.3634802339993012,0.073487021475969,0.5630327445247298
0,0.3270185465816899,0.055373780875610096,0.6176076725427001
2,0.5380315254734673,0.023915917720844112,0.43805255680568844
2,0.24094782681440938,0.15902031891812293,0.6000318542674676
0,0.5890328368631401,0.0550201197938861,0.3559470433429737
0,0.9452634288125357,0.010598907230003903,0.04413766395746022
0,0.7762860678955726,0.02956877196571166,0.19414516013871583
2,0.22142890128591866,0.045764990949481756,0.7328061077645996
2,0.3720254388543223,0.08944359227955342,0.5385309688661246
0,0.9369814948799544,0.010860389747523881,0.05215811537252153
0,0.7020512566811151,0.05099345901339739,0.24695528430548747
0,0.9522003455101071,0.009857794313380965,0.03794186017651203
2,0.8663430168600009,0.016296727649875286,0.11736025549012395
0,0.9239563034139118,0.00890622833002599,0.06713746825606227
0,0.9150571498569214,0.013494394004676813,0.07144845613840183
0,0.9449220663778879,0.010723405947669703,0.04435452767444199
2,0.6378093118348803,0.03254739976893046,0.3296432883961894
0,0.9484459790332997,0.011210092762082192,0.04034392820461768
0,0.7925765642927866,0.018238846171941197,0.18918458953527192
0,0.24725468278251322,0.04432975149117387,0.7084155657263128
0,0.8643377390939598,0.00846403345466183,0.12719822745137824
2,0.3201598403349125,0.06944340184057013,0.6103967578245166
0,0.9475421804273915,0.011657526201026827,0.040800293371581926
2,0.22449563038376075,0.02315930330993138,0.7523450663063076
0,0.9274969366995773,0.0109971146185967,0.06150594868182642
2,0.8724083606777846,0.02591904242292525,0.10167259689929019
2,0.0745510748581139,0.06270045636520177,0.8627484687766842
2,0.0905270385445523,0.04711005198105209,0.8623629094743956
0,0.6853660844670137,0.051229628015934864,0.2634042875170513
0,0.8668462956273298,0.030803277117767452,0.10235042725490276
0,0.932702261828774,0.013188793600947778,0.054108944570278074
0,0.84742320464578,0.02972764465957479,0.12284915069464519
2,0.8201858379065603,0.006676066558558677,0.17313809553488108
0,0.9338352710392808,0.014749703130328161,0.051415025830390884
0,0.3681271751221194,0.11209882887090411,0.5197739960069765
0,0.9153458621819212,0.01400493090255513,0.07064920691552332
2,0.9192010430236651,0.015808384432411,0.06499057254392387
2,0.5223607002815499,0.045141631461032415,0.43249766825741753
2,0.0313910639244935,0.08171531569952276,0.8868936203759836
0,0.9479843926598195,0.012529462074606406,0.03948614526557418
0,0.9384439531283667,0.013186347571102609,0.048369699300530755
2,0.4122967903012483,0.09949861865189594,0.4882045910468557
2,0.03749032978231368,0.025034106595807303,0.9374755636218788
2,0.13881681645018487,0.1074410017474358,0.7537421818023794
0,0.8710391663697304,0.018605258934012606,0.11035557469625676
2,0.35192573883174383,0.017522660687118927,0.6305516004811371
0,0.902316416731861,0.02407133411654359,0.07361224915159545
0,0.9402498017878284,0.009662615522025467,0.05008758269014617
0,0.38988083494399356,0.03765743451504932,0.5724617305409574
0,0.6938823524602454,0.029212045131576856,0.2769056024081783
2,0.6950973775666829,0.02178409698188951,0.2831185254514276
2,0.8822877255106846,0.008630581995002554,0.1090816924943132
0,0.9448179743048903,0.012178220169505963,0.043003805525603615
2,0.43308196901844886,0.02590519871882607,0.5410128322627251
2,0.032972683540958225,0.014001350072366255,0.9530259663866755
0,0.8918681267346309,0.0174407801609672,0.09069109310440152
0,0.9515153889838855,0.009711346006777512,0.038773265009337046
0,0.7965163795092166,0.00855177068904129,0.1949318498017421
0,0.7883647177925776,0.022515035674754692,0.1891202465326675
2,0.012391892414964306,0.021653269487678567,0.9659548380973575
0,0.37313425154510094,0.0973760407760491,0.5294897076788501
0,0.8362665341418807,0.02572406369456012,0.13800940216355906
2,0.201267063518403,0.021982668516860548,0.7767502679647361
0,0.9209441269368802,0.01766211929094929,0.06139375377217105
0,0.08860696770645207,0.06370077845726524,0.8476922538362828
2,0.21031319955890224,0.016266018519899922,0.7734207819211975
2,0.014800472962526918,0.016519105389106767,0.9686804216483664
1,0.39516855212381413,0.018845787634683593,0.5859856602415022
0,0.9476006555973407,0.010244869236402023,0.042154475166257255
0,0.7478530109150455,0.011145839741720323,0.24100114934323422
2,0.22057826007458753,0.052842321158020816,0.7265794187673921
0,0.8678616072766643,0.009739043700910412,0.12239934902242564
0,0.941976929613601,0.010134547509909926,0.04788852287648863
1,0.18924024250221513,0.15916018512779956,0.651599572369985
0,0.8526887799067131,0.022566425249699013,0.12474479484358718
2,0.26769821249101844,0.08944010976173064,0.6428616777472509
0,0.20520604916831378,0.08159895994492576,0.7131949908867602
0,0.9485816914721644,0.010895903904003313,0.04052240462383199
2,0.18418570107192406,0.12045527659549429,0.6953590223325816
0,0.5220211478758643,0.03452521346396238,0.4434536386601735
0,0.6321091728044482,0.07417572639633084,0.29371510079922103
0,0.6904098630747499,0.025600189968881342,0.2839899469563686
2,0.5697182877432253,0.07094572483414208,0.3593359874226326
2,0.17129975131496974,0.031056205832711403,0.7976440428523189
0,0.8197010288220665,0.043265963004848626,0.13703300817308509
2,0.17483506731463894,0.026815981826588887,0.798348950858772
0,0.938061931395957,0.012538649532904856,0.04939941907113804
2,0.2989558657349762,0.1740630134548322,0.5269811208101918
0,0.8472261984306034,0.011088611962764158,0.14168518960663243
0,0.5755249989036105,0.07239330232985283,0.3520816987665367
2,0.8662194623428562,0.019989352708527315,0.11379118494861631
0,0.5686896887395889,0.10569987721480642,0.32561043404560475
2,0.5283187235939624,0.042382168291029684,0.4292991081150078
0,0.9445292480665384,0.01008178960744556,0.04538896232601591
2,0.9456311281310079,0.011804977626127911,0.0425638942428644
0,0.8821033928953382,0.02732501336285764,0.09057159374180386
0,0.9420099039431006,0.00949968574113065,0.04849041031576856
0,0.6180555031424328,0.08174081126409642,0.30020368559347094
0,0.9420532394491253,0.012333846704881133,0.04561291384599321
2,0.10004125243030007,0.09291191893502362,0.8070468286346766
0,0.7086138766225956,0.02159729539620345,0.26978882798120085
0,0.8035931127960441,0.012767642761981696,0.1836392444419743
2,0.05256597659069762,0.01226515558936739,0.9351688678199352
0,0.9477088337307434,0.010539427563194466,0.04175173870606225
0,0.9374790284543113,0.009708451642642887,0.05281251990304529
0,0.8647214374265282,0.03382088899742575,0.10145767357604611
2,0.04524164900582413,0.041903775686942986,0.9128545753072328
2,0.011484727382106921,0.013946569383307721,0.9745687032345852
2,0.24111290271342178,0.05272921517353372,0.7061578821130444
2,0.1322123610774937,0.04307963650812492,0.8247080024143815
2,0.5033436689759216,0.025734887314017595,0.4709214437100609
2,0.5474752275133901,0.06850761240996045,0.3840171600766497
0,0.857623246923025,0.017696918731080265,0.12467983434589411
0,0.9408381185196613,0.011313019153267118,0.0478488623270711
0,0.9455725144023095,0.010780696667726544,0.04364678892996367
1,0.42188584075659674,0.09285061958001056,0.4852635396633927
1,0.757200109328667,0.016941496218117004,0.22585839445321607
0,0.8828010087138635,0.014543626268678741,0.10265536501745753
2,0.025691927071565954,0.03623168409670275,0.9380763888317312
2,0.7325801580088128,0.004942265522679834,0.2624775764685075
0,0.5813275789495458,0.09137074273375757,0.3273016783166964
0,0.9416554362583814,0.013677228659724436,0.044667335081894126
0,0.9281176760090569,0.013160290874453829,0.05872203311648904
2,0.08989467894459967,0.04845030780614359,0.8616550132492565
0,0.4756929545988287,0.09887989750465583,0.4254271478965153
0,0.9053641797678118,0.019283883641056154,0.07535193659113193
0,0.9118550774005372,0.01379534898435615,0.07434957361510672
2,0.6379019518616241,0.02396495115264258,0.3381330969857334
0,0.9339965201422673,0.01580381549414485,0.0501996643635878
0,0.9432096346660279,0.011652640793773242,0.0451377245401985
0,0.6705042344162381,0.09480590831305606,0.23468985727070601
0,0.9336035250509344,0.012642219247457212,0.0537542557016077
0,0.8383999844271115,0.025925411508075404,0.13567460406481285
2,0.5648284922721342,0.1036355515480929,0.3315359561797728
0,0.9376542261072436,0.01020631075204812,0.05213946314070776
0,0.8987700291261754,0.023055064375510335,0.0781749064983141
0,0.9342878845529992,0.01591611303318648,0.04979600241381425
2,0.6700502921588933,0.03590550049775104,0.2940442073433557
0,0.3798310172309846,0.06915383813245869,0.5510151446365569
0,0.6899245919702204,0.05601400108527614,0.2540614069445034
2,0.01846854384383342,0.01856073421744526,0.9629707219387211
0,0.8075354065093628,0.026023276574837117,0.1664413169158006
2,0.1336648147719293,0.08235695824287174,0.783978226985199
2,0.619526555236456,0.04697030481549058,0.3335031399480536
0,0.9371178572090207,0.012736014509381291,0.05014612828159773
0,0.8420887945435456,0.03398350862739312,0.12392769682906148
0,0.8011412012327573,0.018064907415668005,0.18079389135157403
2,0.3604736555466386,0.07498744896015994,0.5645388954932016
0,0.8790550893330529,0.030587109914318015,0.09035780075262917
2,0.8075703603497237,0.02998001338361632,0.16244962626665999
2,0.38609953338024117,0.043593913772772774,0.5703065528469858
0,0.948054146639539,0.010044957548970045,0.04190089581149057
0,0.8279829046361901,0.0379446357289296,0.13407245963488013
2,0.05143360470565417,0.18247299660563698,0.7660933986887088
0,0.6267637444365367,0.04275147898673628,0.33048477657672715
0,0.7273678614582255,0.015271243975877712,0.25736089456589684
0,0.553163731716399,0.039789828245768204,0.40704644003783275
0,0.9476006555973407,0.010244869236402023,0.042154475166257255
0,0.6010122227166147,0.02801881803886767,0.3709689592445176
2,0.06177533326492723,0.01772283941818529,0.9205018273168875
0,0.935133538711241,0.00929547071456116,0.05557099057419786
0,0.7351925743118993,0.04850331351340104,0.21630411217469955
1,0.36081518059386314,0.0735817156780036,0.5656031037281332
0,0.5563223596724122,0.006613205115584544,0.43706443521200333
2,0.35272721198945894,0.046948203539909354,0.6003245844706315
2,0.2249401626238436,0.06144104048903295,0.7136187968871234
0,0.7928638539860746,0.006152191841555381,0.2009839541723697
0,0.9500524858236011,0.011819153492359806,0.03812836068403919
2,0.010600450210417134,0.00678159403496305,0.9826179557546199
0,0.9462564619322476,0.010790449406534798,0.042953088661217616
2,0.02690633904355374,0.024803127793173486,0.9482905331632734
0,0.9477845058365472,0.010600877228162078,0.041614616935290304
0,0.7912330206523182,0.045082349568341236,0.16368462977934034
0,0.7607214274238516,0.0325945940155141,0.2066839785606344
0,0.9472139325761703,0.010828942525796213,0.04195712489803298
2,0.285087307066032,0.06450235232962402,0.6504103406043439
0,0.9466247245041639,0.010145621436532175,0.043229654059303665
0,0.8877210057566797,0.0193621116023991,0.09291688264092131
0,0.8403081993365189,0.01817747142888813,0.14151432923459298
0,0.9133412649506466,0.013768449384570468,0.07289028566478277
2,0.6123463503333914,0.026377616127592676,0.36127603353901605
0,0.8502385009303909,0.0346426345409982,0.11511886452861114
0,0.3581759464096119,0.08190950080301378,0.5599145527873745
0,0.6970855571586893,0.045628503906476006,0.2572859389348349
0,0.902273953603195,0.02445385746408578,0.07327218893271925
2,0.16242649858240063,0.07511295984748789,0.7624605415701113
2,0.18954089882885905,0.049572451714983735,0.760886649456157
0,0.5260385653914715,0.026824816996125076,0.44713661761240375
0,0.8815936965224056,0.01988510697552391,0.09852119650207053
2,0.6647653660340516,0.043604047619069795,0.2916305863468786
0,0.887109257112201,0.027104514363068325,0.08578622852473089
0,0.93986205365377,0.010917284807086963,0.04922066153914273
0,0.9443582218914018,0.011932803862143258,0.04370897424645503
0,0.9434389597662627,0.010565264360489669,0.04599577587324745
0,0.9481945599839696,0.010154136700500405,0.041651303315529804
0,0.4277013868604197,0.026177181091518772,0.5461214320480614
2,0.02242437413710434,0.027594417559346076,0.9499812083035498
0,0.7987476262726739,0.016330135825579076,0.1849222379017469
0,0.8221672682082485,0.026281492236345606,0.15155123955540578
2,0.41454334314843183,0.05658024237688086,0.5288764144746878
2,0.3753299345226194,0.05795596373769731,0.5667141017396837
2,0.5027400430170654,0.07413361583071801,0.4231263411522166
0,0.4875785820236074,0.09031517778413133,0.42210624019226123
0,0.8103201728507698,0.03084594737749128,0.1588338797717392
0,0.9463847852587942,0.010227961150255304,0.0433872535909504
0,0.528708009969367,0.10626668579798285,0.36502530423265045
2,0.6769005768269598,0.0204904696663886,0.30260895350665146
0,0.9481142015816412,0.011975339260599491,0.03991045915775938
2,0.06253764644967748,0.08319686409803494,0.8542654894522875
0,0.882008735735723,0.019601098814414297,0.0983901654498627
0,0.9048139506613403,0.01996351431210569,0.07522253502655435
0,0.3479921507954972,0.08890409159586055,0.5631037576086421
0,0.7445492146607322,0.01828994088203655,0.237160844457231
2,0.603840918346898,0.04238844405656452,0.3537706375965376
0,0.7876513062551309,0.0519254534264397,0.1604232403184293
0,0.8985660621712194,0.011745520095266268,0.08968841773351417
0,0.5902135790707892,0.06980591706313657,0.3399805038660738
2,0.9494374814603352,0.009774017902891332,0.04078850063677355
0,0.8291502984468927,0.011270023060558135,0.1595796784925491
0,0.459498114268839,0.08362598751348356,0.45687589821767727
1,0.07688776052713092,0.2715022141071076,0.6516100253657614
0,0.8886699246931202,0.019560579585187938,0.09176949572169177
0,0.9455248575706493,0.010938240625822436,0.04353690180352783
0,0.8699831817127954,0.009222100629374577,0.12079471765783004
0,0.8816491548666813,0.018041165313670636,0.10030967981964758
0,0.9477097710903135,0.010578863937921056,0.041711364971765356
0,0.9484658492139231,0.012195530827262487,0.039338619958814595
2,0.2007217501391999,0.0344072091511319,0.7648710407096679
2,0.4114153687370124,0.09794025916177063,0.490644372101217
0,0.9263137655794591,0.018629529721818826,0.05505670469872244
2,0.44524008738897564,0.08779987931542141,0.466960033295603
2,0.31271088759731197,0.1036778308972337,0.5836112815054544
0,0.849643545579379,0.009980862218460281,0.14037559220216075
0,0.9363235590433058,0.011199158138256839,0.05247728281843734
2,0.31890021544170877,0.03293895361704886,0.6481608309412423
0,0.6785736776851399,0.03592341411874288,0.2855029081961172
2,0.18528954702709455,0.063846759899717,0.7508636930731886
0,0.5858914683457941,0.1155219265342673,0.29858660511993895
2,0.04348521776336807,0.02341447692830024,0.9331003053083314
2,0.008195744785362419,0.006069973694536768,0.9857342815201008
2,0.015429956539173261,0.024944004933143072,0.9596260385276837
2,0.012675762474677199,0.010035508757373827,0.9772887287679493
0,0.9476377687644352,0.010679999440644296,0.04168223179492009
0,0.8777510550375497,0.007109500015480877,0.11513944494696958
1,0.40988336706212797,0.05255770400477112,0.537558928933101
2,0.03621945981943927,0.05501753391950495,0.9087630062610554
0,0.9377737967871982,0.01132950737583677,0.05089669583696497
2,0.4395384196850809,0.043192148611853075,0.517269431703066
0,0.20318545226757187,0.04178116928616384,0.7550333784462644
0,0.7341900555232633,0.02282848531535693,0.2429814591613798
0,0.9110444857941763,0.02202049920502284,0.06693501500080078
0,0.9458162348848246,0.010434583777239638,0.04374918133793575
0,0.920135339210128,0.009242413832080205,0.07062224695779143
0,0.4940947422192751,0.06050802901924854,0.4453972287614764
2,0.09530854234769606,0.060304549624861925,0.8443869080274417
0,0.9486117732709364,0.009999695166098894,0.04138853156296467
2,0.8325815849951584,0.006841238198438165,0.1605771768064036
2,0.03335694253025556,0.017293220438981013,0.9493498370307638
0,0.9485407151072636,0.010566812461785605,0.04089247243095037
0,0.9522003455101071,0.009857794313380965,0.03794186017651203
0,0.9469194065939102,0.010776687950552338,0.0423039054555376
0,0.9484658492139231,0.012195530827262487,0.039338619958814595
0,0.8744088274737172,0.016177852613212047,0.10941331991307059
0,0.9402292559021866,0.01201444207011856,0.04775630202769477
0,0.8866724429330853,0.02839616767054146,0.08493138939637339
0,0.9479874066189087,0.011766087117728348,0.04024650626336321
2,0.12480407381313938,0.07324944521397368,0.801946480972887
0,0.8366992698623799,0.015200637405136752,0.1481000927324826
2,0.11526231721115238,0.023321552748093343,0.8614161300407542
0,0.8653334266291839,0.01974006073391054,0.11492651263690556
2,0.23147414518998533,0.03394368479447487,0.7345821700155399
0,0.9162313983806977,0.023333942193929067,0.06043465942537369
2,0.04871643684439549,0.014715338594572703,0.9365682245610316
2,0.4208352732102006,0.08438190114258592,0.4947828256472134
0,0.8991025724000845,0.015419271194948707,0.08547815640496684
2,0.23832932080060534,0.06860030838641358,0.6930703708129811
0,0.951227297473806,0.010030155837399114,0.03874254668879493
0,0.8977872034954644,0.015143368625756604,0.08706942787877907
0,0.8556181967973779,0.013566762511687657,0.13081504069093414
2,0.5819555238999983,0.11259438305348826,0.3054500930465136
0,0.9432732078467181,0.011437877422797482,0.04528891473048453
0,0.3929777364820743,0.07881924338375032,0.5282030201341752
2,0.21746021164033086,0.079164186487674,0.703375601871995
2,0.028731563758796715,0.07297596559521179,0.8982924706459914
2,0.10807201462686936,0.0408277477139884,0.8511002376591423
2,0.03965360295674786,0.01946587561115696,0.9408805214320952
2,0.010446459055730866,0.02231496802227361,0.9672385729219958
0,0.8025910307400522,0.025980823812847234,0.1714281454471004
2,0.023729775077047995,0.044561145402150316,0.9317090795208015
2,0.3639373065158883,0.08504119245793924,0.5510215010261724
2,0.005210940410806065,0.012543836524565321,0.9822452230646288
2,0.06287122260567032,0.025995162954716166,0.9111336144396133
0,0.825850836662643,0.028907624108598096,0.14524153922875904
2,0.8303275106751576,0.015335429666042242,0.1543370596588001
0,0.8828181855872785,0.03083787831141216,0.08634393610130914
0,0.9437171024921345,0.011763386122291523,0.04451951138557366
0,0.8383379294323449,0.014120371713506759,0.1475416988541485
0,0.6269611307200968,0.029249733109938034,0.3437891361699651
0,0.6016102265804901,0.0279442630355257,0.37044551038398404
0,0.9480743032973911,0.011583066812555467,0.040342629890053716
2,0.09540586242096777,0.0951937180530004,0.8094004195260317
2,0.2954138886195149,0.076883078460685,0.6277030329198001
2,0.6419082711515799,0.033380692765508625,0.3247110360829115
2,0.12211729451334088,0.05034906954926842,0.8275336359373907
2,0.008250063417825733,0.02344688661989168,0.9683030499622824
0,0.9490518699409567,0.010493352494995244,0.04045477756404798
2,0.21554195060823664,0.029685799870706693,0.7547722495210568
2,0.009900338859712568,0.01761336151391365,0.9724862996263737
0,0.9464006956840806,0.012427215983885229,0.041172088332034104
0,0.888768222374162,0.01974944832729967,0.09148232929853828
0,0.8595784453136261,0.018321200866014763,0.12210035382035897
2,0.011483169637976959,0.012089101019970069,0.9764277293420534
2,0.13186279765837772,0.03572935703161662,0.8324078453100056
1,0.787768642706175,0.036249905861778745,0.17598145143204663
0,0.09622506760869069,0.029402118325031992,0.8743728140662772
0,0.8346727361176306,0.012001119540242144,0.15332614434212713
2,0.6476274038331975,0.031017434524662157,0.32135516164214023
0,0.9477097710903135,0.010578863937921056,0.041711364971765356
0,0.3632020304920437,0.09715194750388327,0.539646022004073
0,0.9343585774510972,0.010008484355772158,0.055632938193130234
0,0.4979599126723359,0.09737406705514848,0.4046660202725155
2,0.024054860324533085,0.028742156701411187,0.9472029829740558
2,0.005028849610722399,0.01182578553293015,0.9831453648563473
2,0.034466165004757465,0.025527776608445952,0.9400060583867965
2,0.8714130985596013,0.007350036749662629,0.12123686469073623
0,0.6075112018213652,0.047419948002723776,0.34506885017591105
0,0.3222391609452275,0.1751318789484377,0.5026289601063351
2,0.5989655909717102,0.03229689948548684,0.3687375095428028
0,0.8357683384180792,0.03907144444560221,0.12516021713631834
2,0.8093689855451337,0.01592441465441537,0.17470659980045072
0,0.9424301701622114,0.011124570307614646,0.04644525953017401
0,0.6774199441380393,0.02389786132788357,0.29868219453407685
2,0.5325790554348326,0.056460479576354736,0.41096046498881256
2,0.6713870452244047,0.036088217764021456,0.2925247370115738
0,0.9420359339023012,0.013084188107451216,0.04487987799024736
0,0.6199927162394705,0.02919900534635888,0.35080827841417056
2,0.260867074855942,0.041700073271641554,0.6974328518724165
1,0.31519445419696984,0.07164309613747603,0.6131624496655544
0,0.725086310980451,0.006971396207731464,0.2679422928118174
2,0.010627486690551396,0.015384819906281627,0.9739876934031675
0,0.8774793384090165,0.010471541595176477,0.11204911999580722
0,0.17650153518405748,0.05899704631147741,0.7645014185044647
0,0.9444628163804611,0.011225361096980187,0.04431182252255783
2,0.03804089680445311,0.0329705448027658,0.9289885583927815
1,0.4988498819567805,0.11848468566496541,0.38266543237825407
0,0.950102907954316,0.010070924539796062,0.03982616750588783
2,0.25486929569207184,0.03978332656454042,0.7053473777433873
0,0.8853206784850416,0.008414149691382645,0.10626517182357582
0,0.8940453055407925,0.02037918797772519,0.08557550648148257
0,0.7116149599942682,0.013773696109599016,0.27461134389613295
1,0.6005561419772402,0.08940970926309026,0.3100341487596691
2,0.01354422800372096,0.01413968520108671,0.9723160867951923
2,0.2692320077391905,0.08058244128377715,0.6501855509770325
2,0.2930159744989853,0.07312919527521737,0.6338548302257974
2,0.12802311100920577,0.04323297176933961,0.8287439172214547
2,0.1332137255469349,0.06855353382573146,0.7982327406273334
0,0.945168205994945,0.010063179747432472,0.04476861425762264
2,0.556828537047076,0.029435867859373258,0.41373559509355107
0,0.49179919865857513,0.05061471029509522,0.45758609104633013
1,0.42890017776053013,0.08634063536600521,0.48475918687346464
2,0.0542776792280993,0.035214208634633086,0.9105081121372675
0,0.8905245318731673,0.027950418032485932,0.08152505009434664
2,0.18128972551826916,0.0779760842649456,0.740734190216785
0,0.8939426735552874,0.020706216435012116,0.0853511100097003
0,0.5856798252454726,0.10259540912985725,0.31172476562467033
0,0.9165050886668412,0.018097183338447842,0.06539772799471055
2,0.05244358295794325,0.05108722358277178,0.896469193459285
0,0.9465006876732328,0.011819587455589756,0.04167972487117755
2,0.3856138220019151,0.07537355730025604,0.5390126206978286
0,0.9410353233615212,0.010547889755891085,0.04841678688258754
0,0.8580120433844878,0.022863174237819407,0.11912478237769276
2,0.12356742566735318,0.0761603006889439,0.8002722736437031
2,0.10598740110545508,0.03261476407540722,0.8613978348191371
0,0.7436207605163729,0.07654397150804972,0.17983526797557717
0,0.9207099929846743,0.020749027825098323,0.058540979190227445
0,0.9485329654003294,0.010291750297836024,0.041175284301834765
0,0.8827923400224703,0.007126450231778214,0.11008120974575167
2,0.9408783359254957,0.010761107596175946,0.048360556478328
0,0.9428227917830393,0.011511645811723177,0.04566556240523766
0,0.5037327641977707,0.11785717319421528,0.37841006260801413
0,0.5720430420636835,0.12153134347751021,0.30642561445880634
0,0.7571928576551675,0.016515196062500143,0.22629194628233204
1,0.5496485127889987,0.09346177467333984,0.35688971253766166
0,0.9485816914721644,0.010895903904003313,0.04052240462383199
0,0.42716801066983756,0.06733560387025728,0.5054963854599057
0,0.21940737165341184,0.06013537237054707,0.720457255976041
0,0.911980781958096,0.01347956426172496,0.0745396537801789
0,0.2257769890552615,0.05816422207108962,0.7160587888736482
0,0.9216800663577103,0.01696354371678788,0.061356389925501714
2,0.4907172256828763,0.04426497982686296,0.4650177944902607
2,0.15845039393313845,0.06321250463446505,0.7783371014323965
2,0.8950421028058598,0.016786252170142145,0.08817164502399771
2,0.12968544349468386,0.05774887535988099,0.812565681145435
2,0.8791297338532741,0.026039190658647127,0.0948310754880787
0,0.9501741779756505,0.009488054985690955,0.04033776703865827
2,0.4850880855076963,0.07448967193598276,0.44042224255632106
0,0.6081520275920373,0.08398813717626005,0.30785983523170196
0,0.9472059683612837,0.01053786650520343,0.042256165133512484
0,0.937811379696288,0.011753441146048446,0.0504351791576631
0,0.930657909300263,0.013977228219985163,0.055364862479751566
2,0.02223221900936796,0.02137895540934928,0.9563888255812828
2,0.7379649141521266,0.0465027053173764,0.21553238053049703
0,0.9502187075807667,0.010234438499442555,0.03954685391979089
1,0.6914141581388801,0.07469471104838724,0.23389113081273277
0,0.9439043824819033,0.009594805353623741,0.04650081216447299
0,0.7098440717704108,0.029715843833025404,0.26044008439656396
0,0.9290913672194497,0.009782071271226737,0.06112656150932347
2,0.15438830831069664,0.025679986215709362,0.8199317054735936
0,0.9386442076574275,0.01121758660364394,0.050138205738928424
2,0.3084388760696594,0.03645980484398122,0.6551013190863595
2,0.8024367277157735,0.016589346016209792,0.18097392626801656
2,0.08487044763752086,0.07374458510202295,0.8413849672604561
0,0.23591924244988874,0.054244067875749924,0.7098366896743614
2,0.014650627291951674,0.01218161507870119,0.9731677576293476
2,0.5730381254870971,0.12157229758081119,0.305389576932092
0,0.9147913883062497,0.02048113398777313,0.064727477705977
0,0.3975814596240138,0.06383123323065508,0.5385873071453309
0,0.899670506021,0.017108705151264485,0.08322078882773504
0,0.16437780086566026,0.04404570091760349,0.7915764982167364
0,0.9375658238177191,0.010313926759116621,0.052120249423163775
0,0.3906420930713962,0.031734061231236246,0.5776238456973674
1,0.16003797726859967,0.09675771893490684,0.743204303796493
0,0.641508387505498,0.022792027958513275,0.33569958453598864
0,0.8186768755383802,0.025642171988380928,0.1556809524732391
2,0.2732275436106995,0.06323987648900041,0.6635325799003002
0,0.40894154502932134,0.08364050236047182,0.5074179526102066
0,0.8538125064112616,0.008465610904111043,0.13772188268462718
0,0.9446339174167642,0.011208058164510091,0.04415802441872604
2,0.9479037347427994,0.010401092217474425,0.04169517303972623
0,0.948170565567266,0.011496253083391264,0.040333181349343016
2,0.1806386349870868,0.04717164302206098,0.7721897219908518
2,0.6890975044848809,0.054034322811722775,0.25686817270339635
2,0.060933920178261325,0.22492820219261153,0.714137877629127
2,0.016194202253671484,0.07595683533402565,0.9078489624123028
0,0.8009570410485269,0.02149273182057617,0.1775502271308968
0,0.8651501780178508,0.013298835533484724,0.12155098644866436
2,0.006426282818825459,0.005872988580623487,0.9877007286005508
2,0.367033027111833,0.08898874029055512,0.5439782325976121
0,0.8765076474402324,0.020408288962418104,0.10308406359734941
0,0.9442629532101855,0.012410712838715027,0.04332633395109978
0,0.618061730560597,0.04052609363906962,0.3414121758003334
0,0.48756668546326365,0.08544941113469846,0.4269839034020383
0,0.2906797927665988,0.13643606733383695,0.5728841398995643
0,0.8353504255017324,0.01906053412804999,0.14558904037021778
0,0.9481397248380745,0.00984460228943853,0.042015672872486656
0,0.8175320305507928,0.017798256913129962,0.16466971253607737
1,0.519937297509552,0.15768650123732522,0.32237620125312305
0,0.2318501737659929,0.08883464326396417,0.6793151829700431
0,0.8840242003333809,0.0189812796186812,0.09699452004793763
0,0.8043567140088591,0.046687025208841826,0.1489562607822992
2,0.004231901509563525,0.006244612234664255,0.9895234862557722
2,0.7300696128038522,0.06250309005470733,0.20742729714144098
0,0.3790018284405772,0.07970886230718205,0.5412893092522406
0,0.9416217790791284,0.010106026148227884,0.0482721947726432
2,0.12026819990300121,0.0433884345994092,0.8363433654975895
0,0.9476006555973407,0.010244869236402023,0.042154475166257255
2,0.004243875698434038,0.005407451880050933,0.990348672421515
0,0.9415925723330505,0.012871063736523714,0.04553636393042564
2,0.8932361804140356,0.01661008596278202,0.09015373362318206
0,0.5500120065645343,0.09963883495009754,0.3503491584853682
0,0.4326115331121734,0.05928188613748639,0.50810658075034
2,0.008048215126053646,0.010121608808601997,0.9818301760653442
0,0.9459370916412134,0.010880298451075332,0.0431826099077114
0,0.9355824642577005,0.009252160656422575,0.05516537508587664
0,0.8243957598288448,0.03100306772748989,0.1446011724436651
2,0.02233324542095663,0.027246107195110166,0.9504206473839334
0,0.5709329060050365,0.027866604886642565,0.4012004891083208
