target,prediction_0,prediction_1,prediction_2
2,0.049705851670526345,0.026554296160798904,0.9237398521686747
0,0.9652860713777409,0.010330860089991553,0.024383068532267706
0,0.9785612642736705,0.006583618348197334,0.01485511737813208
2,0.14798845573329933,0.08292812826825871,0.769083415998442
0,0.8734356499709102,0.012959234851308262,0.11360511517778157
0,0.812839295944417,0.0036167619335931455,0.18354394212198988
0,0.8384366784040675,0.04210541131577914,0.11945791028015322
2,0.019205447338153502,0.022604274867322995,0.9581902777945235
0,0.9825838992288595,0.0014262916637791962,0.015989809107361284
1,0.31084483468261126,0.05946674158162191,0.6296884237357668
2,0.02270714928657375,0.008128337813146742,0.9691645129002796
0,0.8782880616710312,0.015953152891189988,0.10575878543777881
0,0.9224224256418816,0.014317784899622817,0.0632597894584956
0,0.8762956276279809,0.018408690612579555,0.10529568175943965
0,0.9097609644619488,0.03670973693387428,0.05352929860417693
2,0.380163110591552,0.10418144352532874,0.5156554458831193
0,0.9166211314419087,0.0039047919648765713,0.07947407659321476
2,0.6964744151723508,0.09975096655187655,0.2037746182757727
0,0.9449666925874082,0.01393467924586234,0.0410986281667295
2,0.16997471759094204,0.05758557344154187,0.7724397089675161
0,0.9384645501854417,0.022238956413671566,0.03929649340088679
1,0.4016708488432516,0.11979504804666548,0.47853410311008304
2,0.038093890049518395,0.0073651132402873885,0.9545409967101942
0,0.9350143423816536,0.009581008470148733,0.055404649148197864
0,0.5601851312146134,0.063240147400996,0.3765747213843906
0,0.9411114395264454,0.008597422798759451,0.0502911376747952
0,0.9513207882182478,0.00937968239870566,0.039299529383046344
0,0.9686288785732748,0.010599552892445498,0.02077156853427959
0,0.35174773850885804,0.046913705601077,0.6013385558900649
0,0.9183400468504318,0.021704900883120937,0.05995505226644708
2,0.048232135329388554,0.04985400698114618,0.9019138576894653
2,0.26425227748712893,0.03097958509267002,0.7047681374202012
0,0.254801061282822,0.16789643879348237,0.5773024999236956
2,0.35351895305764525,0.06466530981401045,0.5818157371283443
0,0.7584222286293398,0.15152472865508246,0.0900530427155778
2,0.07072395607855472,0.018522386998840967,0.9107536569226042
2,0.3853732444054974,0.018755361822548364,0.5958713937719541
0,0.9359391982632929,0.02587013562935348,0.038190666107353534
0,0.2710039448588682,0.057821410865839445,0.6711746442752924
0,0.6857226029950261,0.045326406541459974,0.2689509904635139
0,0.8251536488741968,0.015487309588751197,0.15935904153705197
2,0.11300745928257133,0.3200776799840319,0.5669148607333967
0,0.8708616744368955,0.006371267151906146,0.12276705841119825
0,0.9706107002451132,0.0029003244301383695,0.026488975324748622
0,0.9321031687971044,0.006006431198790348,0.061890400004105124
0,0.7109399783256127,0.11826611806015215,0.17079390361423522
0,0.9397038615799023,0.002146890296930591,0.05814924812316732
2,0.8402805399604979,0.027222457269664917,0.13249700276983709
0,0.9061439862833967,0.0043042805316945475,0.0895517331849088
2,0.3857451608340727,0.11031583097397685,0.5039390081919506
0,0.945086869193872,0.02368304999262504,0.03123008081350298
0,0.9740872051075901,0.008973980255211813,0.016938814637198034
2,0.035621896763491985,0.007283814320834712,0.9570942889156733
2,0.34263563508349554,0.03837764409185304,0.6189867208246514
2,0.138440348228597,0.020479774623092698,0.8410798771483103
0,0.7668139301973189,0.005895883391329173,0.22729018641135196
0,0.8881861613277149,0.07877504484601203,0.03303879382627306
0,0.751889710822639,0.08933852051918761,0.15877176865817358
0,0.9628112528008459,0.0033685919722993693,0.03382015522685482
0,0.8265464958169706,0.08650638009189705,0.08694712409113234
1,0.8239575616422562,0.03768843656383804,0.13835400179390567
2,0.8309525442611592,0.017355764621084988,0.15169169111775574
0,0.9205200602716882,0.018294816890580424,0.061185122837731254
2,0.11187307063958572,0.014906532747050371,0.8732203966133639
2,0.07787800827026668,0.04898575075027463,0.8731362409794587
2,0.02181849130363825,0.013310207439120283,0.9648713012572415
1,0.9196976194010914,0.005455002527776994,0.07484737807113163
2,0.42949516088847517,0.028092250785757375,0.5424125883257674
2,0.06559558188342073,0.10828859066770244,0.8261158274488768
0,0.9471290614960246,0.006731986397402914,0.04613895210657259
0,0.9896417910104174,0.003545187161011861,0.006813021828570813
0,0.8375739256616103,0.012137947182479451,0.1502881271559102
0,0.9598043481498212,0.006464684056475816,0.033730967793703076
0,0.9266807000345936,0.03237938566398355,0.04093991430142279
2,0.007287161646452151,0.005843113127655468,0.9868697252258924
2,0.022852917041511593,0.005355955552232064,0.9717911274062564
0,0.9659822071723255,0.0008759414594144726,0.03314185136826012
0,0.5769456272859853,0.033542452033932385,0.38951192068008245
0,0.9349451396430805,0.005632726204530459,0.05942213415238908
0,0.7126315108468755,0.016716909004633372,0.2706515801484911
0,0.6693604291652396,0.09112927947209724,0.23951029136266316
2,0.8565766975818612,0.02311302260809995,0.12031027981003878
1,0.5932393942508942,0.008448454455955262,0.3983121512931507
0,0.8536997448819216,0.02209012787023066,0.12421012724784784
0,0.8056365434646294,0.02735797357783139,0.16700548295753936
2,0.506370283075671,0.04544170850034621,0.4481880084239827
0,0.9499282008802592,0.0032930740675783583,0.04677872505216257
2,0.07206237402999625,0.04075760332407103,0.8871800226459328
0,0.9522996213690317,0.007903678794954998,0.03979669983601333
0,0.9047329168251624,0.013762123402029392,0.08150495977280821
0,0.7118497318719136,0.0026519629749490654,0.2854983051531374
0,0.8408113601107368,0.029240915074506244,0.12994772481475703
0,0.9267963704154266,0.03680684693178458,0.03639678265278898
0,0.9735104012154829,0.012635277677367676,0.013854321107149346
0,0.9723746930771534,0.0037590911554272917,0.023866215767419395
0,0.9549930408192803,0.013804331779524255,0.031202627401195372
0,0.9681231857049565,0.0027693114578602844,0.02910750283718312
2,0.010702928965345384,0.018471145660500073,0.9708259253741546
0,0.9598849058826616,0.017991399480937493,0.02212369463640088
0,0.5137215819728542,0.04774569321157673,0.438532724815569
2,0.03229677232946812,0.05906370485692821,0.9086395228136036
2,0.008617468830133843,0.001593894933540276,0.989788636236326
2,0.03294206799615762,0.01344872845400799,0.9536092035498344
2,0.0323198039301432,0.046339963385824696,0.9213402326840322
0,0.9315805779929975,0.011605105652830393,0.05681431635417204
0,0.970580600301043,0.014084775622433333,0.01533462407652368
0,0.9630885033045973,0.01192138815959512,0.02499010853580742
2,0.5501248336335818,0.03737892740796597,0.4124962389584521
0,0.5052823191093756,0.043286129784290764,0.45143155110633354
2,0.08235473026866792,0.12385671372752723,0.7937885560038047
0,0.9093957562041992,0.035136337867567785,0.05546790592823302
2,0.19087926095086383,0.10819657543906132,0.7009241636100749
0,0.943867261835827,0.010581756159687943,0.04555098200448515
2,0.06642418464766274,0.07427260953616983,0.8593032058161675
0,0.9471712309461819,0.0024470795350909065,0.050381689518727304
0,0.8330037429411534,0.01261444403814443,0.15438181302070217
0,0.9476408167086499,0.00978034414642136,0.042578839144928646
0,0.9588757537907407,0.005887363904131586,0.03523688230512777
0,0.9401176879933536,0.02242423722250871,0.03745807478413759
2,0.5749303486175384,0.013300493715893456,0.411769157666568
0,0.845883854467337,0.021905898198803262,0.1322102473338598
0,0.942861251766055,0.01725222510249109,0.03988652313145393
0,0.7510124598792268,0.06197237875482166,0.18701516136595162
0,0.9740944604036237,0.0017261881815354586,0.024179351414840806
0,0.44504152404559605,0.007843045905041795,0.5471154300493621
0,0.6586090238531156,0.0463787925703076,0.2950121835765768
0,0.9321441967232784,0.013456516163681619,0.05439928711304003
0,0.9393332950924594,0.010457576221522573,0.050209128686017936
2,0.13136772924908358,0.049707929769860076,0.8189243409810564
0,0.9472761386818154,0.01106780402783067,0.04165605729035395
2,0.15567261614845393,0.02272912330780882,0.8215982605437372
0,0.89968084286106,0.0058840567199091864,0.0944351004190309
2,0.01893135377055111,0.032478539472777124,0.9485901067566718
0,0.9596389372984743,0.013040036550278437,0.027321026151247207
2,0.5409018745015992,0.17768696424571578,0.281411161252685
2,0.3099986206028931,0.03344903103561386,0.6565523483614931
0,0.7828069762094362,0.013054283878943735,0.2041387399116201
0,0.9939492030378715,0.0009109951958931785,0.005139801766235448
0,0.9244048698550771,0.04472065979983421,0.030874470345088816
2,0.43305208653934935,0.02977244908843538,0.5371754643722152
0,0.45496815387908035,0.141420919458322,0.4036109266625977
0,0.26677538466671447,0.09067553873702316,0.6425490765962625
0,0.8926790034729789,0.028055415400469824,0.07926558112655123
0,0.7475637988735175,0.027320500847596147,0.22511570027888642
0,0.8437025539367505,0.04906096242856011,0.10723648363468934
0,0.9360069891769028,0.0018568455995611767,0.06213616522353594
2,0.08774365057590133,0.06436857324832904,0.8478877761757696
0,0.9340936271377613,0.011486763054016061,0.054419609808222705
0,0.9412932683322075,0.024276560021584393,0.03443017164620822
2,0.2815896706333218,0.18002980561198595,0.5383805237546923
0,0.9661192139381366,0.003678555162589383,0.030202230899274048
2,0.4401327658806726,0.06256576387754323,0.49730147024178417
0,0.9541404851904473,0.007643507671707522,0.03821600713784522
0,0.9346388262687457,0.008111291305456236,0.057249882425798
0,0.5625257028632248,0.033772921759868804,0.40370137537690653
0,0.8734028388668371,0.011394907094159674,0.11520225403900318
2,0.012136976862299602,0.00594342902049172,0.9819195941172086
2,0.0397672770660616,0.022031616025543738,0.9382011069083945
2,0.6978505463264699,0.012309959563537,0.28983949410999305
0,0.952551754685317,0.006127694999294219,0.041320550315388734
0,0.079206407958751,0.028717456145780924,0.8920761358954681
0,0.9776703567308083,0.001665216296298071,0.02066442697289356
2,0.8560072647119608,0.009080461545032253,0.13491227374300707
2,0.7740690698661409,0.03758923801153464,0.1883416921223245
0,0.886654853507409,0.005640787895169512,0.10770435859742145
2,0.27520023932376814,0.10159003711589255,0.6232097235603392
0,0.9593217611803613,0.01050689399444322,0.030171344825195706
2,0.021456413925144833,0.009703968844481473,0.9688396172303738
2,0.7941241516438556,0.011275399258603252,0.194600449097541
0,0.872497313887708,0.014657953919316121,0.11284473219297589
0,0.6854191779269361,0.08292844306206475,0.23165237901099922
1,0.16141480095836605,0.040123278916346615,0.7984619201252874
2,0.19220738206817117,0.0709561892350678,0.7368364286967611
0,0.7988035551451319,0.054135476695920594,0.14706096815894742
2,0.05310099735165501,0.10332400082302015,0.8435750018253249
2,0.03482450438798659,0.03129428957134879,0.9338812060406646
0,0.9615130839306443,0.006272297870234975,0.032214618199120686
0,0.04273677667126237,0.037263518986152204,0.9199997043425854
2,0.10927447204758546,0.010420989215348685,0.8803045387370658
0,0.877411847142647,0.0035993505614570456,0.11898880229589615
0,0.36818805771589297,0.07146931763181753,0.5603426246522896
0,0.55757281776436,0.08924265540711493,0.3531845268285252
2,0.005815670132912253,0.002676239635735202,0.9915080902313526
0,0.9717171662094282,0.0022024911961586176,0.02608034259441319
2,0.2733835780423778,0.06440334453005954,0.6622130774275627
2,0.43312262345785163,0.05045027873826716,0.5164270978038812
1,0.4811672715714083,0.09677183186597403,0.4220608965626177
0,0.5382913425515736,0.0441813797121656,0.4175272777362608
2,0.5057697637583792,0.012218573700063984,0.4820116625415568
2,0.3271878910404123,0.27690480773947335,0.3959073012201144
0,0.5841733127876659,0.10375512284797164,0.3120715643643624
0,0.9438521648874042,0.010027885827058325,0.04611994928553743
0,0.7462644388006974,0.07121573871230491,0.18251982248699758
2,0.17176121788730217,0.023248111901572933,0.8049906702111248
2,0.3342440695162839,0.046615810662646195,0.61914011982107
0,0.9667740857289152,0.005902989388843931,0.02732292488224096
0,0.6935939533022457,0.05772655316287323,0.24867949353488117
0,0.9470038120792907,0.011095845436080626,0.041900342484628615
2,0.9160171672410824,0.018089668851467677,0.06589316390744993
0,0.9661547285568354,0.00827472556725149,0.02557054587591309
0,0.9416110580003715,0.004472861394071887,0.05391608060555676
0,0.9691427217937182,0.0075705931656129604,0.023286685040668876
2,0.7914333258234789,0.011988963981829361,0.19657771019469172
0,0.9689634106216869,0.008712066356937463,0.022324523021375654
0,0.919165806261788,0.0027163801802658843,0.07811781355794625
0,0.2578010793485245,0.05418675470038312,0.6880121659510924
0,0.9111646562869516,0.007194086949386595,0.0816412567636618
2,0.6145749314796969,0.026413469344904676,0.3590115991753983
0,0.954133484558684,0.009637424218983715,0.036229091222332324
2,0.16589674568687254,0.037251670834631226,0.7968515834784962
0,0.8997952794631855,0.0453906603650052,0.05481406017180937
2,0.8726747135067283,0.03950935071173564,0.08781593578153593
2,0.09027539261230694,0.10443709141348693,0.8052875159742062
2,0.059822389640532436,0.018866506581883536,0.9213111037775841
0,0.5022688272141744,0.11473598055636765,0.382995192229458
0,0.9145854931128337,0.0236067661399853,0.061807740747180984
0,0.9338414888268112,0.004594446680045869,0.06156406449314285
0,0.9090985257510081,0.0393452079869472,0.051556266262044625
2,0.5333113231977497,0.020107417728890936,0.4465812590733594
0,0.9503475809596004,0.010357348304689599,0.03929507073570998
0,0.20352998384890097,0.13199197359686704,0.664478042554232
0,0.9923754392251097,0.00031707516866528996,0.007307485606224885
2,0.9390622901949811,0.008061252711019574,0.052876457093999234
2,0.7267760781961385,0.026582026206805186,0.24664189559705632
2,0.01038280674418958,0.012064801645967646,0.9775523916098428
0,0.970492684323202,0.003027475326359869,0.026479840350438065
0,0.9062899727202126,0.04542419889365158,0.04828582838613581
2,0.3892930932003389,0.11074194292277426,0.49996496387688694
2,0.07673322650730358,0.05954653876373831,0.8637202347289581
2,0.07595511727881715,0.020221624467255665,0.9038232582539273
0,0.9053910243093116,0.0048880702441329565,0.08972090544655559
2,0.07537312143769723,0.01490261817821015,0.9097242603840927
0,0.803905724253819,0.040889460161520556,0.15520481558466048
0,0.937256929217823,0.016875962417845048,0.04586710836433188
0,0.5207460655426938,0.05742590317058155,0.4218280312867246
0,0.766508510464991,0.024750218237007012,0.208741271298002
2,0.47305848743359186,0.009684507293602812,0.5172570052728054
2,0.8929835618748576,0.0056716106125900044,0.10134482751255237
0,0.9852888635710572,0.002244882573434275,0.012466253855508695
2,0.2951157628448467,0.043323753273313566,0.6615604838818397
2,0.07597410429225594,0.07086492129689238,0.8531609744108517
0,0.6784942970213976,0.012367046366299098,0.3091386566123033
0,0.9376948447248378,0.002622437982703863,0.059682717292458554
0,0.9768347797897935,0.0014256022593575896,0.021739617950848875
0,0.8294901395668587,0.01031495843020685,0.16019490200293443
2,0.015892937321155102,0.004942667266822212,0.9791643954120226
0,0.32897733990402755,0.06633185051161675,0.6046908095843557
0,0.8598676047121471,0.01703654020992969,0.12309585507792331
2,0.027452774723916745,0.0057359876512567,0.9668112376248265
0,0.867692486863094,0.005377050346586502,0.1269304627903194
0,0.12712846887127224,0.053297673409243254,0.8195738577194844
2,0.08274975063413798,0.008402352856356989,0.908847896509505
2,0.03684528024899631,0.019311851099038598,0.9438428686519652
1,0.5827423223067032,0.005250281700278684,0.4120073959930181
0,0.9725136579121338,0.005943596206470932,0.021542745881395348
0,0.9633572514951376,0.010724490700431783,0.02591825780443047
2,0.16123062482383244,0.04855428650339326,0.7902150886727742
0,0.9249666451921418,0.005573273830416982,0.06946008097744115
0,0.9843399360178918,0.0005579105457105843,0.01510215343639768
1,0.17193488042435173,0.3842573462020971,0.4438077733735511
0,0.9061808403759807,0.024027838601351402,0.06979132102266795
2,0.4462201526983381,0.07087266842624915,0.4829071788754128
0,0.4683203273221886,0.0377985395350849,0.4938811331427264
0,0.9701146356227819,0.0058238408101399085,0.024061523567078212
2,0.23062230469730863,0.11192514163453957,0.6574525536681518
0,0.5555979075279183,0.09512064922660328,0.34928144324547833
0,0.5268702341097531,0.18335622521943304,0.2897735406708138
0,0.6698221154848873,0.0301055613046676,0.3000723232104451
2,0.7862471085974305,0.04378521894563884,0.16996767245693065
2,0.07137843945741362,0.01964661181537396,0.9089749487272124
0,0.844698093793344,0.09931510263180737,0.05598680357484866
2,0.09507995537812323,0.0169437177438485,0.8879763268780283
0,0.8998604196177697,0.01371506003577378,0.08642452034645644
2,0.3117122428072739,0.15704682603540165,0.5312409311573245
0,0.8703135815708074,0.009406741078825956,0.12027967735036645
0,0.8703153797211346,0.02966038026175747,0.10002424001710813
2,0.8637233082022048,0.02235753071563968,0.11391916108215562
0,0.5769904203387488,0.08827751648224215,0.3347320631790091
2,0.3543295396207892,0.015880580599035063,0.6297898797801759
0,0.949012188689289,0.008854950734056417,0.04213286057665449
2,0.9560242398430397,0.005437892933828739,0.03853786722313146
0,0.8819630669901728,0.04491095363297549,0.07312597937685163
0,0.9387407920808801,0.00477379878469607,0.05648540913442377
0,0.5892777409604817,0.09412506188617414,0.31659719715334417
0,0.9483918134088876,0.012116427774579585,0.03949175881653281
2,0.053404279480542875,0.03891312617999043,0.9076825943394666
0,0.7900841631086166,0.0190188159995678,0.19089702089181554
0,0.9196485153792066,0.001456137508939194,0.07889534711185432
2,0.03113672750954785,0.004025994818319423,0.9648372776721327
0,0.9679450192679785,0.013088811773681064,0.018966168958340402
0,0.9561757373586272,0.005799451664411249,0.03802481097696178
0,0.9268973431530296,0.03111340125051598,0.04198925559645431
2,0.07536059608432293,0.023511073079429033,0.901128330836248
2,0.015405176631221052,0.008782024387877278,0.9758127989809016
2,0.15743402707130882,0.02660103660351156,0.8159649363251795
2,0.06845952974781803,0.04240879357353431,0.8891316766786476
2,0.2712242557342498,0.0069362748432408245,0.7218394694225094
2,0.5075311393367602,0.044820049714789735,0.44764881094845016
0,0.9081282948331434,0.01218258788355538,0.0796891172833012
0,0.9573881423527737,0.004709218902358087,0.03790263874486817
0,0.9395857679476936,0.00832510622078705,0.052089125831519395
1,0.4677802044625534,0.20261244821222976,0.3296073473252168
1,0.8684902556365109,0.024290703211086388,0.10721904115240255
0,0.8885032053297668,0.016644976117998193,0.09485181855223496
2,0.03967037846219998,0.04207559187616407,0.918254029661636
2,0.6725727063259219,0.01669177253098591,0.3107355211430921
0,0.6399497617318447,0.11444283484135433,0.2456074034268009
0,0.977087851798917,0.0017736948321130197,0.02113845336897012
0,0.9432839275775872,0.005973356432178314,0.050742715990234534
2,0.015483778035143982,0.013041025149835449,0.9714751968150205
0,0.16439714797564325,0.004062290176593908,0.8315405618477629
0,0.8106756524763442,0.014709380256850214,0.17461496726680553
0,0.8626653302360436,0.021923827531077328,0.11541084223287898
2,0.6098880370444643,0.008642661045365964,0.3814693019101698
0,0.9447955882254138,0.018474772886208676,0.036729638888377616
0,0.9529081992442944,0.008447048549107185,0.038644752206598534
0,0.6303783342188697,0.24239154742401353,0.12723011835711687
0,0.936760978192113,0.005692937715581939,0.05754608409230511
0,0.8925199976797784,0.007202697184249889,0.10027730513597158
2,0.6959568931760548,0.09310572763079523,0.21093737919314998
0,0.9483767941685389,0.0065444647041538575,0.045078741127307226
0,0.8897299061928662,0.019574509628145477,0.09069558417898835
0,0.9478468588769271,0.016213532356894867,0.03593960876617823
2,0.6355180864959618,0.02088360379215385,0.3435983097118844
0,0.34748306761563136,0.013653931678267941,0.6388630007061007
0,0.6536730858689461,0.05276886411422498,0.29355805001682883
2,0.023985263602790952,0.012510866691028603,0.9635038697061804
0,0.829547409716635,0.013733203690763059,0.1567193865926019
2,0.20945343550778134,0.0997501683515213,0.6907963961406974
2,0.5876804574055882,0.07681512988834778,0.33550441270606396
0,0.8999247612713889,0.0187826435029976,0.08129259522561369
0,0.8741371991992265,0.024547314319204663,0.10131548648156877
0,0.7587484186977823,0.017342292348455114,0.2239092889537627
2,0.25054075131085457,0.07412348488865152,0.6753357638004939
0,0.9165042368218246,0.04443256455143486,0.03906319862674073
2,0.88764684661365,0.02710989742545774,0.08524325596089231
2,0.2871761009850953,0.027745756078165113,0.6850781429367397
0,0.9776240782806151,0.003950128526127157,0.01842579319325758
0,0.9480795069290843,0.006616861795000098,0.04530363127591553
2,0.06951496411584604,0.08001605959291472,0.8504689762912393
0,0.6704333818627853,0.07397260461580098,0.2555940135214136
0,0.5210880726442978,0.006202315726946806,0.47270961162875536
0,0.6738223072742193,0.04149121038452845,0.2846864823412521
0,0.9231183815440382,0.012128236258189472,0.06475338219777234
0,0.8561612762620435,0.01426995515963005,0.1295687685783266
2,0.09277925050253193,0.05938253169054711,0.8478382178069208
0,0.9334861048273242,0.003694034673129416,0.06281986049954635
0,0.8283450644486551,0.06440150667721972,0.10725342887412521
1,0.38730090969108405,0.12848458042559519,0.4842145098833209
0,0.64037501307225,0.005239919209492034,0.3543850677182578
2,0.31595617109700175,0.012297074905802546,0.6717467539971956
2,0.26254402308377583,0.06783390115546269,0.6696220757607615
0,0.9560981470182123,0.009146959428576443,0.03475489355321138
0,0.9775934539599934,0.0022647219952457325,0.02014182404476097
2,0.04309722434626424,0.007087608213162532,0.9498151674405733
0,0.8848138052658029,0.0070047525595458,0.10818144217465121
2,0.04723489831014635,0.017943387444414767,0.9348217142454388
0,0.9770711124552353,0.0019056191371620687,0.02102326840760266
0,0.9005284932007811,0.02815368173087058,0.0713178250683482
0,0.7434811484862981,0.02269331717337204,0.23382553434032977
0,0.9804785874527089,0.0065301430243801025,0.01299126952291117
2,0.44634804745709766,0.02927503332110438,0.5243769192217981
0,0.9581596763678374,0.00441948883932113,0.03742083479284147
0,0.960129323837478,0.009101502453202057,0.030769173709319936
0,0.7994872224624028,0.007963284563415517,0.19254949297418164
0,0.8899721818826022,0.01537419410267877,0.09465362401471905
2,0.5977194804590009,0.03674936652316769,0.3655311530178313
0,0.6280618196742475,0.10961713981033375,0.2623210405154187
0,0.6292187475297358,0.0206700804867807,0.3501111719834834
0,0.7469934348865274,0.04635199804973111,0.20665456706374152
0,0.8929176655764297,0.015072408752508083,0.09200992567106213
2,0.19249844001418562,0.025241483239900876,0.7822600767459135
2,0.18996406693191628,0.05295158511813169,0.7570843479499519
0,0.8178612837186388,0.020796009056673476,0.1613427072246878
0,0.9453568384974247,0.018536933661283686,0.03610622784129168
2,0.5453900245584875,0.08552607444787863,0.3690839009936339
0,0.8790711356804375,0.06050121880733192,0.0604276455122307
0,0.9603971295388183,0.006384528913913806,0.03321834154726775
0,0.9164091887250746,0.01489276949214731,0.0686980417827782
0,0.9689945529093036,0.004880792283400814,0.026124654807295443
0,0.9730881582430678,0.0073084983025754275,0.01960334345435685
0,0.6244358112356477,0.043957353849472684,0.3316068349148796
2,0.030859893215889386,0.014357357590383283,0.9547827491937273
0,0.7676670983096414,0.014545858247900952,0.21778704344245767
0,0.8584299247335537,0.03686617874398618,0.10470389652246018
2,0.23805243982868232,0.03529650543747699,0.7266510547338406
2,0.24194307816334304,0.031066167697343345,0.7269907541393136
2,0.3082653946862442,0.06640840917283701,0.6253261961409188
0,0.43870632721424047,0.007784889260512094,0.5535087835252476
0,0.8129694750850678,0.05494397748324463,0.13208654743168743
0,0.9398907667978753,0.011633137812037822,0.04847609539008692
0,0.8418977528092919,0.023576140309416658,0.13452610688129132
2,0.8837396513321879,0.01380312012558929,0.1024572285422227
0,0.9727948057744601,0.013653489443305996,0.01355170478223394
2,0.057171033719871686,0.03260037284750627,0.9102285934326221
0,0.937386071686784,0.00994942273749494,0.052664505575721186
0,0.921695666692762,0.012726493874150473,0.06557783943308734
0,0.43149815222507154,0.029258977712589198,0.5392428700623393
0,0.7746134437342513,0.010117729554957256,0.21526882671079145
2,0.7075505902163095,0.09983051485657683,0.19261889492711365
0,0.7857384191006416,0.0999684876042634,0.114293093295095
0,0.6982223274704407,0.00839708801523975,0.29338058451431964
0,0.5843003238476819,0.028104427360076446,0.3875952487922416
2,0.9007728265319913,0.0014535342433565706,0.0977736392246522
0,0.7930436553954365,0.0019668232780716273,0.20498952132649184
0,0.5356650575372822,0.12314182860456709,0.34119311385815076
1,0.07535212388078869,0.23176696368707572,0.6928809124321357
0,0.9392231443110368,0.027896818794831357,0.032880036894131874
0,0.9864284998555652,0.005446025674491498,0.00812547446994329
0,0.906097739575286,0.01774352833575967,0.07615873208895435
0,0.9165751515206374,0.00667176486845045,0.0767530836109121
0,0.9399463805170848,0.006221897011150133,0.05383172247176513
0,0.9609089124410052,0.0026718635216243956,0.036419224037370385
2,0.07141416054342835,0.009805233350080194,0.9187806061064914
2,0.19921874342983806,0.049877905738341624,0.7509033508318202
0,0.9361284107378726,0.015566112127745729,0.04830547713438173
2,0.3641619139063033,0.03854340837685779,0.5972946777168389
2,0.08846314465251356,0.06681845175240947,0.844718403595077
0,0.7807802059884522,0.005045991747124745,0.2141738022644229
0,0.9348983749623553,0.012864550495393508,0.05223707454225132
2,0.18648135000761487,0.05123814519673145,0.7622805047956538
0,0.6447220337932816,0.02134614609188467,0.33393182011483385
2,0.08530191757342126,0.020302316956707547,0.8943957654698711
0,0.5803085771604873,0.047110390079983536,0.3725810327595291
2,0.11337131111684146,0.06571671642922741,0.8209119724539312
2,0.021729905341578447,0.018795813015941108,0.9594742816424805
2,0.00466188097231439,0.007762368969703243,0.9875757500579825
2,0.040797691259493084,0.016857285027653733,0.9423450237128531
0,0.9689506578270698,0.005508851099105703,0.025540491073824525
0,0.8873483414664227,0.006675655768616039,0.10597600276496139
1,0.26230109907217347,0.06245910588350837,0.6752397950443181
2,0.09110269239956764,0.07020809534542044,0.838689212255012
0,0.929209036509839,0.013666521305645708,0.057124442184515394
2,0.5108922532709217,0.07138804764089746,0.4177196990881809
0,0.16570810248942514,0.023846457626510064,0.8104454398840648
0,0.7314323444802743,0.01808570874640077,0.2504819467733249
0,0.7869736463656962,0.05082600718081793,0.16220034645348586
0,0.957221876127425,0.002153127353098755,0.04062499651947622
0,0.9193190236824619,0.007712950720406139,0.0729680255971319
0,0.5415241766083017,0.04043165282223113,0.4180441705694672
2,0.1956761890129592,0.07824099773460165,0.7260828132524392
0,0.9440435753752174,0.010323895106175231,0.04563252951860747
2,0.8672890850017128,0.02089497154722834,0.11181594345105882
2,0.02356974591592128,0.01906676383302428,0.9573634902510544
0,0.979803719555164,0.005337943610845718,0.01485833683399037
0,0.9685725115192579,0.011340109173091384,0.020087379307650786
0,0.9528654286240512,0.012061429615238256,0.03507314176071055
0,0.9451301649465595,0.019712848531917147,0.035156986521523284
0,0.9800362749289774,0.003957456022513456,0.01600626904850921
0,0.9660593197070599,0.012056611248276542,0.021884069044663494
0,0.930289747626407,0.02640800803103289,0.043302244342560074
0,0.9610539824921093,0.005938990048813582,0.033007027459077146
2,0.1421006969986806,0.07818365062287194,0.7797156523784474
0,0.7147124932470607,0.14224016242480594,0.14304734432813337
2,0.040690096627885315,0.05186406824004202,0.9074458351320728
0,0.8711559894590567,0.0058786923690126655,0.12296531817193067
2,0.2500384264139147,0.015543749134276492,0.7344178244518087
0,0.6202823376898428,0.3387197913506812,0.04099787095947605
2,0.0036446142356098875,0.005053375514269985,0.9913020102501201
2,0.47645654845175844,0.08216161232983814,0.44138183921840346
0,0.9301531016358328,0.00981708623199033,0.06002981213217697
2,0.1578822626990704,0.013194511948624369,0.8289232253523053
0,0.9698154827735623,0.005086907385250056,0.025097609841187692
0,0.9524273991924009,0.0034430758828868716,0.044129524924712116
0,0.8739851548837322,0.012815856048902763,0.11319898906736499
2,0.553564236951111,0.17276415427753866,0.2736716087713504
0,0.9731819232121265,0.012968519355259197,0.013849557432614273
0,0.4012248961961354,0.020650271996429884,0.5781248318074348
2,0.05316634981614089,0.05430822948656485,0.8925254206972942
2,0.04396389876307049,0.07027841540237229,0.8857576858345572
2,0.16254483722470855,0.05897885848017304,0.7784763042951184
2,0.05297772404439449,0.013111737863031738,0.9339105380925737
2,0.013118529319331855,0.00537648990534033,0.9815049807753278
0,0.881305379336989,0.013002922938105822,0.10569169772490503
2,0.011680564367788162,0.015449958183121943,0.9728694774490899
2,0.46760655980854193,0.06947942560774452,0.4629140145837136
2,0.009102947688302042,0.01243796758549824,0.9784590847261997
2,0.02657025902876419,0.011244543848976177,0.9621851971222597
0,0.9152195235973932,0.03990036739134946,0.04488010901125721
2,0.8225874904857896,0.01778692397512402,0.1596255855390864
0,0.8939745777568443,0.04916401910695604,0.05686140313619964
0,0.9257362646197036,0.008193417233695443,0.06607031814660098
0,0.8538490022410848,0.05349480929263798,0.09265618846627716
0,0.6406032943715446,0.05077269013185817,0.3086240154965971
0,0.67715674486741,0.01968212162941823,0.3031611335031718
0,0.9764320165966365,0.011392350716634931,0.01217563268672862
2,0.07796713320566627,0.09843410490428488,0.8235987618900488
2,0.4448672372516332,0.053132599550536126,0.5020001631978307
2,0.7475414614933225,0.02871566551167173,0.22374287299500575
2,0.1055661951295713,0.03892230739452966,0.855511497475899
2,0.006841374099259383,0.006207339308663406,0.9869512865920773
0,0.9769431667139736,0.004327935353139926,0.018728897932886613
2,0.0843366365589124,0.0634847496309101,0.8521786138101776
2,0.007716089977816102,0.02849079404377773,0.9637931159784062
0,0.9282002811537964,0.01710450311889959,0.05469521572730406
0,0.9387483583833522,0.016751311213219367,0.04450033040342844
0,0.9222606165740231,0.011225277502603468,0.06651410592337331
2,0.015448016367914742,0.008113593484080294,0.9764383901480049
2,0.02468959438178657,0.010217419315434653,0.9650929863027787
1,0.781107973325696,0.07901810468982075,0.13987392198448317
0,0.061937383120242315,0.011492025286778115,0.9265705915929796
0,0.804857846852471,0.0059240711085637755,0.1892180820389653
2,0.5380565886725333,0.03923829558890049,0.4227051157385663
0,0.9325001653103359,0.015724435102492676,0.05177539958717141
0,0.4044919293545456,0.2073453886618731,0.38816268198358134
0,0.9213392217676071,0.0017240795149171908,0.0769366987174757
0,0.5803230228487568,0.07946104819102098,0.3402159289602222
2,0.018105549653525444,0.018757726763187908,0.9631367235832867
2,0.005560269340850805,0.011331701485592162,0.9831080291735571
2,0.08368672198106644,0.06537539989594315,0.8509378781229905
2,0.8909374925822535,0.010668527230651743,0.09839398018709478
0,0.8182074375545634,0.03482503010323644,0.14696753234220025
0,0.5367520861212349,0.12650858507592042,0.3367393288028446
2,0.28399835497123654,0.0195939574286234,0.69640768760014
0,0.945300612457997,0.012529840596313879,0.04216954694568912
2,0.8373786595074018,0.005604712877930961,0.15701662761466728
0,0.9337268960208889,0.006626565481412253,0.05964653849769892
0,0.8410341186872993,0.012292049416383852,0.14667383189631691
2,0.39031394160358407,0.055489110438022245,0.5541969479583938
2,0.7043490765772886,0.039545064025399645,0.2561058593973116
0,0.9276108517668394,0.04132907208493241,0.0310600761482281
0,0.5904323451163137,0.014039082367295919,0.39552857251639045
2,0.24097737890143792,0.07957404874127204,0.6794485723572901
1,0.4409393854264813,0.058595910614055495,0.5004647039594632
0,0.7859276347556731,0.011455262643166401,0.20261710260116056
2,0.008552078373569215,0.023034450733788743,0.9684134708926421
0,0.9183414065049178,0.009219540032822209,0.07243905346225986
0,0.11098507406250703,0.036805485145917104,0.852209440791576
0,0.9447669455143148,0.0037689899172694513,0.05146406456841573
2,0.034760193469181834,0.011608077847586874,0.9536317286832312
1,0.4844607321764653,0.07969466765757943,0.4358446001659552
0,0.9583900852350864,0.004198110636711021,0.037411804128202615
2,0.2696072363974999,0.014901048591551417,0.7154917150109487
0,0.9169119504939969,0.002066472443313241,0.08102157706268999
0,0.9191768784473558,0.005293873649749362,0.07552924790289467
0,0.647291637167486,0.018382075777780178,0.3343262870547339
1,0.7701321301676183,0.10398191388343092,0.12588595594895088
2,0.014366522500344682,0.003562016597750861,0.9820714609019046
2,0.28149860329074294,0.07569649180603188,0.6428049049032252
2,0.22145205700686063,0.03347470095969825,0.745073242033441
2,0.2487742787413899,0.017665220659592567,0.7335605005990176
2,0.14882904942709738,0.12886521066659357,0.7223057399063091
0,0.8561177883756612,0.00814376704976014,0.13573844457457865
2,0.37742464165208783,0.013015726349179826,0.6095596319987323
0,0.6092570272687374,0.019389276999610978,0.3713536957316517
1,0.3471066883340844,0.10658945176163086,0.5463038599042846
2,0.09133829981893066,0.0378799978170805,0.8707817023639889
0,0.8752051685236624,0.03835451730722791,0.08644031416910983
2,0.08657981989701286,0.044593519654014785,0.8688266604489724
0,0.891214190931741,0.014500190912728986,0.09428561815553
0,0.6861231113817858,0.02199223489591622,0.29188465372229794
0,0.9412474225659208,0.01143601050396287,0.047316566930116384
2,0.026850167837989995,0.044363177042720935,0.9287866551192892
0,0.9415537229036922,0.009113222481019027,0.049333054615288696
2,0.023971628129290143,0.053423186959482595,0.9226051849112273
0,0.8328277377608029,0.02128014202794153,0.1458921202112556
0,0.9607634241516982,0.01492830686098609,0.024308268987315525
2,0.3766609365262974,0.10297344053153364,0.520365622942169
2,0.053333308354075036,0.02474096894448116,0.9219257227014439
0,0.8123458954835375,0.06630758431699277,0.12134652019946975
0,0.9263653655180139,0.030359180107580753,0.04327545437440533
0,0.96604757515897,0.010292638991294959,0.023659785849735104
0,0.8942578482257256,0.004455766217882617,0.1012863855563916
2,0.9326180897582199,0.006311667380173501,0.061070242861606616
0,0.9653487777499182,0.015486697863568818,0.019164524386512855
0,0.7305621720897524,0.1064690258877118,0.16296880202253586
0,0.557125785030958,0.2069596161927881,0.23591459877625387
0,0.6338981986347291,0.00820273294093195,0.35789906842433905
1,0.45999031443099736,0.3308235986082271,0.20918608696077542
0,0.9717798158590247,0.008670757923237475,0.019549426217737684
0,0.10525659056280764,0.03255641895908055,0.8621869904781119
0,0.1598485157177689,0.026785269891229323,0.8133662143910018
0,0.9004892333869128,0.017272887024470097,0.08223787958861713
0,0.1979920920120295,0.024504948339845505,0.777502959648125
0,0.9167295847726818,0.018417790949203906,0.06485262427811418
2,0.5560080458477314,0.03478066362067455,0.4092112905315941
2,0.024240230329848542,0.013130557162047703,0.9626292125081038
2,0.953402267893706,0.01968113006920162,0.026916602037092466
2,0.15236282033000537,0.026586686171601648,0.8210504934983929
2,0.9311150049163903,0.01710257424464388,0.051782420838965816
0,0.974721617079155,0.005090797445982836,0.020187585474862317
2,0.1863209929297092,0.16576690189748397,0.6479121051728068
0,0.6933934225429229,0.10133799628894226,0.20526858116813493
0,0.9739332438163525,0.0022633290753877834,0.02380342710825977
0,0.9393340187266993,0.008157679582042414,0.052508301691258245
0,0.9460862034183571,0.0099624403892393,0.0439513561924036
2,0.031995386947225854,0.01969708673716691,0.9483075263156073
2,0.8244512110131907,0.07723458359378568,0.09831420539302342
0,0.9762458767799284,0.0026112973625533084,0.021142825857518432
1,0.6432340491109256,0.23513787394383825,0.12162807694523614
0,0.9738241513070213,0.0057102122199618015,0.020465636473016923
0,0.7897768458110883,0.03535650321890028,0.17486665097001125
0,0.9374915937346386,0.008868077766841927,0.05364032849851958
2,0.02464083934567311,0.0167649327832983,0.9585942278710285
0,0.9164810089994383,0.018550881620831836,0.06496810937972974
2,0.10214123997536873,0.00932393233157112,0.8885348276930602
2,0.7629840045374878,0.016194400164600987,0.2208215952979112
2,0.14979184979848095,0.10719621836367722,0.7430119318378419
0,0.13397159748964443,0.013881123191821549,0.8521472793185341
2,0.014132246795980857,0.007904762182281214,0.9779629910217379
2,0.6992371856813608,0.06963142455975746,0.23113138975888162
0,0.9324839402587194,0.01743040346300072,0.05008565627827995
0,0.43125313378498775,0.037797737287660456,0.5309491289273517
0,0.9169236257936122,0.013456733821924353,0.06961964038446355
0,0.07874559334100582,0.030846028388427992,0.8904083782705662
0,0.9598080640128791,0.006103563008419716,0.03408837297870131
0,0.2602023912560864,0.02916949844942373,0.7106281102944898
1,0.06561792794691604,0.07501780148667707,0.859364270566407
0,0.587902728105677,0.01018039206306546,0.40191687983125757
0,0.9188889305605372,0.012480905312927155,0.06863016412653565
2,0.2936939281001463,0.05162703480006645,0.6546790370997873
0,0.4296577704552155,0.038568048901879266,0.5317741806429052
0,0.9244553452474847,0.009845377338723496,0.06569927741379168
0,0.960684664059014,0.005380861695930193,0.03393447424505584
2,0.9657315495507093,0.006380738590563645,0.027887711858727095
0,0.9657697410072913,0.004225902543575411,0.030004356449133348
2,0.15128664417212387,0.04261027289753722,0.8061030829303389
2,0.6540793375620056,0.07337461172794899,0.2725460507100454
2,0.028528389000602426,0.06308655455262996,0.9083850564467677
2,0.01689122775632591,0.0419948666576482,0.9411139055860258
0,0.9397689527218356,0.006607990405932068,0.05362305687223226
0,0.9324424771199937,0.013348069246647427,0.0542094536333589
2,0.015178533208738668,0.0077301542729831035,0.9770913125182783
2,0.3842958730603698,0.17482076316412165,0.4408833637755086
0,0.9306116199469481,0.019948343147570338,0.049440036905481634
0,0.9541477946111586,0.003625213446587062,0.04222699194225427
0,0.7903872256540538,0.02660037129395103,0.18301240305199507
0,0.292152345444537,0.12959493082156212,0.5782527237339009
0,0.5733218651645098,0.2673427247604582,0.15933541007503207
0,0.6737400964858813,0.020338333682969903,0.30592156983114877
0,0.9631313233257787,0.008922227120980217,0.027946449553241083
0,0.8813771208410025,0.005544515368691462,0.11307836379030611
1,0.5049541402998401,0.33385663375373886,0.16118922594642107
0,0.2787976659564591,0.09553632937266882,0.6256660046708721
0,0.9211350074032946,0.018385557599824673,0.06047943499688064
0,0.8176806251768947,0.0565445613468144,0.1257748134762908
2,0.003951957509381958,0.0036220053806808885,0.9924260371099372
2,0.7813119627823245,0.07439681944728471,0.14429121777039083
0,0.5406970398105656,0.018869468438207845,0.44043349175122665
0,0.9544366480650266,0.006242159491016123,0.03932119244395745
2,0.19884452448955361,0.09150185810285928,0.7096536174075871
0,0.9658828185356475,0.004663396070189536,0.029453785394163025
2,0.00528773005305321,0.007460858896607876,0.987251411050339
0,0.8908420746383396,0.005279481151769488,0.1038784442098909
2,0.9693478386316104,0.012705198871071617,0.017946962497317854
0,0.7689296609117123,0.06479962743767495,0.16627071165061263
0,0.6309808307048561,0.036922328328163306,0.3320968409669806
2,0.023024866082150385,0.022300693217700715,0.954674440700149
0,0.9425336827368351,0.009798690977056749,0.04766762628610812
0,0.9666019294139485,0.006672525593595993,0.02672554499245553
