target,prediction_0,prediction_1,prediction_2
2,0.019281455979157123,0.019431509535962507,0.9612870344848804
0,0.9639687880586221,0.008504071570299372,0.027527140371078826
0,0.9713217867540895,0.0060561050915682695,0.022622108154342083
2,0.1498647020517167,0.09240398324837312,0.7577313146999101
0,0.9221312020084945,0.017431634140651717,0.06043716385085398
0,0.7719295133819617,0.023476671397552787,0.2045938152204853
0,0.8315505904856951,0.012714312927325026,0.1557350965869798
2,0.026736549033589952,0.009151234258045204,0.9641122167083649
0,0.9457606860883662,0.007635245773911662,0.046604068137722436
1,0.2686478559223042,0.07435170420941975,0.6570004398682759
2,0.02078380039711876,0.00825743748760347,0.9709587621152777
0,0.7713960506819687,0.02243368926433409,0.2061702600536974
0,0.9640684073786145,0.008059653623097032,0.02787193899828839
0,0.8951453163106646,0.013453667426587953,0.09140101626274777
0,0.9168179676382803,0.027904395166670475,0.055277637195049384
2,0.12274052668145992,0.055897488560546285,0.8213619847579938
0,0.8973658491538731,0.015986769943713185,0.08664738090241386
2,0.5599203953380892,0.1645443242646845,0.27553528039722625
0,0.9674883520139609,0.00783742442018712,0.024674223565852162
2,0.10239466848485865,0.04238772124450336,0.8552176102706376
0,0.9655481439102774,0.007980689190831792,0.02647116689889087
1,0.39883406520292,0.0784137524184241,0.5227521823786558
2,0.0234749410126328,0.0064697828449480155,0.9700552761424189
0,0.9651825600313069,0.007426953971808515,0.02739048599688465
0,0.6112726162753181,0.06295688944414525,0.3257704942805365
0,0.9128560524549991,0.012212476518595382,0.07493147102640559
0,0.9629890043223198,0.009847166160247884,0.02716382951743238
0,0.9677158799046084,0.006413198022194172,0.025870922073197515
0,0.5868554554597312,0.06412043463151718,0.34902410990875166
0,0.9453821748450055,0.008891402045955565,0.04572642310903904
2,0.023910216095143846,0.0074388404902798995,0.9686509434145761
2,0.22704984448976123,0.06288738487601285,0.710062770634226
0,0.2947836488469154,0.18954941958414726,0.5156669315689373
2,0.4098650841018767,0.05377036438093034,0.536364551517193
0,0.777935601677592,0.025258943429597325,0.19680545489281057
2,0.03118224453124398,0.009571483380274129,0.9592462720884818
2,0.27270958192056766,0.06258113867374425,0.6647092794056879
0,0.9637733773917886,0.008645537460271052,0.02758108514794043
0,0.4288042657976112,0.07778102910286819,0.49341470509952057
0,0.7208975650217561,0.0438957310295846,0.23520670394865906
0,0.8307560471821028,0.02068620782561247,0.1485577449922844
2,0.09179040744032227,0.7654556124390497,0.14275398012062765
0,0.8268254544543154,0.014675677616016665,0.15849886792966808
0,0.9683395627959609,0.006531686928821923,0.025128750275217004
0,0.9569433864639529,0.017261130223050293,0.025795483312996956
0,0.6735985278736428,0.08034300483435627,0.24605846729200073
0,0.8631438410224397,0.013749602771771766,0.12310655620578863
2,0.8269759208558278,0.026323104376801652,0.1467009747673706
0,0.8666761551567504,0.02060425135903352,0.11271959348421609
2,0.48696828642512807,0.06118701618821682,0.45184469738665506
0,0.9456941887961399,0.012572512678642327,0.04173329852521737
0,0.9674883520139609,0.00783742442018712,0.024674223565852162
2,0.052639026585662836,0.02017566321415993,0.9271853102001772
2,0.18507073938050475,0.055502381311479984,0.7594268793080153
2,0.19282102038541177,0.0354639936547148,0.7717149859598733
0,0.835371907689622,0.015169131710591931,0.14945896059978642
0,0.823954784419559,0.026608631637056044,0.14943658394338488
0,0.7521167568314943,0.030253967440830067,0.217629275727676
0,0.9566509194505095,0.007742254869684805,0.03560682567980582
0,0.7630374431470891,0.0416830857160322,0.19527947113687844
1,0.8694234095421572,0.01836647145491656,0.11221011900292624
2,0.8578544193682117,0.021357969271174275,0.12078761136061378
0,0.9665203960645589,0.007571268562146308,0.025908335373294816
2,0.19121097597528885,0.03879345271812193,0.7699955713065889
2,0.050662370680287894,0.04775122100645109,0.9015864083132611
2,0.013564716906848826,0.006688071511457832,0.9797472115816933
1,0.9165971891810586,0.014718885943574908,0.06868392487536651
2,0.29821100956844326,0.055026343266387084,0.6467626471651696
2,0.06024700203732105,0.18272576612159294,0.757027231841086
0,0.9161587995830122,0.020936178836727097,0.06290502158026044
0,0.9713217867540895,0.0060561050915682695,0.022622108154342083
0,0.7425225796300897,0.03538301157085894,0.22209440879905118
0,0.9639043171324909,0.00701782358571169,0.02907785928179718
0,0.9550120258368677,0.011149726420193152,0.03383824774293941
2,0.03194601687666693,0.005455140987201899,0.9625988421361313
2,0.018140070164477204,0.0067719740970745,0.9750879557384484
0,0.9672199651369058,0.007336773125272965,0.025443261737821524
0,0.5683847046942633,0.041143180152161805,0.39047211515357483
0,0.9643488439149717,0.007848996865978198,0.027802159219050382
0,0.793710315995301,0.021340734448422872,0.18494894955627625
0,0.8121648916383521,0.03273519269063699,0.15509991567101095
2,0.7487564046629125,0.02218725706694972,0.22905633827013774
1,0.6062502923071187,0.027015263051391267,0.36673444464149013
0,0.7591647656824433,0.028021006050747057,0.21281422826680962
0,0.84187195612967,0.021039921707542618,0.13708812216278707
2,0.687012578463952,0.04524595004586113,0.26774147149018696
0,0.946386384016741,0.007346585649729578,0.046267030333529385
2,0.05128277646061041,0.02271598910007281,0.9260012344393169
0,0.9674883520139609,0.00783742442018712,0.024674223565852162
0,0.8963663513646606,0.018650184668144307,0.0849834639671949
0,0.8247526529217372,0.018118387308690656,0.15712895976957228
0,0.8468987379107967,0.03462936616391039,0.11847189592529296
0,0.9354638626171426,0.011476412113724318,0.05305972526913314
0,0.9607197349727716,0.00842828917385045,0.030851975853378115
0,0.9673935685733317,0.006895052296530716,0.025711379130138354
0,0.967382463146628,0.00800877148511874,0.02460876536825342
0,0.9677158799046084,0.006413198022194172,0.025870922073197515
2,0.02440583717483483,0.008340050609833251,0.9672541122153318
0,0.9540045956144814,0.009075019875897924,0.036920384509620735
0,0.5022962683059683,0.041041832700450115,0.4566618989935817
2,0.02597038940502722,0.011630649255860832,0.9623989613391121
2,0.026259474967118456,0.007220500422743029,0.9665200246101385
2,0.019937964393968832,0.008910664590631074,0.9711513710154
2,0.06536330631248734,0.07891243213654253,0.8557242615509704
0,0.9677158799046084,0.006413198022194172,0.025870922073197515
0,0.9560789217380607,0.014630432334154701,0.029290645927785366
0,0.9672013018580702,0.007563630865893431,0.025235067276036225
2,0.45036009462503923,0.053557847025992054,0.49608205834896874
0,0.6465470528054986,0.07206733902120792,0.2813856081732935
2,0.1372066580596295,0.1611846441270615,0.7016086978133091
0,0.9677158799046084,0.006413198022194172,0.025870922073197515
2,0.14676529748557643,0.04425017063206166,0.8089845318823617
0,0.9489119115686818,0.010238741102469001,0.04084934732884865
2,0.03358687356064988,0.010341939417640871,0.9560711870217089
0,0.9616140291055423,0.008481402989642929,0.029904567904814803
0,0.7509291574210015,0.02983603435461485,0.2192348082243836
0,0.9472431541346279,0.0083899198272938,0.04436692603807825
0,0.9585886836234767,0.008768876248273145,0.03264244012825032
0,0.9634688572154264,0.00887890014940445,0.027652242635169213
2,0.5424541071886919,0.038026374732480106,0.4195195180788281
0,0.9064397859703913,0.014405551914923575,0.07915466211468497
0,0.9511976286971444,0.008245891465651014,0.04055647983720491
0,0.6998790280224421,0.07312376112768222,0.2269972108498755
0,0.9604333854952701,0.008416933294308043,0.031149681210421894
0,0.4349245336674611,0.03243449253054546,0.5326409738019933
0,0.6571940510315291,0.05639420696207022,0.286411742006401
0,0.963877315998801,0.008747727217658189,0.027374956783540773
0,0.9531551478017156,0.009308919611714839,0.037535932586569995
2,0.1216513137716999,0.05539726948654672,0.8229514167417535
0,0.9152766202083465,0.01294644297077557,0.07177693682087807
2,0.05072038928427751,0.016117070373284807,0.9331625403424375
0,0.8947826414535042,0.017007332061749477,0.08821002648474613
2,0.014997433385876323,0.006509986881600432,0.9784925797325232
0,0.966327750568101,0.0068314908080547125,0.02684075862384416
2,0.6585838499491722,0.06550621597355352,0.2759099340772741
2,0.396180350915525,0.06084066924805818,0.5429789798364167
0,0.758055387219077,0.03522597410485325,0.20671863867606957
0,0.9713217867540895,0.0060561050915682695,0.022622108154342083
0,0.9635678553687049,0.007393680419517796,0.02903846421177712
2,0.5822992585175549,0.0365537251491812,0.3811470163332636
0,0.6498684649516409,0.05227069105664796,0.297860843991711
0,0.40007732259894246,0.07603524911246448,0.5238874282885931
0,0.8926399512566165,0.021789589867115954,0.08557045887626785
0,0.6679867334835699,0.035145031583653286,0.296868234932777
0,0.8594455955679138,0.014811578247344572,0.12574282618474159
0,0.7920768608643803,0.006231752102236422,0.20169138703338327
2,0.03334313128739878,0.008838228415012094,0.9578186402975893
0,0.9642780970849052,0.008877830096363901,0.026844072818730715
0,0.951030233777644,0.015094537905297616,0.03387522831705857
2,0.2673490445184605,0.10492976139643005,0.6277211940851095
0,0.9693099745262295,0.006355908970801059,0.02433411650296924
2,0.48293584880027257,0.06121053725582507,0.4558536139439024
0,0.9681061018678794,0.00682933596973614,0.025064562162385458
0,0.9322943385576742,0.01320537343530808,0.054500288007017755
0,0.4317713374098381,0.03997228465894208,0.5282563779312197
0,0.9060785219658977,0.01464784772132909,0.07927363031277349
2,0.014897464651651567,0.008080503771850643,0.9770220315764977
2,0.013564716906848826,0.006688071511457832,0.9797472115816933
2,0.7437792891598695,0.025489444153795494,0.2307312666863348
0,0.9605441831638984,0.008971974210712502,0.030483842625389203
0,0.03325768568544297,0.014548626264688305,0.9521936880498687
0,0.9501254213466808,0.007108865503857329,0.04276571314946203
2,0.7292168544273839,0.031072696632651872,0.23971044893996407
2,0.8034378687439566,0.030029539025084852,0.1665325922309583
0,0.9317244569706477,0.010991924868807991,0.0572836181605444
2,0.4186028765380699,0.09124095656474729,0.49015616689718317
0,0.968392239602001,0.007836673006055556,0.02377108739194373
2,0.021696113510142848,0.00751098156647072,0.9707929049233864
2,0.8441615402135726,0.02279849853991085,0.1330399612465166
0,0.7791603038761903,0.01487989806792311,0.20595979805588657
0,0.7184057453785351,0.05994798741005804,0.22164626721140704
1,0.2733180388629629,0.05614432222390179,0.6705376389131354
2,0.1719037244303647,0.04531147825415659,0.7827847973154783
0,0.8512599965303242,0.02283685091016116,0.1259031525595147
2,0.12215026039070016,0.33339442517177076,0.5444553144375291
2,0.01413455744483028,0.007032696280129069,0.9788327462750405
0,0.9677158799046084,0.006413198022194172,0.025870922073197515
0,0.10422604485247267,0.02313463652065987,0.8726393186268676
2,0.11843758675514046,0.032121820187586705,0.8494405930572724
0,0.9033112944979912,0.01053999201303103,0.0861487134889779
0,0.27491596190243284,0.07978302618950582,0.6453010119080611
0,0.525465558690083,0.06848236450495862,0.40605207680495825
2,0.03194601687666693,0.005455140987201899,0.9625988421361313
0,0.9713217867540895,0.0060561050915682695,0.022622108154342083
2,0.15477190257874593,0.04752532310618213,0.797702774315072
2,0.37927861752610337,0.07362800126947065,0.547093381204426
1,0.4408538216008015,0.13091837636267242,0.428227802036526
0,0.5116928564099646,0.04521556650735589,0.44309157708267943
2,0.27444809597508646,0.02503649269527169,0.7005154113296418
2,0.31458136983172313,0.10016585168614253,0.5852527784821343
0,0.6229653081485628,0.09248524898837582,0.2845494428630614
0,0.9709925325876964,0.00597003075487574,0.023037436657427687
0,0.8547285333443929,0.01828976323556201,0.126981703420045
2,0.0881139696428418,0.02698310282003468,0.8849029275371235
2,0.32147614676113934,0.06519811934918374,0.6133257338896773
0,0.9713217867540895,0.0060561050915682695,0.022622108154342083
0,0.7503309642855076,0.049492930247026605,0.2001761054674658
0,0.9652092782186183,0.00963115482015397,0.02515956696122799
2,0.9335812377237607,0.022996183840815768,0.04342257843542356
0,0.9563491814436572,0.00981097951536867,0.033839839040974505
0,0.9571999178688233,0.008546543176183991,0.034253538954993536
0,0.9709925325876964,0.00597003075487574,0.023037436657427687
2,0.7675368270253323,0.025975710453035865,0.20648746252163175
0,0.9671099788571564,0.007720636548852556,0.025169384593991012
0,0.8580127080917639,0.021947897032387198,0.12003939487584889
0,0.10552076225470741,0.019813333282253296,0.8746659044630393
0,0.8357551714746285,0.012522495778857279,0.15172233274651417
2,0.5806894109763905,0.0546433592750843,0.36466722974852517
0,0.9650247658688615,0.008614139958412972,0.02636109417272546
2,0.14611217604309273,0.045755430773605395,0.808132393183302
0,0.8958326744329617,0.05202085717852852,0.05214646838850989
2,0.8504816565386184,0.020847117923938743,0.128671225537443
2,0.03751758653897321,0.007563272074945147,0.9549191413860815
2,0.02258841541716523,0.007672583605438385,0.9697390009773965
0,0.6451368596929317,0.06429598811519673,0.2905671521918716
0,0.9383712840252649,0.012052076831335764,0.0495766391433994
0,0.9642194602246917,0.007657002343798652,0.028123537431509738
0,0.935599836704373,0.012130240654588183,0.0522699226410387
2,0.44475011075792914,0.03636437624277712,0.5188855129992939
0,0.9662817566884503,0.007466048610744777,0.02625219470080512
0,0.37184036066297105,0.14056941276800927,0.48759022656901946
0,0.9713217867540895,0.0060561050915682695,0.022622108154342083
2,0.9560646718417575,0.007705343374264185,0.03622998478397901
2,0.7199132787622023,0.035406628972659886,0.24468009226513782
2,0.01980501745221581,0.008704625963328307,0.9714903565844558
0,0.9689491722712575,0.00738024012788669,0.023670587600855705
0,0.9610106371419356,0.008004524672130718,0.03098483818593372
2,0.523882741496119,0.07783829832349422,0.398278960180387
2,0.04300543735282164,0.023177110101032402,0.9338174525461459
2,0.02690170662678227,0.009109414280721428,0.9639888790924963
0,0.9375701657650638,0.011894636950721056,0.05053519728421461
2,0.14260738567557657,0.04910197208936723,0.8082906422350561
0,0.9023808475302233,0.017911346567420158,0.07970780590235674
0,0.9677158799046084,0.006413198022194172,0.025870922073197515
0,0.36970508080927017,0.055091126608662,0.5752037925820678
0,0.6316539174407015,0.03414805575433642,0.33419802680496147
2,0.5685835140821593,0.03713381179074703,0.3942826741270935
2,0.6906896914795595,0.0183543668085689,0.2909559417118715
0,0.9693178645369569,0.007275212982927044,0.023406922480116093
2,0.22880966818038903,0.03274985378223797,0.7384404780373731
2,0.03551969973674017,0.005709794873282828,0.958770505389977
0,0.7151337370408293,0.022329104109810413,0.2625371588493603
0,0.7436661792954177,0.005444090699305642,0.2508897300052765
0,0.9363410502967009,0.006058493756875382,0.05760045594642374
0,0.8556209758970148,0.017978492102936446,0.1264005320000489
2,0.013100991854302666,0.006616445863878654,0.9802825622818184
0,0.27233838959561857,0.060229949768654666,0.6674316606357269
0,0.8648084422868276,0.02199472982694216,0.11319682788623017
2,0.043195231150846385,0.018472254562355163,0.9383325142867984
0,0.8910354780334695,0.019244525104973723,0.08971999686155664
0,0.16248838515306324,0.10078897344089847,0.7367226414060384
2,0.11196550069784103,0.0605125828757146,0.8275219164264445
2,0.018029301191922743,0.008053038085915573,0.9739176607221616
1,0.639254587961,0.03488651473081945,0.3258588973081804
0,0.9677158799046084,0.006413198022194172,0.025870922073197515
0,0.9524757901025893,0.00974368546823803,0.03778052442917302
2,0.13735027198105007,0.034102022214017216,0.8285477058049328
0,0.9130051504879811,0.013579692506420243,0.07341515700559854
0,0.8903644347443095,0.005478910093556693,0.10415665516213375
1,0.1395109741731466,0.6149833900210903,0.24550563580576357
0,0.959316647240711,0.008937972479531184,0.031745380279757866
2,0.43680347886164594,0.09945286489300596,0.46374365624534797
0,0.4167272405732532,0.09631664699717855,0.4869561124295683
0,0.9671099788571564,0.007720636548852556,0.025169384593991012
2,0.32936719351685756,0.22762541375668002,0.4430073927264624
0,0.4622777273502604,0.04893941307937801,0.48878285957036155
0,0.6976425754994097,0.04966254476560993,0.2526948797349805
0,0.587557674388137,0.044713827043411966,0.3677284985684513
2,0.7046659843129691,0.04285863042600973,0.2524753852610212
2,0.027425756443214266,0.0247918366487361,0.9477824069080497
0,0.8933208188234791,0.024781061902736202,0.08189811927378422
2,0.16296566360369244,0.013162586805691375,0.8238717495906162
0,0.8906942455594489,0.01399079757369702,0.09531495686685415
2,0.38177102769717786,0.16152990338061016,0.4566990689222121
0,0.8834460892413981,0.01854432593963792,0.09800958481896381
0,0.747850464359993,0.03253967947478817,0.2196098561652187
2,0.804788722363591,0.021038407506454953,0.17417287012995417
0,0.5485055737977476,0.15108655090330855,0.3004078752989438
2,0.5142280180163071,0.06460196944653615,0.42117001253715647
0,0.9667419869470005,0.005918284981858574,0.027339728071140684
2,0.9650247658688615,0.008614139958412972,0.02636109417272546
0,0.9063732324534547,0.013688678009756644,0.07993808953678891
0,0.964794521092432,0.007508271884504469,0.027697207023063764
0,0.7441350433396704,0.05571489425736917,0.20015006240296027
0,0.891439810717794,0.011309500010038194,0.09725068927216794
2,0.06450504671045015,0.02255010513966684,0.9129448481498823
0,0.6731415514916514,0.04367520077767967,0.2831832477306688
0,0.8480878726779038,0.013042232718295159,0.13886989460380125
2,0.01817796249949452,0.008064751068589364,0.973757286431916
0,0.9674883520139609,0.00783742442018712,0.024674223565852162
0,0.9659161293603509,0.006718019706478901,0.02736585093317002
0,0.9573182789819445,0.009446947230146486,0.0332347737879091
2,0.020275484183311144,0.009711924310993486,0.9700125915056952
2,0.01738220746506779,0.011325305197887502,0.9712924873370449
2,0.1353465259663132,0.030272519582914728,0.8343809544507721
2,0.03879518481387275,0.013251308937557387,0.9479535062485699
2,0.2437367095779586,0.02401519221747238,0.732248098204569
2,0.5537315741882157,0.07047289757919335,0.37579552823259066
0,0.9036954208354728,0.015056226932424793,0.08124835223210247
0,0.9674494219978335,0.006126625038615276,0.026423952963551132
0,0.9540868856442569,0.009040269528308524,0.03687284482743463
1,0.08147707231040564,0.821822617130588,0.09670031055900624
1,0.8900413712006164,0.019431450674834285,0.09052717812454925
0,0.8911204072690114,0.012442324454476935,0.09643726827651158
2,0.063108981649083,0.02565011105100788,0.9112409072999093
2,0.5401944240300469,0.02407962408613925,0.4357259518838138
0,0.535778993228498,0.08759896100567519,0.3766220457658268
0,0.9693178645369569,0.007275212982927044,0.023406922480116093
0,0.9713217867540895,0.0060561050915682695,0.022622108154342083
2,0.02616743623318608,0.008502488630193115,0.9653300751366207
0,0.4668306535523852,0.02266504240407509,0.5105043040435399
0,0.8303204277293428,0.018174871345260503,0.1515047009253967
0,0.9181014295190303,0.011432616056222727,0.07046595442474723
2,0.4949082396999917,0.03651693829499751,0.4685748220050109
0,0.9677158799046084,0.006413198022194172,0.025870922073197515
0,0.9256437030979123,0.008844015949906504,0.06551228095218119
0,0.539617664730819,0.15044265050468053,0.30993968476450046
0,0.9545933316748627,0.00837741372702724,0.03702925459810979
0,0.92091149344551,0.017388817771003425,0.06169968878348653
2,0.5833349745922833,0.05849182042388588,0.358173204983831
0,0.9709925325876964,0.00597003075487574,0.023037436657427687
0,0.9530619390733883,0.009520156096954497,0.0374179048296571
0,0.9677158799046084,0.006413198022194172,0.025870922073197515
2,0.6804389137564355,0.03975704270355337,0.2798040435400109
0,0.5710938844268114,0.05948313054671278,0.3694229850264757
0,0.7937361536222661,0.03418422031455263,0.17207962606318147
2,0.021025705915984162,0.007335696728609195,0.9716385973554066
0,0.914262019049972,0.01500845292281669,0.07072952802721105
2,0.12086581035297428,0.03777796523095797,0.8413562244160678
2,0.5958860786262433,0.07465746070782976,0.3294564606659267
0,0.956535324329303,0.008068482411887465,0.035396193258809446
0,0.9336169861643525,0.011694854040314303,0.054688159795333716
0,0.8236688076565168,0.021034867004118055,0.15529632533936502
2,0.4792601449332253,0.06935976404871341,0.4513800910180617
0,0.6908713118175861,0.04293951791543746,0.26618917026697647
2,0.9612271687335266,0.008693087113118224,0.030079744153355195
2,0.20404495653753107,0.03146611622601943,0.7644889272364497
0,0.8858874947097066,0.005347090498737348,0.10876541479155594
0,0.8523733089546464,0.02689990507797079,0.1207267859673827
2,0.07449768419414923,0.1577409415893815,0.7677613742164692
0,0.6670593463614658,0.06439862768117344,0.26854202595736043
0,0.6113736103914342,0.03667251625458605,0.3519538733539797
0,0.8572650444016705,0.026590238360657194,0.11614471723767227
0,0.9527428904087967,0.009276697630498855,0.03798041196070434
0,0.8143445723247563,0.016859252676979464,0.1687961749982641
2,0.0481059950444963,0.06965340937389779,0.882240595581606
0,0.9527428904087967,0.009276697630498855,0.03798041196070434
0,0.869137409761455,0.018042826248351424,0.1128197639901935
1,0.41137611471943675,0.0455003225855208,0.5431235626950424
0,0.4950798148276579,0.041482456378568636,0.4634377287937735
2,0.2088291473724012,0.023128980335219557,0.7680418722923791
2,0.09774149881738742,0.034443175319870054,0.8678153258627425
0,0.9535748285752229,0.008707305526560693,0.03771786589821645
0,0.9689491722712575,0.00738024012788669,0.023670587600855705
2,0.016353325523409627,0.006960474897497923,0.9766861995790925
0,0.9173782240584121,0.011089307891285465,0.07153246805030282
2,0.01940464020219579,0.008591863988446113,0.9720034958093581
0,0.9300295317262761,0.005949130337610204,0.06402133793611356
0,0.8197878869446095,0.017522172040663374,0.16268994101472747
0,0.8497034781716217,0.02038164373911406,0.12991487808926408
0,0.9713217867540895,0.0060561050915682695,0.022622108154342083
2,0.32035742005818413,0.07223661792002133,0.6074059620217944
0,0.9701055695996066,0.006080904741329692,0.023813525659063507
0,0.9674883520139609,0.00783742442018712,0.024674223565852162
0,0.7962170934227748,0.024617505809191358,0.17916540076803344
0,0.8796312439654996,0.025852766398422485,0.09451598963607803
2,0.5527306980949899,0.05773458411283984,0.38953471779217025
0,0.74772960919923,0.03491898146868327,0.21735140933208633
0,0.4556636752967004,0.08119555451772535,0.4631407701855742
0,0.8327592350671323,0.027817959487135065,0.13942280544573232
0,0.90361145233917,0.01681750179987688,0.07957104586095338
2,0.15198730539865646,0.030666723532215796,0.8173459710691278
2,0.11526868377204032,0.021826133853283462,0.8629051823746761
0,0.46614312570205435,0.046895553252093956,0.48696132104585166
0,0.9497526996734448,0.009600332598366615,0.04064696772818872
2,0.5383803571224534,0.134056910578523,0.32756273229902366
0,0.9124884307651056,0.016206433203554634,0.0713051360313398
0,0.9671099788571564,0.007720636548852556,0.025169384593991012
0,0.9579848303568979,0.00955551653450978,0.032459653108592404
0,0.9671099788571564,0.007720636548852556,0.025169384593991012
0,0.9677158799046084,0.006413198022194172,0.025870922073197515
0,0.5249945414517958,0.05036668912156098,0.4246387694266432
2,0.017731881582284337,0.007442601951543844,0.9748255164661718
0,0.7290847708820726,0.027814848927531943,0.24310038019039568
0,0.9016759935535736,0.018713591656565786,0.07961041478986036
2,0.12973720518943824,0.027376452066099784,0.8428863427444621
2,0.4744454801738913,0.056525347605457,0.46902917222065166
2,0.400521957757582,0.07632247637967296,0.523155565862745
0,0.47550289486788017,0.04560368928400624,0.47889341584811373
0,0.8424316240658983,0.023440054591940287,0.13412832134216127
0,0.958168441025995,0.010144536521980966,0.0316870224520242
0,0.7494901588695275,0.04244864921399079,0.20806119191648167
2,0.7733107959004981,0.024368756015371855,0.20232044808412994
0,0.9686430343870182,0.007433916106647518,0.02392304950633413
2,0.04313994517203343,0.07540471391805657,0.88145534090991
0,0.9440919462499828,0.00883836075308934,0.04706969299692768
0,0.9569975755662756,0.009181747968818347,0.03382067646490581
0,0.3904691140420348,0.0736089489613723,0.5359219369965929
0,0.836154304585758,0.01645966830305334,0.14738602711118878
2,0.8289255736472643,0.03158981016615947,0.13948461618657604
0,0.7692939701937267,0.06615952946450153,0.16454650034177126
0,0.7261624635641866,0.018825947555420802,0.2550115888803922
0,0.6667343513404909,0.058145554195032395,0.27512009446447655
2,0.8430899989186037,0.013011893096575947,0.1438981079848207
0,0.885695718860663,0.015575086110781738,0.09872919502855534
0,0.46101187793528675,0.09931406586087964,0.4396740562038338
1,0.13379378165840256,0.3786314654197679,0.48757475292182967
0,0.9638315379322949,0.008302806665276202,0.027865655402428597
0,0.9713217867540895,0.0060561050915682695,0.022622108154342083
0,0.906815697187945,0.009762564516853332,0.08342173829520164
0,0.9356669705666616,0.010682313968983262,0.053650715464355146
0,0.967382463146628,0.00800877148511874,0.02460876536825342
0,0.9685272855909264,0.0073607629464446465,0.02411195146262911
2,0.0968170980505664,0.025696453566228003,0.8774864483832052
2,0.21933220631041084,0.06941647736870082,0.7112513163208883
0,0.966751051333177,0.007872024819099672,0.025376923847723415
2,0.5883128274424014,0.05178222476083414,0.35990494779676446
2,0.17871470904542228,0.07351505217733566,0.7477702387772419
0,0.8605833350930512,0.014884823831547976,0.12453184107540088
0,0.9677158799046084,0.006413198022194172,0.025870922073197515
2,0.3112927264186051,0.057478917126872565,0.6312283564545226
0,0.6187074116462774,0.05047758712309912,0.33081500123062335
2,0.06496724449683916,0.015957314122762137,0.9190754413803982
0,0.6325709539634023,0.08625162325108587,0.2811774227855117
2,0.1322128257374035,0.03395806571597394,0.8338291085466226
2,0.015881013521685864,0.006853601378859698,0.9772653850994544
2,0.013564716906848826,0.006688071511457832,0.9797472115816933
2,0.01819802150011212,0.006809248743115253,0.9749927297567725
0,0.9693099745262295,0.006355908970801059,0.02433411650296924
0,0.8146643054762728,0.012422573432431402,0.17291312109129617
1,0.34305783501925763,0.06631029970179182,0.5906318652789503
2,0.06633672733759233,0.026332783575398703,0.9073304890870086
0,0.9677158799046084,0.006413198022194172,0.025870922073197515
2,0.4242728932241852,0.07671756463648577,0.49900954213932913
0,0.13110421617280704,0.04509034989022528,0.8238054339369676
0,0.855749709984015,0.018189479063731046,0.12606081095225394
0,0.8621278232512448,0.02737465190655198,0.11049752484220275
0,0.9681061018678794,0.00682933596973614,0.025064562162385458
0,0.9293278196969007,0.007681718181334103,0.06299046212176512
0,0.07458483887882501,0.13341960461338856,0.7919955565077864
2,0.2105737735800219,0.08714623924605737,0.702279987173921
0,0.9667092772055851,0.008072546995322822,0.02521817579909242
2,0.8957234515353298,0.012833347356116097,0.09144320110855428
2,0.017731881582284337,0.007442601951543844,0.9748255164661718
0,0.9713217867540895,0.0060561050915682695,0.022622108154342083
0,0.968392239602001,0.007836673006055556,0.02377108739194373
0,0.9674883520139609,0.00783742442018712,0.024674223565852162
0,0.9628914733587762,0.008315305168759394,0.02879322147246429
0,0.9611067513262043,0.007228393055002089,0.031664855618793515
0,0.9674883520139609,0.00783742442018712,0.024674223565852162
0,0.9562383219170937,0.008712255324203201,0.035049422758703534
0,0.9650247658688615,0.008614139958412972,0.02636109417272546
2,0.0585711105213239,0.01270831856528498,0.9287205709133908
0,0.6425896407363847,0.0480992183727641,0.309311140890851
2,0.014322736751085046,0.006581607513822913,0.9790956557350918
0,0.9466328386714916,0.010970661427019263,0.042396499901489
2,0.1561008347807829,0.04701880458047183,0.7968803606387453
0,0.21638038894951273,0.5971325097088903,0.18648710134159704
2,0.017731881582284337,0.007442601951543844,0.9748255164661718
2,0.36220994193290296,0.09649883022033916,0.5412912278467579
0,0.950173602397079,0.008333534359327353,0.041492863243593754
2,0.07826833139032428,0.00815803575344261,0.9135736328562332
0,0.967382463146628,0.00800877148511874,0.02460876536825342
0,0.9668545969392958,0.008059803483090119,0.025085599577614484
0,0.8996961334622904,0.01624315075239657,0.08406071578531274
2,0.6218208240736675,0.04777638335597242,0.33040279257035987
0,0.9674883520139609,0.00783742442018712,0.024674223565852162
0,0.45766956548966137,0.046346647084584684,0.4959837874257537
2,0.10440896331817992,0.075589271038964,0.8200017656428561
2,0.07079370326079884,0.1449558139313248,0.7842504828078762
2,0.14761464818257583,0.016719952305450807,0.8356653995119732
2,0.016340667187348976,0.006733514261528315,0.9769258185511227
2,0.013100991854302666,0.006616445863878654,0.9802825622818184
0,0.9299115670640641,0.013037698241938058,0.05705073469399791
2,0.01819802150011212,0.006809248743115253,0.9749927297567725
2,0.5138121991521157,0.0726411337685155,0.4135466670793687
2,0.013100991854302666,0.006616445863878654,0.9802825622818184
2,0.021918303297068575,0.008913982619715662,0.969167714083216
0,0.9462746097464227,0.014002695248367478,0.03972269500520991
2,0.8635222196549799,0.018339262495004515,0.11813851785001558
0,0.9528492138882164,0.009734312842903926,0.03741647326888023
0,0.9522804943956711,0.009424379601323073,0.038295126003005824
0,0.898999108819949,0.014912768267547083,0.08608812291250345
0,0.7074242194698558,0.04081468397729585,0.2517610965528485
0,0.6498548870139744,0.03202975875790115,0.31811535422812454
0,0.9658521548541454,0.008522163221699392,0.02562568192415532
2,0.03600773799919472,0.014125095720012847,0.9498671662807922
2,0.254924164682425,0.05988156307905639,0.6851942722385185
2,0.6958604558285004,0.037347694104738406,0.26679185006676104
2,0.0367495819500297,0.006910660431452703,0.9563397576185173
2,0.10801923171538956,0.0065813667791488565,0.8853994015054615
0,0.9649775503651381,0.009508868270051153,0.025513581364810745
2,0.03580355552611375,0.01812081722516121,0.946075627248725
2,0.019470487944984766,0.009010894120658617,0.9715186179343567
0,0.962690536109021,0.008218580961497895,0.029090882929481185
0,0.9616366950650865,0.008466267977647417,0.029897036957265734
0,0.9437043217929644,0.01109369779727687,0.04520198040975839
2,0.018029301191922743,0.008053038085915573,0.9739176607221616
2,0.017731881582284337,0.007442601951543844,0.9748255164661718
1,0.4732944551868566,0.3575524490854193,0.16915309572772402
0,0.04055409144137122,0.00920281646262692,0.9502430920960018
0,0.8420551692862205,0.02314528287661196,0.13479954783716808
2,0.6639605509704751,0.04887567279312258,0.2871637762364023
0,0.9621615256809609,0.013139820792688665,0.024698653526350808
0,0.5652073044051271,0.08983527785543441,0.3449574177394384
0,0.8791885542980135,0.012530969921533288,0.10828047578045323
0,0.6279378158273481,0.0672021555231095,0.3048600286495424
2,0.017731881582284337,0.007442601951543844,0.9748255164661718
2,0.013100991854302666,0.006616445863878654,0.9802825622818184
2,0.08622239094679637,0.044562974675048404,0.869214634378155
2,0.8900240100273165,0.01644566453509597,0.09353032543758716
0,0.5701474868983155,0.0607515464806627,0.3691009666210217
0,0.6186614668707549,0.0791174373420613,0.302221095787184
2,0.2641588578010468,0.035736630822346606,0.7001045113766067
0,0.9617359810758342,0.007988754478946935,0.030275264445219024
2,0.8667194932695478,0.017058454471484994,0.11622205225896722
0,0.9605220177484773,0.009337098165708182,0.03014088408581457
0,0.8676768199186671,0.01821884113579861,0.11410433894553416
2,0.507982850051756,0.07034783312346121,0.421669316824783
2,0.6984315385355292,0.040574467271387554,0.26099399419308317
0,0.9693099745262295,0.006355908970801059,0.02433411650296924
0,0.36865573090096726,0.04211151618154623,0.5892327529174866
2,0.15732698585131222,0.03435876264800112,0.8083142515006868
1,0.6024305866121278,0.053013477418544216,0.34455593596932815
0,0.8129672566277952,0.026159115063751816,0.16087362830845287
2,0.023074135804674725,0.016362542359945092,0.9605633218353802
0,0.9460872205017065,0.008373715060398279,0.04553906443789518
0,0.05510362933595703,0.04448760735684152,0.9004087633072014
0,0.9668865410906196,0.006542241748458039,0.026571217160922256
2,0.02014075096349999,0.007664462678636876,0.9721947863578633
1,0.384939749748419,0.07499612209712206,0.5400641281544591
0,0.9636092315135942,0.009688780046112707,0.026701988440293326
2,0.2123139486931049,0.03379585651299262,0.7538901947939025
0,0.8959506212485259,0.012828612696043785,0.09122076605543014
0,0.915544000931524,0.015157081515573462,0.06929891755290227
0,0.5124802183537125,0.05903659303345475,0.42848318861283263
1,0.7310739648678177,0.05430339082183996,0.21462264431034206
2,0.017731881582284337,0.007442601951543844,0.9748255164661718
2,0.22025791983898255,0.06599409885559487,0.7137479813054224
2,0.15188244489407599,0.029119568319574837,0.8189979867863493
2,0.09857695761970793,0.026369468704754446,0.8750535736755378
2,0.1395347319284974,0.0962663679630003,0.7641989001085023
0,0.9410512086320313,0.009980596748477458,0.048968194619491416
2,0.5633842871373244,0.03950941349113105,0.3971062993715448
0,0.6291731184629173,0.043777970281614884,0.32704891125546776
1,0.4449953300478122,0.09999445875153605,0.45501021120065194
2,0.02690170662678227,0.009109414280721428,0.9639888790924963
0,0.9117229466352209,0.01591022337674189,0.07236682998803706
2,0.06295945018531218,0.006887675544823159,0.9301528742698648
0,0.9352661264795646,0.012429288426424266,0.05230458509401111
0,0.6915828448856782,0.05275735345254961,0.25565980166177216
0,0.9673468097490643,0.006741494363471192,0.025911695887464403
2,0.028079241719034097,0.006240482396471413,0.9656802758844943
0,0.9650247658688615,0.008614139958412972,0.02636109417272546
2,0.13153466939793543,0.1119592954326548,0.7565060351694097
0,0.763481603013124,0.01721314330011676,0.21930525368675918
0,0.9621582443616792,0.008322212571157155,0.029519543067164006
2,0.20806075493060497,0.09483193925722314,0.6971073058121718
2,0.014780453267151845,0.006727081365796659,0.9784924653670514
0,0.8764748703234765,0.01987056454273301,0.10365456513379064
0,0.9655664275101975,0.00811148884009803,0.026322083649704484
0,0.9674883520139609,0.00783742442018712,0.024674223565852162
0,0.8760344555377128,0.013732167701131198,0.11023337676115604
2,0.9655369343027769,0.006814561536868461,0.027648504160354657
0,0.9607197349727716,0.00842828917385045,0.030851975853378115
0,0.6754475175549471,0.05727633449457288,0.26727614795047966
0,0.5126483477422723,0.09124211719890526,0.39610953505882235
0,0.8074562930912599,0.02460752912857102,0.16793617778016912
1,0.41135803613919264,0.23056581360240402,0.3580761502584034
0,0.9671099788571564,0.007720636548852556,0.025169384593991012
0,0.20132134138787194,0.04124685089424749,0.7574318077178802
0,0.18948661871385797,0.024740182332131214,0.7857731989540108
0,0.9395493487763915,0.008843022826880516,0.05160762839672819
0,0.09903822558994389,0.018403641814077838,0.8825581325959783
0,0.9286804883248538,0.013001851913175098,0.05831765976197111
2,0.7556626715436786,0.03424087326415562,0.2100964551921655
2,0.10075040368833926,0.014188529285040235,0.8850610670266205
2,0.9611067513262043,0.007228393055002089,0.031664855618793515
2,0.15842118014911596,0.03617274679258553,0.8054060730582986
2,0.9640045925633185,0.008371541482077268,0.02762386595460434
0,0.9672199651369058,0.007336773125272965,0.025443261737821524
2,0.33584595726316596,0.18920467143826022,0.4749493712985734
0,0.7129966546227695,0.038660311649434106,0.248343033727796
0,0.966327750568101,0.0068314908080547125,0.02684075862384416
0,0.9693099745262295,0.006355908970801059,0.02433411650296924
0,0.9650247658688615,0.008614139958412972,0.02636109417272546
2,0.017731881582284337,0.007442601951543844,0.9748255164661718
2,0.9462541792377149,0.011556586721422905,0.04218923404086203
0,0.9640196614760315,0.006856894565520276,0.02912344395844916
1,0.20415594147516022,0.6034812550430256,0.1923628034818144
0,0.9677158799046084,0.006413198022194172,0.025870922073197515
0,0.5389147364848746,0.037883777286028396,0.4232014862290969
0,0.9677158799046084,0.006413198022194172,0.025870922073197515
2,0.019470487944984766,0.009010894120658617,0.9715186179343567
0,0.9677158799046084,0.006413198022194172,0.025870922073197515
2,0.05671119877275655,0.0066383777145544425,0.9366504235126889
2,0.765652957479609,0.02928815594191501,0.20505888657847587
2,0.10006933799035442,0.05931807402881411,0.8406125879808316
0,0.13530375520848828,0.039726552019401756,0.8249696927721099
2,0.013100991854302666,0.006616445863878654,0.9802825622818184
2,0.5409460608145492,0.06500191789448422,0.3940520212909667
0,0.9420834393218916,0.010624273922692827,0.04729228675541519
0,0.5630217838464895,0.05629789683877954,0.38068031931473106
0,0.9524469710502306,0.008839848286466756,0.038713180663302454
0,0.04955711311300668,0.02084393525728876,0.9295989516297045
0,0.9707400445972713,0.00582305838568115,0.023436897017047403
0,0.17615222838061126,0.029744343671305677,0.7941034279480833
1,0.2256394246185096,0.06747365645175472,0.7068869189297357
0,0.6050187585316249,0.03318454637692846,0.36179669509144646
0,0.9376926011546918,0.011671865462501239,0.050635533382807026
2,0.2003206220533634,0.05973782636236781,0.739941551584269
0,0.3815694006969239,0.07489094679054535,0.5435396525125308
0,0.9401170562598126,0.010350679473966415,0.04953226426622142
0,0.9598923459874877,0.008520265910564028,0.031587388101948256
2,0.9604024265478547,0.00878293724143038,0.030814636210714917
0,0.9658521548541454,0.008522163221699392,0.02562568192415532
2,0.17020376285443908,0.028969548424580726,0.8008266887209803
2,0.5832862756579728,0.06359052187368085,0.3531232024683462
2,0.1096914706800983,0.08006876109116785,0.8102397682287338
2,0.017209912053316,0.008153838601954717,0.9746362493447293
0,0.9416606945608984,0.012841760051245023,0.045497545387856664
0,0.7976124071516222,0.03743736483491744,0.16495022801346038
2,0.017603544339791118,0.007241698413970847,0.9751547572462381
2,0.32499202863037824,0.10929016915188328,0.5657178022177384
0,0.9536940792849564,0.00916449463849948,0.03714142607654374
0,0.9650247658688615,0.008614139958412972,0.02636109417272546
0,0.7100217444220878,0.044942739129045894,0.2450355164488667
0,0.3442688953777204,0.13178088373878646,0.5239502208834932
0,0.6174052566522852,0.06698432386470886,0.31561041948300605
0,0.7936873932832558,0.0253383747867472,0.18097423192999723
0,0.9709925325876964,0.00597003075487574,0.023037436657427687
0,0.8538490885438671,0.01474818944547626,0.1314027220106566
1,0.3451716532763483,0.3039547131535264,0.3508736335701251
0,0.4024072665270935,0.08085739514030525,0.5167353383326013
0,0.9307119698057702,0.022664357011607617,0.046623673182622186
0,0.8366930203403927,0.02068553631152709,0.1426214433480803
2,0.014670673334392948,0.007664175829815215,0.9776651508357919
2,0.8803914797264399,0.024789683023891156,0.09481883724966889
0,0.43650306621036006,0.04922414243423115,0.5142727913554088
0,0.9671099788571564,0.007720636548852556,0.025169384593991012
2,0.11890768947187678,0.03220260829157141,0.8488897022365516
0,0.9588211400615525,0.007926040990880692,0.03325281894756684
2,0.01450450062623249,0.006616445863878654,0.9788790535098886
0,0.8930355781296057,0.012436303341540944,0.09452811852885325
2,0.9665124087199427,0.00656647844009146,0.026921112839965577
0,0.6691452766569378,0.06549566255597793,0.2653590607870845
0,0.557980222389409,0.05457808553788143,0.3874416920727095
2,0.01819802150011212,0.006809248743115253,0.9749927297567725
0,0.8988105362462926,0.018381961189853708,0.08280750256385394
0,0.9677158799046084,0.006413198022194172,0.025870922073197515
