target,prediction_0,prediction_1,prediction_2
2,0.13205651976718563,0.058228977847227095,0.8097145023855875
0,0.8144562828640612,0.022554064972862064,0.16298965216307684
0,0.9039287065583205,0.016921263182421813,0.07915003025925771
2,0.22456597065744563,0.1018705618874652,0.6735634674550892
0,0.6660883765321729,0.03527096247320257,0.2986406609946245
0,0.751637589037955,0.022695049355265343,0.22566736160677972
0,0.8592577799244843,0.03470117047266091,0.10604104960285476
2,0.046631696396975286,0.03471846261278655,0.9186498409902382
0,0.9295617412053273,0.01130289585739289,0.059135362937279876
1,0.3503034330239187,0.053074543114352606,0.5966220238617291
2,0.07582877324571505,0.02104879874100085,0.9031224280132841
0,0.7860601664182071,0.021461545629277462,0.1924782879525153
0,0.8114208217018376,0.02179244322506101,0.16678673507310102
0,0.887472778464335,0.015588382554382845,0.09693883898128193
0,0.8796790232778897,0.023586497076155875,0.0967344796459545
2,0.3656122236713355,0.0626998544085528,0.5716879219201116
0,0.8649958526632853,0.018238119439321094,0.1167660278973937
2,0.6766621510111516,0.08252961285792448,0.24080823613092386
0,0.8944152675971665,0.02104602725186706,0.08453870515096656
2,0.3718598960368877,0.06665831670634606,0.5614817872567659
0,0.7955944222829269,0.02698165085288099,0.17742392686419256
1,0.5131838254835374,0.08864075589197284,0.39817541862448974
2,0.12152536383569848,0.05781618542044378,0.8206584507438579
0,0.9136491601533611,0.016086004673221067,0.07026483517341758
0,0.5933133439716829,0.06785538236824346,0.33883127366007365
0,0.9120342837617393,0.017225610993307747,0.07074010524495236
0,0.9322088039504708,0.010322448240465402,0.05746874780906375
0,0.9344566454447547,0.010959717438314285,0.05458363711693073
0,0.5684948021646381,0.052452296339517854,0.37905290149584403
0,0.9061579695076958,0.01793361386176807,0.07590841663053577
2,0.22202087550277008,0.07241727113173158,0.7055618533654986
2,0.2717961434767845,0.03656838828911369,0.6916354682341016
0,0.43318592997100863,0.10716614747654535,0.4596479225524462
2,0.48554520199712725,0.055161068874755935,0.4592937291281169
0,0.7880802979441818,0.038112109854524415,0.17380759220129377
2,0.20932098557096174,0.04867904524463918,0.741999969184399
2,0.5878592726663738,0.03600345485679715,0.37613727247682927
0,0.8649706754033403,0.034441240955495285,0.10058808364116462
0,0.47783204516738353,0.04087819369368484,0.4812897611389316
0,0.48031159934750167,0.027751563576862325,0.4919368370756359
0,0.8951711923976142,0.015130520370665545,0.08969828723172044
2,0.347179189707506,0.1526932316148644,0.5001275786776296
0,0.8346433535990258,0.0253635158483518,0.1399931305526224
0,0.9297984104543646,0.010365376785695785,0.05983621275993959
0,0.9367454126107393,0.010526810245576562,0.052727777143684346
0,0.7471669395497751,0.03280992046869511,0.2200231399815298
0,0.8630991131491289,0.011257857771771403,0.12564302907909966
2,0.7726097832713825,0.03338005263147628,0.19401016409714109
0,0.7634440781340571,0.01999335249206452,0.21656256937387774
2,0.46843030270114133,0.06982725209367095,0.46174244520518765
0,0.877484969180948,0.032034582487625585,0.0904804483314264
0,0.9263910737934913,0.014987122924282122,0.05862180328222663
2,0.03450210378681627,0.19251796090105047,0.7729799353121332
2,0.39663703547922285,0.053485330216836616,0.5498776343039405
2,0.4024910126381078,0.042332247291523926,0.5551767400703683
0,0.9110029664929058,0.015338492985078165,0.07365854052201627
0,0.7889308040926594,0.04168209143218125,0.1693871044751594
0,0.6293300839626201,0.10131621126511609,0.2693537047722637
0,0.9053819257407071,0.013535936848896132,0.08108213741039684
0,0.8761979623997067,0.03250285438388655,0.09129918321640676
1,0.6759248096824004,0.04451736813172264,0.279557822185877
2,0.7077785727963026,0.035753430947071466,0.256467996256626
0,0.8027003699773988,0.029201731594371526,0.168097898428229
2,0.03695979406607913,0.02198164097340211,0.9410585649605184
2,0.2175831196972822,0.05327150892063562,0.7291453713820818
2,0.0063675548589341695,0.0016420361247947454,0.9919904090162711
1,0.8061417094125166,0.021639612780855657,0.17221867780662772
2,0.4042255552600243,0.039512750206719176,0.556261694533256
2,0.18467303617526376,0.07138733540865891,0.7439396284160772
0,0.7987454117353538,0.027414979771969883,0.17383960849267624
0,0.9456537433226891,0.005197407028843822,0.049148849648466976
0,0.843700123464502,0.02459492228457789,0.13170495425092013
0,0.9298263065829989,0.018563263646404052,0.051610429770597065
0,0.9241214567632706,0.018431642833422798,0.05744690040330627
2,0.0,0.0035230394605394602,0.9964769605394606
2,0.09529938119406785,0.0186656564806363,0.8860349623252951
0,0.9292888176379972,0.010508547544268285,0.06020263481773429
0,0.46211983224895564,0.041658462956292594,0.49622170479475175
0,0.8385110550186514,0.009909959336313107,0.15157898564503566
0,0.7845521670842355,0.023877606592473725,0.1915702263232908
0,0.5855119297105078,0.0481869384444775,0.36630113184501484
2,0.8757513096138975,0.016080590651882186,0.10816809973422024
1,0.6439799082488227,0.020682688125518787,0.3353374036256586
0,0.7566132245929312,0.03660753055773848,0.20677924484933016
0,0.745559286550717,0.03164584231803925,0.22279487113124352
2,0.6184366562619392,0.06646254530750755,0.3151007984305532
0,0.9319205072798252,0.011657391008784122,0.056422101711390296
2,0.2060326269701141,0.10599519829634914,0.6879721747335368
0,0.9280006050685019,0.013411022859323477,0.05858837207217459
0,0.6977600447865748,0.03429786166576359,0.26794209354766146
0,0.8102203609052925,0.010958904109589041,0.17882073498511858
0,0.6519978976307437,0.0518175479108242,0.2961845544584323
0,0.7765247531981119,0.03352312088565588,0.18995212591623234
0,0.9372465057430156,0.01298281641375102,0.049770677843233614
0,0.932797904391999,0.013409165469693203,0.05379293013830761
0,0.8957157583786476,0.007077331411531443,0.09720691020982072
0,0.9328422700842024,0.009440321709311103,0.05771740820648628
2,0.04050611538096452,0.04628542146607632,0.9132084631529591
0,0.875474784495777,0.037091501520747854,0.08743371398347526
0,0.6638716813992213,0.051915409913226754,0.2842129086875523
2,0.010505319148936171,0.0859302753983605,0.9035644054527033
2,0.007699049821058708,0.003935329021386602,0.988365621157555
2,0.04217863109425372,0.04964877264151327,0.9081725962642331
2,0.09424409968737268,0.04280991094517218,0.8629459893674551
0,0.9308606243053394,0.010989399767849326,0.05814997592681099
0,0.9221255093606856,0.017737240605311674,0.06013725003400271
0,0.9225476045060622,0.014933987133851332,0.06251840836008651
2,0.5790101276833484,0.07807588293755238,0.34291398937909917
0,0.5704375909421544,0.05262446217070411,0.3769379468871416
2,0.15638313462827944,0.052751570851759015,0.7908652945199616
0,0.9049945740095627,0.024082856386843546,0.07092256960359354
2,0.25776382468935155,0.07108131571573643,0.6711548595949123
0,0.8203318165175919,0.022386961739943492,0.15728122174246464
2,0.18104748379370783,0.05593363884962912,0.7630188773566635
0,0.9204946600148509,0.013714572597548037,0.06579076738760116
0,0.49465913997065053,0.034058842720649365,0.4712820173087001
0,0.9288275838539685,0.009540896487703752,0.061631519658327805
0,0.9283729727603004,0.010888186623646136,0.0607388406160535
0,0.9244211402790259,0.01664613619395318,0.058932723527021016
2,0.5417708796067083,0.06536598661054432,0.39286313378274723
0,0.9113347719184534,0.013887246896464686,0.07477798118508208
0,0.9069751011164685,0.020729450253798284,0.07229544862973311
0,0.7483774767568298,0.034834617669932316,0.21678790557323763
0,0.9388942951373036,0.007299206633030217,0.05380649822966631
0,0.7219798278562317,0.02293338801261992,0.2550867841311479
0,0.7030354423640338,0.06169399361477785,0.23527056402118832
0,0.8278870095374541,0.02047609703286496,0.151636893429681
0,0.8400190442384464,0.01775256164262965,0.1422283941189242
2,0.3154070566477875,0.0754966143124367,0.6090963290397758
0,0.8820436202338487,0.02491028779431565,0.09304609197183514
2,0.18590192121066682,0.028909080471204662,0.7851889983181284
0,0.6394514125424584,0.03214477823389647,0.3284038092236449
2,0.06261493994887048,0.04597625449158879,0.8914088055595414
0,0.8583297715709612,0.0395907026211227,0.1020795258079161
2,0.7165892215372984,0.08878276264269812,0.19462801582000297
2,0.5101048504921533,0.019060291178600964,0.4708348583292457
0,0.696733668877527,0.0750046871523645,0.22826164397010862
0,0.9456537433226891,0.005197407028843822,0.049148849648466976
0,0.9345553966149593,0.012413040229074409,0.053031563155966265
2,0.7359920376723378,0.023433383329904023,0.2405745789977583
0,0.5122465065678036,0.07543167815949302,0.41232181527270334
0,0.34861904120493026,0.061660674885335755,0.589720283909734
0,0.7687791782949054,0.03561852569293127,0.19560229601216297
0,0.3927114181587771,0.038366931457376977,0.5689216503838458
0,0.8114958894899493,0.030011483567148726,0.15849262694290214
0,0.9091350710872322,0.006985903485843418,0.08387902542692409
2,0.19819939696622837,0.05915187975906911,0.7426487232747029
0,0.9117732398502744,0.01805428935083265,0.07017247079889294
0,0.7861173715503551,0.04211484246650347,0.17176778598314144
2,0.2667878927223616,0.06337885944201269,0.6698332478356258
0,0.9332846242385067,0.009971942837862388,0.05674343292363101
2,0.3543655202355189,0.05808999237868344,0.5875444873857976
0,0.9376570637243437,0.012527487115563878,0.04981544916009273
0,0.8797939220333957,0.015873172723778323,0.10433290524282621
0,0.5021668375936401,0.028969511711433756,0.4688636506949261
0,0.6908206819894798,0.0290925640244977,0.2800867539860219
2,0.15035622180707914,0.05039817765176734,0.7992456005411536
2,0.045820671762115586,0.0023457658925639217,0.9518335623453203
2,0.7409096709969399,0.021866247220834995,0.23722408178222504
0,0.9169853441251482,0.014048528588847274,0.06896612728600444
0,0.1150631302400917,0.04595235347277528,0.8389845162871332
0,0.9395541905934647,0.008874402803844869,0.05157140660268996
2,0.7856870521350151,0.02490779718804152,0.18940515067694322
2,0.7386922224802225,0.03361434695682035,0.2276934305629568
0,0.7606023554810849,0.022578845588359934,0.21681879893055497
2,0.39974588069623423,0.06461680940693551,0.53563730989683
0,0.9214310204879184,0.015346339456017445,0.0632226400560641
2,0.02862841447375114,0.007844472776835193,0.9635271127494136
2,0.7327410490399735,0.02166261578119347,0.24559633517883306
0,0.9092921786244051,0.015504618632868564,0.07520320274272664
0,0.5682415617405967,0.07569258097615678,0.35606585728324675
1,0.3926599408616144,0.0674633616761688,0.5398766974622168
2,0.264191566607603,0.04799826714119592,0.687810166251201
0,0.738767458711026,0.02739825933546049,0.23383428195351358
2,0.3645427977846324,0.08848399196259459,0.546973210252773
2,0.14860179466073462,0.0559210287410745,0.7954771765981908
0,0.932359005574241,0.008833605578347344,0.05880738884741138
0,0.19049409445793672,0.04044028963725588,0.7690656159048074
2,0.3088250413791246,0.06144134450250182,0.6297336141183737
0,0.9216066453981515,0.008962455270745746,0.06943089933110273
0,0.38559862255668725,0.05799061947458048,0.5564107579687323
0,0.5554094242751246,0.07250564758630137,0.372084928138574
2,0.028015499285660574,0.002331002331002331,0.9696534983833369
0,0.9323804827117662,0.006447644447912409,0.06117187284032134
2,0.3495002901996729,0.0856512119683443,0.5648484978319821
2,0.5123661019515958,0.045656655639305856,0.44197724240909836
1,0.617505695781698,0.09008238524679067,0.29241191897151153
0,0.39668939136647285,0.040301384351902135,0.5630092242816251
2,0.49971977000441864,0.043070284249689804,0.4572099457458916
2,0.482812884990345,0.11012522118326153,0.40706189382639346
0,0.6205785764217069,0.04014740102208527,0.33927402255620775
0,0.9403460980972517,0.011500341626268094,0.04815356027648031
0,0.5803304086940482,0.04425317827297192,0.37541641303298023
2,0.33523659294114677,0.06449342982671548,0.6002699772321379
2,0.36254010760877275,0.05286289459208559,0.5845969977991416
0,0.9332846242385067,0.009971942837862388,0.05674343292363101
0,0.5608350189023039,0.06016552668419253,0.3789994544135035
0,0.92995067458497,0.013329011149918064,0.05672031426511173
2,0.6993745271614915,0.027703642654913672,0.2729218301835949
0,0.9141592544054897,0.011665870404563322,0.07417487518994693
0,0.8777778566700303,0.016988825422992192,0.1052333179069771
0,0.9199322845663936,0.01567352239838934,0.06439419303521704
2,0.8012651503291174,0.025691583490917793,0.1730432661799653
0,0.929876470825897,0.015001061951572265,0.055122467222530516
0,0.7600296372719489,0.015605610367065153,0.22436475236098585
0,0.22221837115412962,0.040879106703410106,0.7369025221424602
0,0.895267544120333,0.008255413737062234,0.09647704214260466
2,0.4015340530234147,0.0527130277130277,0.5457529192635576
0,0.9324181279580169,0.011724271964597232,0.05585760007738588
2,0.051039114087122694,0.012475535137821155,0.936485350775056
0,0.9250781165307066,0.012662326936975811,0.0622595565323175
2,0.8306905694383453,0.0390317004640576,0.13027773009759702
2,0.11686205339320645,0.07857452017404842,0.8045634264327451
2,0.18088411170723045,0.019173546092008706,0.7999423422007609
0,0.703077764558359,0.034430527884307255,0.2624917075573338
0,0.8472217634212508,0.03456794414593232,0.11821029243281705
0,0.9185763814540591,0.013331713929476725,0.06809190461646356
0,0.6428188582812546,0.042032408119342196,0.31514873359940304
2,0.8687610890169517,0.01046714710371329,0.1207717638793361
0,0.9175446849820199,0.017270932766019757,0.06518438225196045
0,0.34984926229533575,0.0728344273584328,0.5773163103462311
0,0.94599741121549,0.0025962509594796594,0.05140633782503029
2,0.8935692514509551,0.018902801706128434,0.08752794684291627
2,0.3927114181587771,0.038366931457376977,0.5689216503838458
2,0.16128789036178692,0.044229719947787946,0.7944823896904256
0,0.9257162323943595,0.01401630324472308,0.06026746436091746
0,0.9096641856170782,0.01831294356057995,0.0720228708223421
2,0.481513639562038,0.024940995060757164,0.4935453653772048
2,0.10419660748608117,0.03884364904101746,0.8569597434729014
2,0.28905435363051846,0.07330193856717625,0.6376437078023055
0,0.8305082345482155,0.021635664725502983,0.14785610072628141
2,0.04623792418853607,0.020601656245965196,0.9331604195654987
0,0.8525458055933767,0.04064490403603933,0.10680929037058372
0,0.9104481289036658,0.023510785601495453,0.0660410854948384
0,0.26862756808408983,0.044520425226946964,0.6868520066889633
0,0.589602635498707,0.029725652839349845,0.3806717116619434
2,0.5230204584711301,0.03686861848229445,0.4401109230465754
2,0.9153396361386079,0.009374781852035378,0.07528558200935676
0,0.9429757384836704,0.00723023867277066,0.04979402284355911
2,0.6883152259277605,0.022794359127565004,0.28889041494467443
2,0.26004682311846883,0.049735344452153094,0.6902178324293782
0,0.9243124346348911,0.014404396335162366,0.06128316902994571
0,0.9390631902679584,0.00890602941991788,0.05203078031212341
0,0.9167393643186186,0.007856531954101088,0.0754041037272801
0,0.8528520584641195,0.035092348096062834,0.11205559343981775
2,0.034330074972900936,0.033872998908147614,0.9317969261189514
0,0.47895043136858445,0.07435502125580995,0.44669454737560554
0,0.7838131523504295,0.02872354416045944,0.1874633034891111
2,0.17992217193128615,0.032682324774075004,0.7873955032946388
0,0.9153150298111704,0.01194066284698446,0.07274430734184525
0,0.26335504876233234,0.07041527120081902,0.6662296800368487
2,0.34087609657006995,0.031046154100440787,0.6280777493294891
2,0.11472959720404334,0.04214108529125546,0.8431293175047015
1,0.5553748480047481,0.030794724169087927,0.41383042782616364
0,0.9337086505296631,0.010752000974346572,0.05553934849599003
0,0.8744045142038464,0.015542877591006211,0.11005260820514755
2,0.3561805183495397,0.060141323452763074,0.5836781581976974
0,0.9057958379697727,0.01560113581568021,0.0786030262145471
0,0.94599741121549,0.0025962509594796594,0.05140633782503029
1,0.2618543259980678,0.09214812501836943,0.6459975489835632
0,0.7695531380597374,0.03185803621888461,0.19858882572137776
2,0.37120902739467476,0.07960020942912052,0.5491907631762049
0,0.1994741073030308,0.054706438903611786,0.7458194537933573
0,0.9316921233167343,0.013938401662009199,0.054369475021255685
2,0.2084936297161016,0.051093535677805335,0.740412834606093
0,0.5415698115534786,0.04449084434814927,0.4139393440983722
0,0.5582570566431592,0.09495124651794977,0.346791696838891
0,0.6621677466505497,0.03033656104613873,0.3074956923033115
2,0.5189251329466606,0.07413739958770815,0.4069374674656313
2,0.019485969249972996,0.025963779809933654,0.9545502509400934
0,0.7768897437764158,0.060303031978525344,0.1628072242450589
2,0.2328642252153698,0.03609403691303599,0.7310417378715939
0,0.922077911379841,0.014647687604066465,0.06327440101609173
2,0.29859061066619014,0.12885056430952557,0.5725588250242842
0,0.8830558882549775,0.01574214245185285,0.1012019692931699
0,0.7005458853965396,0.07301712613229619,0.22643698847116367
2,0.75837518767816,0.03340698287310334,0.20821782944873654
0,0.6353512696867127,0.062353769648073445,0.3022949606652138
2,0.6316877972920908,0.03705540197038714,0.33125680073752223
0,0.9231443988773278,0.010278037224387472,0.06657756389828469
2,0.9381096547807175,0.00832903369179123,0.05356131152749144
0,0.8455336310888292,0.028949903867380288,0.1255164650437908
0,0.9159802632250102,0.010149542336622536,0.07387019443836687
0,0.58969863480651,0.06870357653384497,0.341597788659645
0,0.9260319054738424,0.013046026621395666,0.06092206790476129
2,0.1414945984640654,0.04112915601784201,0.8173762455180924
0,0.4201278064215772,0.05801077221826603,0.5218614213601569
0,0.8867118471591139,0.006783604877177591,0.10650454796370852
2,0.07281924592526237,0.036108584081338914,0.8910721699933987
0,0.9276940007358118,0.012533860958883395,0.05977213830530485
0,0.9172292251617093,0.014800933412692058,0.06796984142559845
0,0.8584970956499417,0.0275278981650971,0.11397500618496119
2,0.21499676913227347,0.10559289315693837,0.6794103377107882
2,0.012366625310173697,0.0044537761659349745,0.9831795985238914
2,0.3091335738785253,0.023092872237798684,0.667773553883676
2,0.25374482505623286,0.055885698978948205,0.6903694759648189
2,0.5306636281726862,0.04628790928609769,0.4230484625412162
2,0.5283152520012371,0.0570065093409021,0.41467823865786085
0,0.8193073030343315,0.02725777076435186,0.15343492620131668
0,0.919911166083459,0.0118460386929547,0.06824279522358617
0,0.9272663180243778,0.01495154847686945,0.05778213349875279
1,0.5584362526174758,0.11002198130173428,0.33154176608079
1,0.8150658128158063,0.027122478417264055,0.15781170876692993
0,0.8278449576969458,0.01923916602167599,0.1529158762813781
2,0.10331053911049552,0.0414954475611138,0.8551940133283905
2,0.839519942289974,0.01451021148114666,0.14596984622887965
0,0.5425389642100114,0.09249454293184874,0.36496649285814003
0,0.923020903067189,0.010153994965444743,0.06682510196736645
0,0.9074768290450124,0.011373179000340258,0.08114999195464741
2,0.31894814765833707,0.07601000765715084,0.6050418446845122
0,0.5469617909974119,0.036224895742477524,0.41681331326011045
0,0.8881807300638505,0.01701785911109747,0.09480141082505202
0,0.8814979953041088,0.01905568671818762,0.09944631797770334
2,0.7623377700970065,0.024428520103623133,0.21323370979937023
0,0.9012293759795216,0.0266945257575607,0.07207609826291747
0,0.9329596851187082,0.01266841100607685,0.054371903875214234
0,0.555755451494414,0.07952287883920071,0.36472166966638514
0,0.8644773273011159,0.028534542798475355,0.10698812990040867
0,0.8072135130453302,0.019649384852254204,0.17313710210241556
2,0.5231921160898337,0.08183829812956447,0.3949695857806017
0,0.9260673342344223,0.009092100184636092,0.06484056558094156
0,0.8633361477467834,0.03265942321239677,0.10400442904081991
0,0.8081267635131568,0.019220578419344284,0.17265265806749888
2,0.6876076825651282,0.03780975968263509,0.2745825577522367
0,0.5013401981757994,0.04006564583964037,0.45859415598456044
0,0.5668904660937304,0.05672249725877517,0.37638703664749446
2,0.15426100472447923,0.08234239492165722,0.7633966003538634
0,0.7906098327477183,0.01822714832605049,0.19116301892623114
2,0.22544007392834092,0.08885526895012633,0.6857046571215327
2,0.40722162379924726,0.05231495795990384,0.540463418240849
0,0.9234085647089616,0.016978308696108384,0.05961312659493008
0,0.8120768704402906,0.04526001050221271,0.1426631190574968
0,0.7820488794712248,0.01459967868417568,0.20335144184459955
2,0.6330633578760393,0.06908322037211258,0.297853421751848
0,0.8182103423925495,0.061744973190914335,0.1200446844165362
2,0.77696613753768,0.03422849653239031,0.18880536592992964
2,0.58721003868411,0.04778671489347725,0.3650032464224128
0,0.9181832993200923,0.007915326333780445,0.0739013743461272
0,0.8871681146000363,0.017551346110755997,0.09528053928920795
2,0.11409796263591175,0.08031537228060089,0.8055866650834873
0,0.5275242940421505,0.053435689126191586,0.41904001683165804
0,0.6091919082151603,0.02318750722592794,0.3676205845589119
0,0.7234784855469257,0.03490320405675694,0.24161831039631754
0,0.9127357046600083,0.015757851571819827,0.07150644376817179
0,0.5543898769964426,0.02844277153057867,0.41716735147297873
2,0.12749950127272108,0.055054549691973625,0.8174459490353051
0,0.9294715733671982,0.009066434807575664,0.06146199182522598
0,0.691910168077632,0.0672959178277865,0.24079391409458162
1,0.32462139308488136,0.058665179074907835,0.616713427840211
0,0.6613990684708669,0.027021524467837982,0.3115794070612951
2,0.5736900394065214,0.030246191204726953,0.39606376938875193
2,0.3689054880955974,0.05197168910375572,0.579122822800647
0,0.8705492448849241,0.015639969939599575,0.11381078517547565
0,0.9226748878006507,0.013210709968522435,0.06411440223082704
2,0.07154759228727808,0.03267133267365245,0.8957810750390697
0,0.9099803995418967,0.014681364086728663,0.07533823637137481
2,0.11518279401275028,0.0387402416186698,0.8460769643685803
0,0.9365710877871806,0.0025962509594796594,0.060832661253339824
0,0.8389139368061849,0.031587525023114064,0.12949853817070114
0,0.7346880926839611,0.029135415762765394,0.2361764915532735
0,0.939185837186924,0.008595465281271007,0.05221869753180489
2,0.328999635747168,0.07773059154778339,0.5932697727050485
0,0.9229751367844965,0.011110740085852963,0.06591412312965045
0,0.8605407354320779,0.021801562758742482,0.11765770180917959
0,0.7625844552551347,0.02487829123309548,0.21253725351176986
0,0.8795045534325194,0.013034679522398432,0.1074607670450816
2,0.41666570559322796,0.04044493042223467,0.5428893639845374
0,0.8320749060512678,0.043591997426126405,0.12433309652260566
0,0.41815924265601123,0.07213984950591133,0.509700907838077
0,0.6814786145864964,0.04568959731780387,0.27283178809569975
0,0.8568896737464109,0.03136586245399164,0.11174446379959738
2,0.3754445304830356,0.06004025825574527,0.5645152112612191
2,0.41457946304794563,0.04527723977170609,0.5401432971803483
0,0.48841017276822846,0.014453244173760926,0.49713658305801056
0,0.8226586533617936,0.0325208232156539,0.14482052342255258
2,0.5560322590536446,0.060331168189626236,0.383636572756729
0,0.8695348862188523,0.027235957153549085,0.10322915662759864
0,0.9325077223151713,0.01317931705196853,0.05431296063285982
0,0.921542161738395,0.01733973165945385,0.061118106602151306
0,0.9339482397065323,0.011829355856617723,0.054222404436849406
0,0.9388451045188344,0.010055731086910609,0.05109916439425481
0,0.6675464394933822,0.029391562702499784,0.30306199780411797
2,0.1262494495319341,0.06509887318670086,0.8086516772813649
0,0.7447749784012541,0.02169755638904115,0.23352746520970472
0,0.6936671292069259,0.03942423668254812,0.266908634110526
2,0.4548362933144845,0.05312202874266843,0.49204167794284714
2,0.44730280851376586,0.05126573634833102,0.5014314551379031
2,0.4345154227729082,0.07096430120251938,0.49452027602457244
0,0.4558076839617696,0.04980621164350958,0.4943861043947208
0,0.7632678217387754,0.03614331074720665,0.20058886751401783
0,0.9309433420284097,0.012385163275160255,0.05667149469642994
0,0.38937813929670256,0.06835339052744471,0.5422684701758528
2,0.6597303269246598,0.02964274027214388,0.3106269328031961
0,0.895443680572881,0.027451379950197346,0.07710493947692165
2,0.32936008227175567,0.11699381741977814,0.5536461003084662
0,0.8526499513180249,0.022773431394180366,0.12457661728779466
0,0.9030437916824972,0.018994555583521207,0.07796165273398166
0,0.3616543438985115,0.05951276640566141,0.5788328896958271
0,0.6113583354010319,0.026152757521535012,0.3624889070774332
2,0.7126999033102963,0.03142322641014,0.2558768702795639
0,0.5554888446982031,0.07634245662253605,0.36816869867926083
0,0.8792392320032518,0.011942652256177948,0.10881811574057045
0,0.5264640452392317,0.06761923673866423,0.40591671802210394
2,0.9331777159754203,0.009592253467661176,0.05723003055691812
0,0.6910655009715694,0.01885225462202025,0.29008224440641067
0,0.5290918078472026,0.10236003878449348,0.36854815336830404
1,0.1423118929109058,0.08375463574628098,0.7739334713428131
0,0.8350129957278571,0.02311021652094655,0.14187678775119614
0,0.9032525514937412,0.025917893566019878,0.07082955494023899
0,0.8885823611731205,0.012615313144462922,0.09880232568241658
0,0.8270492440515451,0.02538685361586096,0.14756390233259395
0,0.9121514537860482,0.014067380243805933,0.07378116597014578
0,0.9290520178540832,0.009601810208099196,0.0613461719378177
2,0.3416399883444139,0.04000160337595313,0.6183584082796327
2,0.31266265585629177,0.042365593876240885,0.6449717502674674
0,0.9008872363933437,0.021351572329536612,0.07776119127711989
2,0.6396194523826483,0.07156538976830867,0.2888151578490429
2,0.3823092371362344,0.10551687541430313,0.5121738874494625
0,0.9161281281892761,0.008442589877915022,0.07542928193280864
0,0.9179252669248192,0.014080540836066514,0.06799419223911415
2,0.6630736084651974,0.05558168852139082,0.2813447030134117
0,0.8006773541937342,0.030598516256420058,0.16872412954984572
2,0.2409674081794525,0.03752300571474413,0.7215095861058038
0,0.6273471389256681,0.06225589223362203,0.3103969688407099
2,0.1640307119631312,0.040434403608802585,0.7955348844280661
2,0.05314203406578063,0.030057969178962658,0.9167999967552574
2,0.0016420361247947454,0.0016420361247947454,0.9967159277504104
2,0.0781235741205749,0.07905637025460942,0.8428200556248158
0,0.9298263065829989,0.018563263646404052,0.051610429770597065
0,0.89773426172941,0.010314256260693438,0.09195148200989647
1,0.47741927878211315,0.06979760750665602,0.4527831137112308
2,0.2000217075418649,0.05886880619441489,0.7411094862637203
0,0.9055642800098325,0.0179923860630209,0.07644333392714643
2,0.6000419012544616,0.041221281932843516,0.3587368168126951
0,0.26001360833893405,0.02874145091985122,0.7112449407412141
0,0.6609408431829937,0.028275995734481963,0.3107831610825241
0,0.8425016425065892,0.03321593190770671,0.12428242558570403
0,0.939985124170938,0.008364179881726885,0.051650695947335054
0,0.7887513493424277,0.01313920773076918,0.19810944292680305
0,0.49296188040208716,0.03089525845544593,0.47614286114246684
2,0.21050544228973103,0.066899795182425,0.7225947625278439
0,0.9263708845589561,0.01405618255380323,0.059572932887240686
2,0.8694074594746893,0.015219404942994688,0.11537313558231577
2,0.07902719921587845,0.05816443215365048,0.8628083686304711
0,0.9125001351297491,0.0209511568300217,0.06654870804022925
0,0.9368283158830064,0.013385227625811381,0.04978645649118232
0,0.9290870113891696,0.010291742607064985,0.06062124600376559
0,0.9244068957619815,0.014596938793253746,0.06099616544476464
0,0.7826690781349103,0.01569918463336215,0.2016317372317275
0,0.9111007063385429,0.01734786508328804,0.07155142857816897
0,0.8430216971543912,0.03997937539684988,0.11699892744875859
0,0.9386113282480055,0.009241474107022921,0.05214719764497187
2,0.22869225722933123,0.06915099248838162,0.7021567502822871
0,0.8969672667886838,0.024387404999854145,0.07864532821146213
2,0.10971911214281602,0.04206477570306203,0.8482161121541221
0,0.7627125422774997,0.02434978057896619,0.21293767714353404
2,0.20732540071703573,0.03929189537766615,0.7533827039052987
0,0.9183966275966589,0.029733880483185156,0.05186949192015649
2,0.03881987577639752,0.0,0.9611801242236024
2,0.396130768349937,0.07146053414868851,0.5324086975013744
0,0.902666986836011,0.014056876909210201,0.08327613625477899
2,0.19756448764244652,0.03596976139853532,0.7664657509590181
0,0.9312412802902413,0.011299949565558636,0.057458770144199554
0,0.8508513050639388,0.015134275625580099,0.13401441931048141
0,0.9121480972072783,0.009441314704625477,0.07841058808809605
2,0.37248373888175407,0.0813893995773491,0.5461268615408965
0,0.925697033849197,0.014661722247369651,0.059641243903433304
0,0.5638267159521042,0.06237478250019897,0.3737985015476969
2,0.17849940525967992,0.07097123871656512,0.7505293560237556
2,0.1110355432166158,0.08095804333636583,0.8080064134470185
2,0.21464975542964562,0.08241014150946722,0.702940103060887
2,0.11121777406894764,0.025012918305764926,0.8637693076252876
2,0.033231531667329325,0.033017413526887904,0.9337510548057827
0,0.6921682198094994,0.028284332093398687,0.2795474480971018
2,0.022101390637642347,0.0,0.9778986093623577
2,0.42156862806069845,0.06644121057196337,0.5119901613673383
2,0.026442248105562963,0.004330373931099884,0.9692273779633371
2,0.030932418126823298,0.025006595010952926,0.9440609868622236
0,0.7542567091902048,0.03872728645049162,0.20701600435930337
2,0.7236540286391675,0.017166501955253044,0.2591794694055795
0,0.8512044147325936,0.03808111423196122,0.11071447103544552
0,0.8992144706502672,0.012249769981130663,0.08853575936860171
0,0.8775252744039552,0.016084986640189026,0.10638973895585593
0,0.7672011721732093,0.03748272876635097,0.1953160990604401
0,0.6400170261814861,0.03572062681556862,0.32426234700294515
0,0.9334515834915449,0.012097644162408385,0.054450772346046734
2,0.15038215190968166,0.062141199793625264,0.787476648296693
2,0.5253544940139506,0.0871071962265825,0.38753830975946696
2,0.7585721313587184,0.015782503136583817,0.2256453655046979
2,0.2579535735787062,0.04422219930807774,0.6978242271132161
2,0.0037920096369455114,0.0008183306055646482,0.9953896597574899
0,0.933162927170224,0.011600458675915151,0.05523661415386063
2,0.23587921138571855,0.04850669976608982,0.7156140888481917
2,0.02622222222222222,0.0,0.9737777777777777
0,0.9310316902533899,0.012588851270949847,0.0563794584756604
0,0.7762572435357425,0.03473175817763703,0.1890109982866204
0,0.8243501004606325,0.01925007140860808,0.1563998281307592
2,0.0612626710654298,0.024026356585039304,0.9147109723495315
2,0.11125,0.06774891774891775,0.8210010822510823
1,0.8152341949334015,0.04544396740512782,0.13932183766147055
0,0.33497257980485157,0.036461818153649676,0.6285656020414989
0,0.7625096181826734,0.01887577576236117,0.2186146060549656
2,0.5645273025572123,0.03874379413907421,0.3967289033037134
0,0.9057092571787845,0.01929094862818647,0.07499979419302887
0,0.44560336274323076,0.11544524741134067,0.43895138984542875
0,0.9297870156252604,0.008745271755825993,0.06146771261891278
0,0.5321356360095751,0.06179967303214816,0.4060646909582763
2,0.09924322707215058,0.060863245060417945,0.8398935278674313
2,0.005565870539633658,0.001193863035968299,0.993240266424398
2,0.21529165153921767,0.060409653111926365,0.7242986953488557
2,0.9254464681212643,0.005892659598287241,0.06866087228044844
0,0.6038415818019024,0.03246687117005552,0.3636915470280421
0,0.5894485935877551,0.054433668211545105,0.35611773820069986
2,0.5754971480036439,0.04013370016320128,0.3843691518331548
0,0.7914649935094046,0.028661502343756588,0.17987350414683906
2,0.5892275299720022,0.012986072889994977,0.3977863971380028
0,0.9225489871854478,0.012370595901583249,0.06508041691296917
0,0.5532319446163289,0.02701583045180141,0.41975222493187
2,0.5527622850091364,0.05082927734373738,0.3964084376471262
2,0.6023262677229299,0.031009155176733846,0.3666645771003362
0,0.9016589878600303,0.02137494796809855,0.0769660641718711
0,0.5359360152162006,0.03490876623244892,0.42915521855135047
2,0.5359245294502258,0.08493539369864972,0.37914007685112455
1,0.40886010152430524,0.04850819539130004,0.5426317030843947
0,0.7611757534274516,0.012111387868221697,0.22671285870432673
2,0.030124223602484467,0.06544325239977414,0.9044325239977414
0,0.8524103206697409,0.010800789869042518,0.13678888946121656
0,0.3022103637333319,0.06433812399385733,0.6334515122728109
0,0.9173311581812872,0.0069673185332686,0.0757015232854443
2,0.13264961308069825,0.03728850359413048,0.8300618833251713
1,0.38017140158769863,0.07873922679451112,0.5410893716177902
0,0.9311760759171812,0.012118132759841454,0.05670579132297724
2,0.25582463152633217,0.03507717069954433,0.7090981977741232
0,0.9115368341424869,0.00670094008242441,0.08176222577508899
0,0.8823938018462888,0.0180280406295695,0.0995781575241418
0,0.6778876931213733,0.033699296990722834,0.28841300988790386
1,0.5831675800366202,0.07719071013728222,0.33964170982609776
2,0.0,0.0,1.0
2,0.3332503228937608,0.06529059070916231,0.6014590863970767
2,0.3403932495594581,0.04633544786153084,0.6132713025790111
2,0.43462141664034704,0.07236150899027165,0.49301707436938114
2,0.22070708310600667,0.06898833642060982,0.7103045804733834
0,0.9227974285597192,0.01423755646030684,0.06296501497997399
2,0.48799698247549356,0.06722428278689781,0.44477873473760854
0,0.3777224569837448,0.04620861612929327,0.576068926886962
1,0.33287681087108834,0.04560510904980765,0.6215180800791039
2,0.16940221124571556,0.06600605621345715,0.7645917325408272
0,0.8278551785372883,0.04072066308917732,0.13142415837353463
2,0.05813680494881504,0.03890046811729342,0.9029627269338915
0,0.8818750811953644,0.0260001548201223,0.09212476398451336
0,0.6040500609767107,0.0628497246312639,0.33310021439202553
0,0.9103374000324884,0.021836425951014208,0.06782617401649736
2,0.08181814646966745,0.03635587255978901,0.8818259809705435
0,0.9344422853328436,0.009294400342659253,0.05626331432449711
2,0.3408720606021029,0.04480904945855518,0.6143188899393419
0,0.9264605094412183,0.01341822026434393,0.06012127029443736
0,0.8625878684122212,0.029829740481275544,0.10758239110650299
2,0.5303471730232308,0.09068716759609657,0.37896565938067284
2,0.13938794150675404,0.04221208073402335,0.8183999777592228
0,0.5819937008938701,0.0650022983863384,0.35300400071979127
0,0.8840733268806374,0.030266883674998208,0.0856597894443639
0,0.932309829751051,0.011630688901514292,0.05605948134743466
0,0.9162876948758298,0.008668054018086067,0.07504425110608379
2,0.9104379514126314,0.019352037034161832,0.07021001155320679
0,0.9335572037236101,0.012314617634084262,0.05412817864230592
0,0.5837692944677677,0.06021199961632426,0.356018705915908
0,0.5873816590023748,0.10011127633441194,0.3125070646632132
0,0.5059203560460309,0.019805953784728686,0.4742736901692403
1,0.5584796987157364,0.08794001093367948,0.35358029035058397
0,0.9331017578171636,0.012575210181650557,0.05432303200118502
0,0.42985524078843274,0.08331712825880375,0.48682763095276355
0,0.3161786900604127,0.05433747574173159,0.6294838341978557
0,0.9305725497563706,0.012141918850303563,0.057285531393325644
0,0.2504774804658706,0.032727959604894594,0.7167945599292349
0,0.8702989767424745,0.027583322073900695,0.1021177011836249
2,0.4326458666723044,0.03435223555375568,0.5330018977739399
2,0.11779191150530283,0.0388945294412718,0.8433135590534254
2,0.8293831814550507,0.02009258470594179,0.15052423383900743
2,0.22592443177034646,0.048016585854776736,0.7260589823748769
2,0.8455522929127826,0.0347719991934979,0.11967570789371969
0,0.9356600460978574,0.01093213509735029,0.053407818804792555
2,0.20817344060257004,0.05544717067464112,0.736379388722789
0,0.5027239975266394,0.06802566640679204,0.4292503360665685
0,0.9268399931618202,0.0069673185332686,0.06619268830491119
0,0.8946811229223126,0.02188799991841999,0.08343087715926745
0,0.9068982063823544,0.016876680472029473,0.07622511314561627
2,0.1577552410377256,0.07590968399751168,0.7663350749647627
2,0.861556915842835,0.02568219413190489,0.11276089002526012
0,0.9371050888749574,0.009019442274128157,0.053875468850914196
1,0.6504681376348859,0.07572464849647713,0.27380721386863677
0,0.9332166484268041,0.01011741995158522,0.056665931621610474
0,0.6930267752608172,0.04772309992981873,0.25925012480936405
0,0.932359005574241,0.008833605578347344,0.05880738884741138
2,0.0036363636363636364,0.026455026455026454,0.9699086099086098
0,0.9026580674683524,0.016112072719418304,0.0812298598122291
2,0.2751749425610716,0.0554510817022582,0.6693739757366703
2,0.6831166167876681,0.028779519352515957,0.28810386385981607
2,0.28212058928794187,0.11358784344304769,0.6042915672690106
0,0.2335214227353861,0.03895601540096452,0.7275225618636494
2,0.0,0.0,1.0
2,0.5422666503926975,0.07388760752183164,0.38384574208547056
0,0.8941359143028667,0.02173415538048085,0.08412993031665267
0,0.47021749089674425,0.05413226275526775,0.4756502463479881
0,0.9197328614176351,0.016903480508512713,0.06336365807385173
0,0.05766494767521996,0.003438778573484107,0.9388962737512969
0,0.9217371762034768,0.008066459158995067,0.07019636463752801
0,0.5485403245149412,0.06620257793866108,0.38525709754639775
1,0.18545957218230102,0.08075233990526501,0.733788087912434
0,0.5884552185065959,0.02168498539594587,0.38985979609745836
0,0.7597115459237783,0.02474547214722416,0.21554298192899762
2,0.3625165939186411,0.0675386774515846,0.569944728629775
0,0.6192126987099764,0.05955182892179285,0.3212354723682307
0,0.8988932422644927,0.013344839086011383,0.08776191864949559
0,0.9251329003927576,0.013588904063483925,0.06127819554375875
2,0.9304089541241878,0.010870356816390467,0.0587206890594217
0,0.9315618327057759,0.008957021196790845,0.05948114609743357
2,0.37954703694724784,0.05015500979367263,0.5702979532590795
2,0.6418159327846945,0.04942453077206721,0.30875953644323817
2,0.12359388257502472,0.1617143888912203,0.714691728533755
2,0.06309968616469974,0.004056576032009746,0.9328437378032902
0,0.8546944904890985,0.026412103525520283,0.11889340598538098
0,0.9114650246239624,0.010697337595262145,0.07783763778077527
2,0.0,0.0,1.0
2,0.30416677890039917,0.08379118347926916,0.6120420376203317
0,0.8353511832333967,0.020241638260367623,0.14440717850623566
0,0.9312746957135314,0.008919512412701351,0.05980579187376727
0,0.8008459566679073,0.027518611430887928,0.17163543190120442
0,0.5015206485461613,0.07518640442429363,0.42329294702954495
0,0.697163466129346,0.04678408523023739,0.2560524486404166
0,0.8063821262360215,0.02785686148476037,0.16576101227921838
0,0.9400729561616334,0.011079322193915357,0.04884772164445129
0,0.8250844460121483,0.0203821411303641,0.15453341285748776
1,0.49237843499241957,0.18928074811917434,0.3183408168884057
0,0.20919616647320635,0.02688762850053173,0.763916205026262
0,0.8401682390871825,0.03237380900262202,0.12745795191019532
0,0.8176491463852624,0.04529354130258901,0.13705731231214877
2,0.020170653417856982,0.0385641472539091,0.9412651993282342
2,0.6088739167799884,0.04827622649620449,0.34284985672380713
0,0.6908518364604032,0.04897924668054596,0.2601689168590508
0,0.9236868453424418,0.013099332980534652,0.06321382167702314
2,0.5405051816019726,0.07617071214427248,0.3833241062537549
0,0.9321233702380137,0.008935140969708062,0.058941488792277986
2,0.0003003003003003003,0.0,0.9996996996996996
0,0.9339808896247425,0.009164317529549779,0.05685479284570787
2,0.821865575821248,0.021474626959462915,0.15665979721928908
0,0.5153842257574401,0.06748254437783094,0.4171332298647289
0,0.4442994144173002,0.04584358454056009,0.5098570010421397
2,0.03259019547950638,0.0,0.9674098045204936
0,0.9291385351127035,0.010337202580440276,0.060524262306856196
0,0.9195354823028434,0.009234741767497046,0.07122977592965934
0,0.8187137221341191,0.028071538436931102,0.1532147394289496
2,0.16199697548235895,0.10075535840535761,0.7372476661122835
0,0.7106007321166606,0.026626350750860145,0.2627729171324792
2,0.12769273242969575,0.029276079278276447,0.843031188292028
0,0.7796460305278813,0.027868251023318157,0.19248571844880025
0,0.9300461362767026,0.01153146781423835,0.058422395909058907
2,0.21356686607362482,0.030848461732975313,0.7555846721933999
0,0.7610884695331056,0.027966307615022258,0.21094522285187206
