target,prediction_0,prediction_1,prediction_2
2,0.11560735331439462,0.07114964253807207,0.8132430041475334
0,0.9980315429182713,0.0013786327444544103,0.0005898243372743675
0,0.9393957453336808,0.0014930554055149075,0.05911119926080442
2,0.09789661429875308,0.024503557007540446,0.8775998286937066
0,0.7020432448851351,0.06275680907319892,0.23519994604166589
0,0.8854233490890656,0.01226565754208578,0.1023109933688485
0,0.9158708386767688,0.0031462230667782176,0.08098293825645303
2,0.000255219631358911,0.012733585990617075,0.987011194378024
0,0.9610953969505013,0.0019095573528247714,0.03699504569667401
1,0.6766366753762633,0.057954106327848254,0.2654092182958884
2,0.005827701439055951,0.035142009688191894,0.9590302888727522
0,0.7896692440639367,0.050645175374403335,0.15968558056165993
0,0.9258169740338884,0.009358782781256122,0.06482424318485558
0,0.9175494943005674,0.02668858340867986,0.0557619222907526
0,0.8319553365034842,0.023647237103596477,0.1443974263929193
2,0.5298633219683115,0.07153367950069989,0.3986029985309885
0,0.838744841792788,0.0152385265608041,0.146016631646408
2,0.5356207816667704,0.07596873427822201,0.38841048405500755
0,0.7720136098103951,0.03993393524504075,0.1880524549445641
2,0.15682661006709192,0.05007650652830765,0.7930968834046004
0,0.9820474962241245,0.0016640998484615513,0.016288403927414114
1,0.3603716222266203,0.09065633316990981,0.5489720446034699
2,0.45709178078602847,0.07721980484308454,0.465688414370887
0,0.8755314002638632,0.009281794590554256,0.11518680514558255
0,0.5044083321977969,0.07560141527918626,0.41999025252301686
0,0.9234046179129569,0.00973142903009944,0.06686395305694351
0,0.8207768992798745,0.026408911284020026,0.1528141894361056
0,0.8358609839517113,0.03290091749974709,0.13123809854854154
0,0.5816336624612021,0.06684921369806597,0.351517123840732
0,0.629338243311074,0.07090633296290917,0.2997554237260169
2,0.19629792206351313,0.0715977902515669,0.73210428768492
2,0.0687582607751735,0.09173254702853109,0.8395091921962953
0,0.3198048519089362,0.09646952908905897,0.5837256190020049
2,0.4627600959109031,0.08114392909924548,0.45609597498985144
0,0.7805017428770515,0.027299038577634663,0.19219921854531377
2,0.020640267280855315,0.002252752553324562,0.9771069801658201
2,0.6250814796345754,0.07492577393999222,0.29999274642543244
0,0.973586437557502,0.002662111411642513,0.023751451030855433
0,0.1853773417615107,0.0846788579632981,0.7299438002751911
0,0.38445757267858516,0.08990924787905634,0.5256331794423585
0,0.9125232304502556,0.005555683018442734,0.0819210865313016
2,0.5044083321977969,0.07560141527918626,0.41999025252301686
0,0.8641365399571628,0.009311336320978325,0.1265521237218588
0,0.9943213838986511,6.862498100056973e-06,0.005671753603248857
0,0.985849892633621,0.00028948251569910145,0.013860624850679886
0,0.8647951947705375,0.0162900738406024,0.11891473138886008
0,0.8112411149161953,0.019493357613753093,0.16926552747005152
2,0.8694614270216489,0.02667655035478588,0.10386202262356516
0,0.9834680755895817,0.001505239910305188,0.015026684500112984
2,0.4888390069011681,0.07419036763707207,0.43697062546175997
0,0.9634114622629145,0.001596158980237382,0.0349923787568481
0,0.966917826055083,0.0014419840980767929,0.03164018984684024
2,0.1975546693679834,0.022021286307989642,0.7804240443240269
2,0.6947359747226858,0.052212516607347936,0.25305150866996634
2,0.6425673634285187,0.062095083398224026,0.29533755317325716
0,0.6947359747226858,0.052212516607347936,0.25305150866996634
0,0.8219902280803771,0.035249473006337094,0.14276029891328587
0,0.6425673634285187,0.062095083398224026,0.29533755317325716
0,0.8871213259050946,0.01195565259785569,0.10092302149704972
0,0.8853987863792758,0.020222355390346374,0.0943788582303779
1,0.9585112271344727,0.016132883496888947,0.025355889368638338
2,0.5044083321977969,0.07560141527918626,0.41999025252301686
0,0.9415845392189566,0.006993810211963725,0.05142165056907964
2,0.0019429365342541517,0.04067898458978045,0.9573780788759655
2,0.23761476261478456,0.07893199065722617,0.6834532467279892
2,0.00041195921711777796,0.015784796841040862,0.9838032439418413
1,0.8053842981655973,0.031841036230115236,0.16277466560428747
2,0.6947359747226858,0.052212516607347936,0.25305150866996634
2,0.010285921128145423,0.0412430175806363,0.9484710612912184
0,0.9104136987028981,0.008041958961618753,0.08154434233548313
0,0.9995803792396768,1.8679536791739292e-08,0.0004196020807864687
0,0.7020669500237778,0.06343321387706372,0.23449983609915834
0,0.9709866342938582,0.00027932946216635,0.028734036243975525
0,0.629338243311074,0.07090633296290917,0.2997554237260169
2,0.014324688229049153,0.028925088008304088,0.9567502237626468
2,0.06469970597212621,0.10491068390285858,0.8303896101250152
0,0.9002532578675839,0.0060777276135350975,0.09366901451888111
0,0.890941319354798,0.011270284448378297,0.09778839619682365
0,0.8082588034846488,0.021244769581462247,0.17049642693388894
0,0.6545197457758527,0.07436925621397747,0.27111099801016986
0,0.9612202341744138,0.004247390722488812,0.03453237510309726
2,0.9407416931198787,0.012883472252249081,0.04637483462787221
1,0.05554174046201161,0.029847469913833465,0.9146107896241549
0,0.9887670468930293,0.0009402695389563508,0.010292683568014311
0,0.8553030922610539,0.013360245754796421,0.13133666198414964
2,0.6545197457758527,0.07436925621397747,0.27111099801016986
0,0.9989190681817182,5.382038288534186e-05,0.0010271114353965912
2,0.01661011801851442,0.015582871796785053,0.9678070101847006
0,0.8923592633133622,0.011020156613532136,0.09662058007310544
0,0.896628042475867,0.007065387327413948,0.09630657019671904
0,0.8387183656150433,0.013699118917096615,0.1475825154678601
0,0.6425673634285187,0.062095083398224026,0.29533755317325716
0,0.6947359747226858,0.052212516607347936,0.25305150866996634
0,0.9744663721025697,0.0007656386680860332,0.024767989229344166
0,0.9808029903393429,0.0028912976063635142,0.016305712054293705
0,0.9666412743727847,0.013690374628330918,0.01966835099888438
0,0.913137460108624,0.01834023198720755,0.06852230790416837
2,5.5692123670986986e-05,0.0077887894741813565,0.9921555184021477
0,0.882329785100513,0.012838881099684918,0.10483133379980211
0,0.3079242260463735,0.06580053067649476,0.6262752432771317
2,0.011278819118599018,0.0012246009242210263,0.9874965799571799
2,6.655107306843587e-05,0.007441985654231967,0.9924914632726997
2,0.004086582280558501,0.048794093474448616,0.947119324244993
2,0.0031160746811809458,0.0755674549106325,0.9213164704081865
0,0.8911962675201052,0.022567083272593325,0.08623664920730154
0,0.9899400761443929,0.0014324091989897005,0.008627514656617314
0,0.9812208026620626,0.0006165606330928769,0.01816263670484475
2,0.6425673634285187,0.062095083398224026,0.29533755317325716
0,0.3515277973168246,0.08614909379899402,0.5623231088841815
2,0.059938501875542054,0.06759748204767421,0.8724640160767838
0,0.8792551356706925,0.024833615592469542,0.09591124873683796
2,0.14387463015829705,0.04811416530722062,0.8080112045344824
0,0.6026091243554693,0.05264461223599313,0.34474626340853753
2,0.23464050580954945,0.10497505380835988,0.6603844403820905
0,0.9331062006864534,0.003780674912584641,0.06311312440096184
0,0.6914745576749163,0.05458087714710342,0.25394456517798014
0,0.9695775203220933,0.007532313774155139,0.022890165903751515
0,0.7562179724610842,0.044821441630107525,0.1989605859088084
0,0.9516037754548414,0.0021925991978664974,0.04620362534729211
2,0.0003703869552764787,3.9061225839073006e-05,0.9995905518188846
0,0.7905755660746785,0.034505330717262174,0.17491910320805942
0,0.9879668039833012,0.006200751836670507,0.005832444180028124
0,0.6947359747226858,0.052212516607347936,0.25305150866996634
0,0.9563775112242905,0.0018482806499261356,0.04177420812578339
0,0.6947359747226858,0.052212516607347936,0.25305150866996634
0,0.7020669500237778,0.06343321387706372,0.23449983609915834
0,0.8879998137154972,0.0087380319300567,0.10326215435444623
0,0.7121164874732074,0.061498872269326314,0.22638464025746624
2,0.6250814796345754,0.07492577393999222,0.29999274642543244
0,0.9894339665866004,0.00558920696977392,0.0049768264436254855
2,0.00025840408442408383,0.011422197368146154,0.9883193985474298
0,0.8629428395421563,0.01062723965178486,0.12642992080605886
2,0.0161383470844073,0.09214300216209305,0.8917186507534995
0,0.6545197457758527,0.07436925621397747,0.27111099801016986
2,0.6250814796345754,0.07492577393999222,0.29999274642543244
2,0.23270511422022988,0.025986914117132744,0.7413079716626373
0,0.7821160301599127,0.020982748779346992,0.1969012210607404
0,0.9995751932367756,1.920677556701569e-08,0.0004247875564488765
0,0.9871993924068624,4.345472039099054e-05,0.01275715287274669
2,0.666753377335948,0.06781663838292756,0.2654299842811245
0,0.62599829803567,0.047812741887248905,0.3261889600770812
0,0.22217000263679726,0.08626522580862761,0.6915647715545752
0,0.9297713149278357,0.01185174358822337,0.058376941483940924
0,0.5044083321977969,0.07560141527918626,0.41999025252301686
0,0.8975093447955225,0.021359562883713563,0.08113109232076406
0,0.6947359747226858,0.052212516607347936,0.25305150866996634
2,0.07358236069352515,0.03454445665348291,0.8918731826529919
0,0.9800053994106803,0.005277902839844137,0.014716697749475616
0,0.9676895788657122,0.0011279424687668847,0.031182478665520968
2,0.7172685782301904,0.012792216844909585,0.2699392049249
0,0.6545197457758527,0.07436925621397747,0.27111099801016986
2,0.07841391671935746,0.021566501301618857,0.9000195819790237
0,0.9884243954370763,0.0016684608727350718,0.009907143690188584
0,0.9347870338560111,0.0035815837298905436,0.061631382414098324
0,0.629338243311074,0.07090633296290917,0.2997554237260169
0,0.8584603494709511,0.011870066519385934,0.12966958400966297
2,0.011938949656629092,0.03811318402135377,0.9499478663220172
2,0.005431866808144092,0.03441490787528844,0.9601532253165674
2,0.6947359747226858,0.052212516607347936,0.25305150866996634
0,0.9894430062122548,0.0055853762585183495,0.004971617529226878
0,0.33515282975914434,0.09508774846145304,0.5697594217794025
0,0.9826939217722004,0.00021268426736909956,0.017093393960430636
2,0.7020669500237778,0.06343321387706372,0.23449983609915834
2,0.6947359747226858,0.052212516607347936,0.25305150866996634
0,0.9492927263037904,0.008313288874149378,0.042393984822060186
2,0.3460026696901217,0.1015056134011332,0.5524917169087452
0,0.9667191650138776,0.013666164762519327,0.019614670223603133
2,5.271185491401534e-07,4.83043783211193e-05,0.9999511685031296
2,0.7020669500237778,0.06343321387706372,0.23449983609915834
0,0.9474043603200794,0.0025142572190585935,0.05008138246086213
0,0.8051553526635159,0.01699883960971238,0.17784580772677178
1,0.045819852081011525,0.06422293007836191,0.8899572178406266
2,0.28547764980442425,0.07682788204825529,0.6376944681473204
0,0.79780259988421,0.02273228351240169,0.17946511660338832
2,0.006761106196753692,0.031904272306587454,0.9613346214966589
2,0.2514071889357018,0.07996469934423177,0.6686281117200663
0,0.9121949688340272,0.01852361190707669,0.06928141925889632
0,0.012293349278088044,0.0893253777321429,0.898381272989769
2,0.10708778760128124,0.09857949486507853,0.7943327175336403
0,0.7566438360320182,0.04468645314473976,0.19866971082324195
0,0.13828119694753202,0.029729861952634523,0.8319889410998336
0,0.4218619900458921,0.07008486195420718,0.5080531479999008
2,0.0057100083889146955,0.02010923056266459,0.9741807610484207
0,0.9856368332184867,5.6455618280130605e-05,0.014306711163233204
2,0.4590253320066469,0.08235212499153372,0.45862254300181926
2,0.6425673634285187,0.062095083398224026,0.29533755317325716
1,0.6609606041485746,0.06337466563235696,0.2756647302190685
0,0.5912970211742505,0.06604534014197283,0.34265763868377663
2,0.7020669500237778,0.06343321387706372,0.23449983609915834
2,0.5273115433317634,0.07171120629757317,0.4009772503706633
0,0.11878993807994878,0.07879883606037896,0.8024112258596723
0,0.9847340074863904,0.004195122701482258,0.011070869812127413
0,0.873477705061379,0.02253368400221681,0.10398861093640413
2,0.141309099858459,0.08133402212746824,0.7773568780140728
2,0.22801170856677536,0.10498598406935905,0.6670023073638656
0,0.7909335743430767,0.02449174227655532,0.18457468338036792
0,0.5732354465085115,0.05282622896635181,0.3739383245251366
0,0.9550749070729928,0.01712035193638936,0.027804740990617804
2,0.9367192967962605,0.003408590479585195,0.05987211272415426
0,0.9996202452389602,0.0003167678222750997,6.298693876473554e-05
0,0.9413299191835481,0.009743709738654429,0.0489263710777974
0,0.9475948707010229,0.011904531957385554,0.04050059734159159
2,0.6947359747226858,0.052212516607347936,0.25305150866996634
0,0.9764547868383958,0.002314674573383176,0.02123053858822105
0,0.9323295374786256,0.0038064551481582602,0.06386400737321603
0,0.16505282792793707,0.018363209310572042,0.8165839627614908
0,0.8639415335529336,0.016466733759844733,0.11959173268722166
2,0.29352482635639654,0.03287024024301704,0.6736049334005865
0,0.9476124960342985,0.002497909489762459,0.04988959447593917
2,0.03421653267751856,0.05206825692063389,0.9137152104018476
0,0.7020669500237778,0.06343321387706372,0.23449983609915834
2,0.8979663965134979,0.017812228716405257,0.08422137477009695
2,0.0830554861785382,0.02229669380361882,0.894647820017843
2,0.004950449174456817,0.004049896073094242,0.990999654752449
0,0.43325535128966575,0.07073335259955912,0.4960112961107752
0,0.9186948444997147,0.017171544868284865,0.06413361063200035
0,0.9433298946240779,0.002062030860750487,0.0546080745151718
0,0.8611463034493682,0.02823062625677325,0.1106230702938587
2,0.8726551891952391,0.009696460993214586,0.1176483498115463
0,0.6947359747226858,0.052212516607347936,0.25305150866996634
0,0.20785723917420698,0.1046836166219382,0.6874591442038548
0,0.9972478892549078,1.32693845693898e-06,0.0027507838066351087
2,0.9202276259105838,0.013617378934349611,0.06615499515506665
2,0.5044083321977969,0.07560141527918626,0.41999025252301686
2,0.0028565491149022382,0.04471465015473813,0.9524288007303597
0,0.9427276033764134,0.0030271790325444954,0.05424521759104196
0,0.9211478496626286,0.0047861234188412635,0.07406602691852994
2,0.4320191303093026,0.05020519575503457,0.5177756739356628
2,0.008642341422660422,0.005705120107945287,0.9856525384693943
2,0.09345702280744485,0.07500071626894955,0.8315422609236056
0,0.9268088992091954,0.0043009710416828046,0.06889012974912188
2,0.06421419038736287,0.05084882532885003,0.8849369842837871
0,0.9598968013068092,0.004424408391337382,0.0356787903018533
0,0.7728406946837835,0.04422253241525897,0.1829367729009575
0,0.07610337776930858,0.00840336968772034,0.915493252542971
0,0.23465490415685367,0.10497500125185528,0.660370094591291
2,0.20545262016140636,0.07782239791360802,0.7167249819249857
2,0.7020669500237778,0.06343321387706372,0.23449983609915834
0,0.9447461294839719,0.002875758750540167,0.05237811176548798
2,0.3768300466021427,0.08534846368347469,0.5378214897143827
2,0.23949745654966015,0.07468367911246006,0.6858188643378798
0,0.7133629386070268,0.049709055713575256,0.23692800567939795
0,0.9836524604019825,0.0024280052970867077,0.013919534300930762
0,0.7597239971758468,0.03467061187638282,0.20560539094777036
0,0.8832550560978741,0.006610812591307473,0.11013413131081837
2,0.005082639112225494,0.02928914446105929,0.9656282164267153
0,0.07995379799784598,0.03604486761208974,0.8840013343900642
0,0.7020669500237778,0.06343321387706372,0.23449983609915834
2,0.03007991058742248,0.04990165639235353,0.920018433020224
0,0.9802468440036408,0.0005884944065897711,0.019164661589769434
0,0.06192376541158609,0.08999039622928766,0.8480858383591263
2,0.04014352432754253,0.054144547411628025,0.9057119282608295
2,0.02015971696996442,0.07112641373601351,0.9087138692940221
1,0.4577226723545038,0.08249879272522755,0.45977853492026854
0,0.937593536489051,0.013515095427003753,0.048891368083945085
0,0.9962269363134275,0.0024008372301426704,0.0013722264564297456
2,0.2799842167221808,0.07958395624109191,0.6404318270367273
0,0.9127866536842534,0.007679633445257872,0.07953371287048878
0,0.9925192832926741,1.2828749896543853e-05,0.007467887957429174
1,0.5751087134047483,0.08116885436475059,0.34372243223050103
0,0.9226138965453046,0.009854162840593378,0.06753194061410198
2,0.15026265642196196,0.10701172428420672,0.7427256192938313
0,0.36485172511454883,0.0409769057999779,0.5941713690854733
0,0.9888570301380535,0.0009311023472517532,0.010211867514694701
2,0.00018395183843629073,1.9284704943016305e-05,0.9997967634566206
0,0.3223023975971962,0.08679514408327772,0.590902458319526
0,0.4515869889001117,0.07544658219705454,0.47296642890283364
0,0.6481131014186865,0.05237060029611287,0.29951629828520054
2,0.6425673634285187,0.062095083398224026,0.29533755317325716
2,0.008900605980402347,0.005809194481923221,0.9852901995376745
0,0.8723220669714786,0.009588169319601455,0.11808976370891987
2,0.00029684728980839954,0.0016648995142000236,0.9980382531959916
0,0.6947359747226858,0.052212516607347936,0.25305150866996634
2,0.42587017630044893,0.07742201733602863,0.4967078063635224
0,0.8881116964911618,0.00792070614203653,0.10396759736680168
0,0.6349598652413777,0.07270494892292916,0.2923351858356931
2,0.8221716953274555,0.017055938025680575,0.16077236664686387
0,0.5885664627848457,0.06667891584221321,0.344754621372941
2,0.18294675426232399,0.10427212891249835,0.7127811168251776
0,0.9501677097498669,0.011412624948740714,0.0384196653013925
2,0.8960343318997642,0.0077264034759236344,0.09623926462431219
0,0.7895284794068155,0.025415557083211127,0.18505596350997341
0,0.6947359747226858,0.052212516607347936,0.25305150866996634
0,0.604426292764966,0.04787980991072266,0.34769389732431133
0,0.9963496899142383,0.00023864156089617805,0.0034116685248653644
2,0.001314900240266793,0.03694261156727679,0.9617424881924564
0,0.4394088991799113,0.07764769650813397,0.48294340431195476
0,0.9236719688038864,0.0025223846322203983,0.07380564656389331
2,0.0001796808057751711,0.02248695712317817,0.9773333620710467
0,0.9220761058565227,0.006328421776508611,0.0715954723669686
0,0.7721235726658819,0.02967232391007027,0.19820410342404784
0,0.8851347749533328,0.009110852411248208,0.10575437263541894
2,0.2500969128546264,0.0752733100120955,0.6746297771332782
2,4.182005158347891e-05,0.00021192220770960637,0.9997462577407068
2,0.21624997098784393,0.07895817266625163,0.7047918563459044
2,0.0009414463611466517,0.06485678670178065,0.9342017669370727
2,0.6545197457758527,0.07436925621397747,0.27111099801016986
2,0.28956105324361703,0.10396337026366363,0.6064755764927193
0,0.9599545301586736,0.009497325998422118,0.03054814384290421
0,0.9627344193599414,0.008938957645270187,0.02832662299478851
0,0.9707910035090573,0.00727753826537136,0.021931458225571385
1,0.6622234892272298,0.06288858188177678,0.2748879288909934
1,0.9868717597066436,0.001136895320619161,0.01199134497273729
0,0.6947359747226858,0.052212516607347936,0.25305150866996634
2,0.0005665014029572787,0.002388404978575438,0.9970450936184673
2,0.9786085524128849,0.0005720503536275723,0.020819397233487528
0,0.4722595267163873,0.05138898297493239,0.47635149030868024
0,0.9744965704392166,0.0009539022778117431,0.024549527282971707
0,0.9337153467257054,0.0018304489751771542,0.06445420429911748
2,4.668252333333685e-06,0.003488321225827485,0.9965070105218392
0,0.6545197457758527,0.07436925621397747,0.27111099801016986
0,0.9218744220701447,0.01595773811727274,0.0621678398125825
0,0.8588607300047923,0.03887929054153716,0.10225997945367045
2,0.5044083321977969,0.07560141527918626,0.41999025252301686
0,0.9118348245408893,0.018593639168340264,0.06957153629077047
0,0.9350776899283728,0.007954321278872523,0.0569679887927546
0,0.7212226821838181,0.047989940874498024,0.23078737694168383
0,0.9471987990997623,0.0010911978138767276,0.05171000308636091
0,0.8718444497864695,0.016170971229977092,0.11198457898355349
2,0.629338243311074,0.07090633296290917,0.2997554237260169
0,0.9452871208776925,0.012342053428071447,0.04237082569423606
0,0.9222753770719772,0.009906794823009893,0.06781782810501294
0,0.7974487790195867,0.03985189263380886,0.1626993283466045
2,0.6766366753762633,0.057954106327848254,0.2654092182958884
0,0.6766366753762633,0.057954106327848254,0.2654092182958884
0,0.41803930984078,0.04971355872846858,0.5322471314307513
2,3.4100092855954193e-06,0.0001371773317198966,0.9998594126589946
0,0.6425673634285187,0.062095083398224026,0.29533755317325716
2,0.0603992460115285,0.06921370645178827,0.8703870475366833
2,0.629338243311074,0.07090633296290917,0.2997554237260169
0,0.891952179801047,0.005548519545622073,0.10249930065333082
0,0.9598186352714464,0.00645420463427547,0.033727160094278064
0,0.6545197457758527,0.07436925621397747,0.27111099801016986
2,0.45508474347970573,0.062335932408054295,0.4825793241122401
0,0.892888264054075,0.005440278562761809,0.10167145738316326
2,0.8298043368803639,0.03400796253019748,0.13618770058943871
2,0.1805362582182294,0.03429629644277479,0.7851674453389959
0,0.9291888030462914,0.015307997317558858,0.05550319963614991
0,0.9030446410771805,0.009210717276110383,0.08774464164670906
2,0.019498995264280027,0.017010779071575582,0.9634902256641444
0,0.6061870402616575,0.06433594681318082,0.3294770129251617
0,0.629338243311074,0.07090633296290917,0.2997554237260169
0,0.657622578547309,0.06392894513578588,0.2784484763169051
0,0.8474863050064104,0.030763673670781477,0.12175002132280806
0,0.9313343247426146,0.008516923356727407,0.060148751900658
2,0.02945942163061552,0.049878300033065426,0.920662278336319
0,0.8412853993922572,0.03190572526609748,0.12680887534164523
0,0.7831370665181631,0.04240124088196319,0.17446169259987376
1,0.13451974288174579,0.046612796096319485,0.8188674610219346
0,0.6947359747226858,0.052212516607347936,0.25305150866996634
2,0.13752980412882052,0.04710398352359295,0.8153662123475864
2,0.6250814796345754,0.07492577393999222,0.29999274642543244
0,0.9809877045855169,0.0017844037754663298,0.017227891639016724
0,0.946515836651721,0.002744977960620618,0.05073918538765839
2,0.13551927145638998,0.10727225886073422,0.7572084696828758
0,0.9404387044045989,0.021086033217959148,0.03847526237744204
2,0.27322825922202437,0.10442254112240162,0.6223491996555741
0,0.9925503501264668,1.2708115932007756e-05,0.007436941757601377
0,0.819293277932335,0.018958993567788233,0.1617477284998768
0,0.7305770106345929,0.053276482299700195,0.21614650706570696
0,0.9963238724508421,2.5585988202294078e-06,0.0036735689503377016
2,0.6947359747226858,0.052212516607347936,0.25305150866996634
0,0.964436386678088,0.008593566669377663,0.02697004665253436
0,0.8818603202283503,0.0129268172880589,0.10521286248359078
0,0.6250814796345754,0.07492577393999222,0.29999274642543244
0,0.9705635938095971,0.003037194363807586,0.026399211826595353
2,0.10437063771115533,0.041212627753691354,0.8544167345351532
0,0.9329505771205144,0.011268437212210118,0.05578098566727551
0,0.5083322233616306,0.07221059794941502,0.4194571786889543
0,0.827559444508957,0.014858376252006589,0.15758217923903645
0,0.8956818725459765,0.031537203518662314,0.07278092393536119
2,0.4807551863732386,0.07987017487471303,0.4393746387520483
2,0.3810961613678264,0.04821284107249575,0.5706909975596779
0,0.6545197457758527,0.07436925621397747,0.27111099801016986
0,0.8845661461064107,0.012423406444037704,0.10301044744955162
2,0.3443422841022433,0.08633653892085494,0.5693211769769018
0,0.9486224052844937,0.0024191839286900074,0.04895841078681647
0,0.9921839011072876,0.0006043775779463204,0.0072117213147660005
0,0.9565626229284456,0.0018353963097701598,0.04160198076178422
0,0.9880269636450902,0.001016259571930115,0.01095677678297969
0,0.9537885312208491,0.010234751769980283,0.035976717009170794
0,0.009869760609259585,0.035959777526531525,0.9541704618642088
2,0.02880696244136996,0.0031532559284530707,0.968039781630177
0,0.7126257599338265,0.04247273437320646,0.24490150569296712
0,0.5428289651621332,0.06607463885025654,0.3910963959876103
2,0.45505154112043955,0.05128391744874392,0.4936645414308164
2,0.0006113876463592196,0.016865582246347485,0.9825230301072932
2,0.3555177282474027,0.07970969174573132,0.564772580006866
0,0.5044083321977969,0.07560141527918626,0.41999025252301686
0,0.7020669500237778,0.06343321387706372,0.23449983609915834
0,0.6947359747226858,0.052212516607347936,0.25305150866996634
0,0.6425673634285187,0.062095083398224026,0.29533755317325716
2,0.8167256684860857,0.019479542633061436,0.16379478888085275
0,0.9050224144516552,0.006253705272017824,0.08872388027632702
2,0.17470929514544276,0.08403220896287596,0.7412584958916814
0,0.8855528131155419,0.012241905217745057,0.1022052816667131
0,0.8650265367176367,0.016242335656220835,0.11873112762614237
0,0.06620944321505887,0.007301497474156585,0.9264890593107845
0,0.8486780742018203,0.022413880622743687,0.12890804517543614
2,0.2981092330621497,0.043730764946625277,0.658160001991225
0,0.7501211351256696,0.029177803944948153,0.22070106092938224
0,0.674147773564005,0.06400441252499138,0.26184781391100354
0,0.7020669500237778,0.06343321387706372,0.23449983609915834
2,0.9830481109987715,0.002525717740199528,0.014426171261028782
0,0.8759518558142223,0.022052048165669844,0.10199609602010781
0,0.20665217541277286,0.05656108300146392,0.7367867415857632
1,0.7020669500237778,0.06343321387706372,0.23449983609915834
0,0.8853170994232574,0.008208196049039477,0.10647470452770312
0,0.9519995383092369,0.0008784217841998339,0.04712203990656328
0,0.6866031037995828,0.05086615992250689,0.2625307362779104
0,0.9058071520566362,0.004065666023460832,0.0901271819199031
0,0.9425425454927693,0.02053726117044121,0.036920193336789364
0,0.9545500621767341,0.0021753531069017605,0.04327458471636404
2,0.07051911564845335,0.09214866300307502,0.8373322213484717
2,0.008854254179508933,0.011023556205561566,0.9801221896149295
0,0.7885631604353857,0.035077347894733074,0.17635949166988119
2,0.7020669500237778,0.06343321387706372,0.23449983609915834
2,0.09435277728678061,0.010439492713288574,0.8952077299999309
0,0.7342871142181572,0.05095115872674017,0.21476172705510257
0,0.8886395378615984,0.023054255663279666,0.08830620647512177
2,0.5044083321977969,0.07560141527918626,0.41999025252301686
0,0.7980112629621631,0.026000391946243043,0.17598834509159378
2,0.014380908772663748,0.06583752090847168,0.9197815703188644
0,0.6517328791065775,0.06490456326417242,0.28336255762925
2,0.04236428282567859,0.014997038878020102,0.9426386782963013
2,0.07708589535585572,0.1059697903052884,0.8169443143388558
2,0.0013800723592386549,0.02279786833682558,0.9758220593039357
2,2.5032660552832366e-05,0.006012587054729683,0.9939623802847176
0,0.9477800764821799,0.0010640569177209158,0.05115586660009911
0,0.9449335921248008,0.019905504211240873,0.035160903663958264
1,0.07740022428859884,0.03545216538900986,0.8871476103223914
2,0.16405015560251177,0.10348609031415112,0.7324637540833372
0,0.8937590210894355,0.02207769697396279,0.0841632819366016
2,0.5685219850586913,0.06920716032858597,0.3622708546127227
0,0.018569165892191014,0.06981441109309915,0.9116164230147098
0,0.7370521682663785,0.05824136589926091,0.2047064658343606
0,0.5142593112228145,0.07308706117156442,0.41265362760562097
0,0.9443647962234936,0.009196288863484232,0.04643891491302226
0,0.7750078168259744,0.039319949017377315,0.1856722341566482
0,0.6517328791065775,0.06490456326417242,0.28336255762925
2,0.04507399357006626,0.06393130335569082,0.8909947030742429
0,0.9593849166051183,0.01587785116475135,0.024737232230130374
2,0.629338243311074,0.07090633296290917,0.2997554237260169
2,0.01126374957330636,0.0012229506864891624,0.9875132997402044
0,0.9736543202933938,0.00022428927798713198,0.02612139042861905
0,0.9982108852025268,0.0012690980845026859,0.0005200167129705926
0,0.8563958637654133,0.018062575992649686,0.12554156024193705
0,0.9346791713206326,0.0036539962408140996,0.061666832438553365
0,0.6545197457758527,0.07436925621397747,0.27111099801016986
0,0.955718257774337,0.0023888674834387784,0.04189287474222433
0,0.9636506194401828,0.005787675301990322,0.030561705257826866
0,0.9535135403265563,0.002052088954108951,0.04443437071933476
2,0.20665808983354617,0.08947408782123252,0.7038678223452213
0,0.9038951625196895,0.016685332923696807,0.07941950455661374
2,0.018408774765709842,0.043434333417950506,0.9381568918163395
0,0.8246601161591492,0.02543498797867164,0.1499048958621792
2,0.03225034975033009,0.05090577117550985,0.91684387907416
0,0.7681504217788654,0.04384321542225302,0.1880063627988815
2,1.6343384084671897e-05,1.6785105270451224e-06,0.9999819781053884
2,0.23179541253841124,0.025884164133231587,0.7423204233283571
0,0.9729327920657004,0.0005012390851328498,0.0265659688491667
2,0.0006501134475831495,6.888979250953418e-05,0.9992809967599074
0,0.920986951602851,0.02588555335761677,0.05312749503953213
0,0.9801755501153078,0.009183581344238276,0.010640868540454007
0,0.9401376475974974,0.0031108887768198424,0.05675146362568274
2,0.2717460326207012,0.10445798849418003,0.6237959788851188
0,0.9532175177515119,0.002626790722322961,0.04415569152616515
0,0.39212042664673186,0.09863149569629716,0.509248077656971
2,0.1976584499271025,0.10521967986681768,0.69712187020608
2,0.05621402586083019,0.06652354510298708,0.8772624290361827
2,0.15722720966707127,0.05013517242579627,0.7926376179071325
2,0.0002408740800876227,0.05431422241106589,0.9454449035088466
2,0.03478237799975177,0.052311972929240946,0.9129056490710072
0,0.6517328791065775,0.06490456326417242,0.28336255762925
2,8.012996581463923e-11,9.859644799170001e-05,0.9999014034718783
2,0.1720689620841122,0.08385750014693864,0.7440735377689492
2,0.004728121597377344,0.028636651541343233,0.9666352268612795
2,0.0008741821999932092,0.03338734110394044,0.9657384766960664
0,0.9728383397817545,0.004216215523670419,0.022945444694575035
2,0.8571902178123275,0.013071904798878693,0.1297378773887937
0,0.9512110279115975,0.007971633597750005,0.04081733849065255
0,0.9842941113608324,0.0014141947889980298,0.014291693850169476
0,0.8978564355633895,0.0069446387630765485,0.09519892567353404
0,0.754025241416229,0.014537747141349366,0.23143701144242182
0,0.8542320070904266,0.013525056783869888,0.13224293612570362
0,0.9873189664433654,0.00024160104731617705,0.012439432509318255
2,0.12701482909879663,0.10082403435076971,0.7721611365504336
2,0.37686315877766996,0.07917438646409367,0.5439624547582363
2,0.912308930206689,0.01828235764871796,0.06940871214459311
2,0.3384907895628798,0.07810825119413947,0.5834009592429807
2,1.459874251706096e-10,4.95544685088765e-07,0.9999995043093274
0,0.9690623834685794,0.0006474770734323575,0.0302901394579882
2,0.02496111895270862,0.0535651365675547,0.9214737444797367
2,0.001560742077167507,0.00016662098798242333,0.9982726369348501
0,0.9106743753315203,0.005725296825286697,0.08360032784319316
0,0.9067034620348986,0.006094997752600002,0.0872015402125014
0,0.8309850526908444,0.014427763475701775,0.1545871838334538
2,0.0017931880485693795,0.039883356103440994,0.9583234558479895
2,0.0011064642290685694,0.00011777842122598745,0.9987757573497054
1,0.7020669500237778,0.06343321387706372,0.23449983609915834
0,0.1878403411005195,0.10569094073111568,0.7064687181683648
0,0.6947359747226858,0.052212516607347936,0.25305150866996634
2,0.48764612732540874,0.07426125455341548,0.43809261812117584
0,0.9670653106351688,0.013558373110433652,0.019376316254397813
0,0.6719286025937076,0.05542533970429041,0.2726460577020021
0,0.990717901445401,0.0007452645006122761,0.008536834053986591
0,0.48073367868524736,0.07987266394946228,0.4393936573652902
2,0.000593505346420488,6.284261194556743e-05,0.999343652041634
2,0.005819179193930313,0.030548189087340475,0.9636326317187293
2,0.26380309395542934,0.08016942805237665,0.6560274779921941
2,0.824854628973946,0.018367962736229926,0.1567774082898241
0,0.32143638913449935,0.036038124808965295,0.6425254860565353
0,0.6545197457758527,0.07436925621397747,0.27111099801016986
2,0.7020669500237778,0.06343321387706372,0.23449983609915834
0,0.7554223270878255,0.03395477476185508,0.2106228981503193
2,0.6545197457758527,0.07436925621397747,0.27111099801016986
0,0.8578559450523721,0.012970806814605825,0.12917324813302217
0,0.9525453465721964,0.005430231952529464,0.042024421475274146
2,0.17280137036443294,0.08730791778069645,0.7398907118548705
2,0.6794610362820518,0.0517438288426664,0.2687951348752817
0,0.9109227992436665,0.00358195824547603,0.08549524251085744
0,0.6766366753762633,0.057954106327848254,0.2654092182958884
2,0.5426264023500844,0.0740491328889405,0.38332446476097504
1,0.7020669500237778,0.06343321387706372,0.23449983609915834
0,0.7501294690003906,0.03893722912759933,0.2109333018720101
2,0.00021439910082472207,2.250591616939662e-05,0.999763094983006
0,0.7020669500237778,0.06343321387706372,0.23449983609915834
0,0.344780797427308,0.04644636513820863,0.6087728374344835
0,0.9525971576597673,0.0008537314091016044,0.046549110931131135
2,0.0010921324412032339,0.0015936799029417836,0.997314187655855
1,0.4538039461884107,0.07730676463226767,0.4688892891793216
0,0.9953829819531063,1.6834806550239125e-05,0.004600183240343588
2,0.20510874793747313,0.07849253675182008,0.7163987153107068
0,0.7020669500237778,0.06343321387706372,0.23449983609915834
0,0.9023430241323596,0.009325396015624154,0.08833157985201628
0,0.6517328791065775,0.06490456326417242,0.28336255762925
1,0.7008101710832157,0.05818395667068092,0.24100587224610343
2,0.004159959326092625,0.0004478298155872248,0.9953922108583201
2,0.266906391762045,0.10456625234793424,0.6285273558900207
2,0.06437651455878397,0.07038198727387794,0.865241498167338
2,0.12257290958569043,0.10734811622331374,0.7700789741909957
2,0.2382555103891191,0.039442762747178735,0.7223017268637022
0,0.9366820425627749,0.004427709658678422,0.058890247778546546
2,0.3158113106471475,0.0803003555825126,0.6038883337703399
0,0.5964456131181105,0.06633534888749437,0.3372190379943951
1,0.0035612621353921826,0.0066537235688202325,0.9897850142957875
2,0.12107047788906339,0.07908731196652831,0.7998422101444084
0,0.8943036830816019,0.007940058981262902,0.09775625793713522
2,0.004141770440903958,0.003628488937664147,0.9922297406214319
0,0.9193678895024134,0.01705348782943025,0.06357862266815617
0,0.7614704791344542,0.046221662559834835,0.1923078583057109
0,0.9563935445118441,0.010202849099556805,0.03340360638859923
2,0.05952064045242626,0.049501789167411145,0.8909775703801627
0,0.8510411533600225,0.014020991585181497,0.13493785505479622
2,0.5044083321977969,0.07560141527918626,0.41999025252301686
0,0.9247298547989805,0.003548064071249486,0.07172208112977016
0,0.6947359747226858,0.052212516607347936,0.25305150866996634
2,0.5044083321977969,0.07560141527918626,0.41999025252301686
2,0.01848142863702895,0.04348545811811947,0.9380331132448516
0,0.7228484011189279,0.05230544877541818,0.2248461501056539
0,0.9532679048737384,0.00532975550951461,0.04140233961674713
0,0.9364927951651442,0.004450528728394557,0.05905667610646136
0,0.8574982714147725,0.015666060424174847,0.12683566816105263
2,0.9610220232291977,0.009283729820563535,0.02969424695023868
0,0.9532063582041626,0.0020744429943998113,0.044719198801437626
0,0.5044083321977969,0.07560141527918626,0.41999025252301686
0,0.38916866402206085,0.08488177921436338,0.5259495567635758
0,0.5527120780771544,0.06252524402509299,0.38476267789775265
1,0.7705702600523402,0.04146962577073406,0.18796011417692576
0,0.9735855502136743,0.002662220208181612,0.02375222957814404
0,0.08562998152035352,0.009465709214210031,0.9049043092654364
0,1.0246899725921977e-06,7.004456324107495e-05,0.9999289307467862
0,0.7587931818727053,0.033056210929864736,0.20815060719743006
0,0.022375472880748894,0.002443854280420691,0.9751806728388304
0,0.6947359747226858,0.052212516607347936,0.25305150866996634
2,0.2994234132850953,0.04381440491893617,0.6567621817959685
2,0.21384378300330997,0.08981981914820997,0.6963363978484801
2,0.8614312468152528,0.009734651935790149,0.12883410124895692
2,0.523157658181132,0.07199673498741091,0.40484560683145704
2,0.9456451162646538,0.006406241719844719,0.047948642015501475
0,0.6951488976473296,0.05207478768245594,0.25277631467021455
2,0.6250814796345754,0.07492577393999222,0.29999274642543244
0,0.6250814796345754,0.07492577393999222,0.29999274642543244
0,0.9936410946541953,8.871762298724663e-06,0.006350033583505928
0,0.9341677202734978,0.0018021695854056024,0.06403011014109651
0,0.89181364039466,0.00825157206903074,0.0999347875363092
2,0.06907313895431705,0.00762026384464737,0.9233065972010356
2,0.9076108241002891,0.019413107227857686,0.07297606867185309
0,0.9932407293945326,0.0009296730361339525,0.005829597569333407
1,0.7688184250224787,0.0304547558943863,0.20072681908313522
0,0.8868058324759767,0.023403016305000877,0.08979115121902247
0,0.6517328791065775,0.06490456326417242,0.28336255762925
0,0.8685040358907178,0.02685597100290202,0.10463999310638018
2,0.004106682336975614,0.0004420458165466543,0.9954512718464777
0,0.9298678451772775,0.01505423031075739,0.055077924511965165
2,0.17643999705718494,0.06975532968393591,0.7538046732588792
2,0.6794610362820518,0.0517438288426664,0.2687951348752817
2,0.0801177776172759,0.06539872414549314,0.8544834982372309
0,0.2030465355343198,0.07215857708162764,0.7247948873840525
2,8.223074735063178e-07,0.0018117505222605384,0.9981874271702659
2,0.6126570531634661,0.06391451302213477,0.32342843381439906
0,0.6948057733305489,0.03486329819671665,0.2703309284727344
0,0.026435094856725794,0.05486810689051038,0.9186967982527638
0,0.8872499908232055,0.015612762643946104,0.09713724653284851
0,0.024442686132434936,0.09637957413950109,0.879177739728064
0,0.9669886087870246,0.008070244744662749,0.024941146468312816
0,0.00010760491793675419,0.00963676641701716,0.9902556286650461
1,0.0022776852145861364,0.00024394333090783284,0.997478371454506
0,0.22520547389954468,0.03837400900522309,0.7364205170952323
0,0.8061554289958045,0.021770279459552348,0.1720742915446431
2,0.01581225552990751,0.09193206968324415,0.8922556747868483
0,0.7020669500237778,0.06343321387706372,0.23449983609915834
0,0.9037634390070634,0.005675404144548135,0.0905611568483885
0,0.9785988155844186,0.0005724793049077381,0.02082870511067358
2,0.8341807207242621,0.02311283569960137,0.1427064435761366
0,0.9344311687353863,0.003613811601519103,0.06195501966309446
2,0.2926167821416482,0.043376540237754724,0.664006677620597
2,0.629338243311074,0.07090633296290917,0.2997554237260169
2,0.7020669500237778,0.06343321387706372,0.23449983609915834
2,0.003418924245229658,0.025826125705451692,0.9707549500493186
0,0.8795663415868568,0.01692739229248731,0.10350626612065598
0,0.8764300468951035,0.021959074978746197,0.10161087812615027
2,0.00011396932594320041,0.00039401950880275753,0.9994920111652541
2,0.21960807306845623,0.0378995600475294,0.7424923668840143
0,0.9305754553065546,0.00398726617296982,0.06543727852047579
0,0.96277199768285,0.0014240332291677153,0.03580396908798211
0,0.98298861488344,0.0015585403725064577,0.015452844744053423
0,0.2189846545971746,0.07836147807856339,0.702653867324262
0,0.9271448121620589,0.00429844401973602,0.06855674381820512
0,0.8823932941198068,0.009473482634733332,0.10813322324545979
0,0.9646439570543718,0.00855125117465907,0.02680479177096916
0,0.8228644126411082,0.01824641194223823,0.15888917541665334
1,0.6766366753762633,0.057954106327848254,0.2654092182958884
0,0.562555327367527,0.0636639440451915,0.3737807285872814
0,0.957959618566362,0.0046858203219582025,0.03735456111167974
0,0.3624853810978514,0.07955095627091235,0.5579636626312362
2,0.004254762293211734,0.02764500437685737,0.9681002333299309
2,0.6454692968809767,0.05241099340872087,0.30211970971030255
0,0.36680538432011944,0.05195671559453909,0.5812379000853415
0,0.9906754977665027,0.0007494156983732654,0.008575086535123936
2,0.5044083321977969,0.07560141527918626,0.41999025252301686
0,0.7110930395064303,0.05493266486286627,0.23397429563070338
2,0.0005609210752246469,0.014617834487762313,0.9848212444370129
0,0.7994445889645676,0.01855781662681544,0.181997594408617
2,0.9062508008630065,0.004022369073086558,0.08972683006390703
0,0.7385900253269914,0.027554879260488344,0.23385509541252023
0,0.6391938721359037,0.0725755187758353,0.288230609088261
2,5.042340524165059e-09,0.00037912495271776774,0.9996208700049416
