target,prediction_0,prediction_1,prediction_2
2,0.024794191383010807,0.04658132174463218,0.9286244868723571
0,0.9000555208360425,0.01586869074376708,0.08407578842019037
0,0.9343223300139072,0.011694639110408238,0.05398303087568477
2,0.06168907033036556,0.050415907495864755,0.8878950221737698
0,0.8122650858652537,0.024060789518151014,0.16367412461659567
0,0.8360105198993959,0.015423213361670523,0.14856626673893372
0,0.8703679522998028,0.026897090387680473,0.10273495731251671
2,0.01060210657826946,0.017222303129292797,0.9721755902924379
0,0.9354584812399491,0.009328807936860856,0.055212710823189945
1,0.4240129326861311,0.07458478090481369,0.5014022864090552
2,0.024069369128815788,0.06671131395478132,0.909219316916403
0,0.6861260244037848,0.01944028613621296,0.2944336894600023
0,0.8877819596353124,0.017689254053826486,0.09452878631086095
0,0.84633789748368,0.010776443912464646,0.1428856586038547
0,0.9073547516881707,0.03819079661540096,0.054454451696428555
2,0.1554502095725065,0.11062487222266625,0.7339249182048275
0,0.9422318908031976,0.012560318643289398,0.04520779055351279
2,0.6585606598291129,0.11550881560302123,0.2259305245678657
0,0.9438966274965723,0.011760060433737987,0.04434331206968967
2,0.22640636418195675,0.053283184284211874,0.7203104515338312
0,0.8735946804455896,0.01802098572430315,0.10838433383010727
1,0.5671289728916178,0.0843835011254953,0.34848752598288685
2,0.20431802390368214,0.02170007159509979,0.7739819045012178
0,0.9464127724902983,0.009869670797405793,0.04371755671229567
0,0.40168410494877177,0.08427056085707228,0.5140453341941559
0,0.939537529898067,0.013057529426527827,0.0474049406754059
0,0.9494739592387365,0.010100998348858284,0.040425042412405264
0,0.9449983914203023,0.011183917413303447,0.043817691166393995
0,0.5231877577427506,0.06935096669182421,0.4074612755654253
0,0.9414795344007364,0.010540839517160849,0.04797962608210286
2,0.06504246966876212,0.06317464752229787,0.8717828828089399
2,0.1634310825979787,0.02662426477595674,0.8099446526260644
0,0.25552477142897495,0.06795416175919361,0.6765210668118316
2,0.3616406720173612,0.07750738431018384,0.560851943672455
0,0.7234280119316381,0.05704404602640825,0.2195279420419538
2,0.07225369595406354,0.029407126542107434,0.8983391775038291
2,0.60619863974556,0.029533346044201013,0.364268014210239
0,0.8886957664372744,0.0252288597248668,0.08607537383785886
0,0.57014329443913,0.0329177807060927,0.39693892485477744
0,0.6461508310988685,0.030457242609598242,0.3233919262915333
0,0.9242630606997048,0.014391782641451691,0.06134515665884324
2,0.10762279210691561,0.2618786706187886,0.6304985372742956
0,0.8971357558289924,0.018434558108507727,0.08442968606249994
0,0.9453637173897466,0.010070571906001118,0.04456571070425234
0,0.9512087603508178,0.010730063274374806,0.03806117637480745
0,0.7168347924258257,0.03354304739126706,0.24962216018290723
0,0.8823666622369934,0.009720309945734742,0.10791302781727181
2,0.8432580199770502,0.019178293706838948,0.1375636863161109
0,0.8161125930500841,0.016837559429906206,0.16704984752000926
2,0.4752071177747083,0.10475909033576467,0.4200337918895273
0,0.9267082648723458,0.01898621479805049,0.05430552032960386
0,0.94677542389616,0.010405573532597977,0.04281900257124214
2,0.258569101185614,0.1443586279278898,0.5970722708864963
2,0.36730853801993074,0.0672859934910968,0.5654054684889726
2,0.24385054207757773,0.04879346384823288,0.7073559940741895
0,0.9224455874004217,0.015363601725249544,0.062190810874328595
0,0.7309861862331309,0.06848239278849179,0.2005314209783772
0,0.5968132184108218,0.1174182122959744,0.28576856929320377
0,0.943364849938566,0.01132021094837741,0.045314939113056577
0,0.918320930519151,0.01687980982238195,0.06479925965846704
1,0.7934739461385567,0.059981064136094095,0.14654498972534913
2,0.8205938957144752,0.022096204253701096,0.1573099000318237
0,0.88905216546098,0.016713627507842006,0.09423420703117764
2,0.24399757866787955,0.02482126212828238,0.7311811592038382
2,0.057438242929376555,0.03822158980571918,0.9043401672649046
2,0.020644492384964932,0.016745063528602906,0.9626104440864323
1,0.9014413294028797,0.015828962444325627,0.08272970815279473
2,0.44934401621309017,0.028927201018120484,0.5217287827687894
2,0.021434725927043152,0.05232379986069596,0.9262414742122612
0,0.8511643020518926,0.02572158352731693,0.12311411442079026
0,0.9315666638545688,0.01645216230098981,0.05198117384444143
0,0.8147265662683061,0.023956104077707527,0.16131732965398654
0,0.9453637173897466,0.010070571906001118,0.04456571070425234
0,0.9435612091932165,0.01646436275986608,0.0399744280469173
2,0.004029227408333969,0.003165081961950176,0.9928056906297161
2,0.010240879742370252,0.00969277064304548,0.9800663496145843
0,0.9314041531685655,0.012862321937689093,0.055733524893745404
0,0.32171800813534757,0.04793900509790416,0.6303429867667482
0,0.9201851425150949,0.010743412045320954,0.06907144543958431
0,0.8036918675817012,0.006935722898903266,0.18937240951939552
0,0.6689002102562995,0.0384706564264488,0.29262913331725166
2,0.7525469175341439,0.03687523403948565,0.21057784842637065
1,0.6972899279866417,0.019495568665092423,0.28321450334826576
0,0.8068553357880582,0.03123519574556812,0.16190946846637358
0,0.8510554045566384,0.019894758835746602,0.12904983660761501
2,0.6003634407399011,0.07023202791549049,0.3294045313446085
0,0.9437216606568763,0.01073469478825753,0.045543644554866695
2,0.024848815975991773,0.010521393536388177,0.9646297904876202
0,0.9479520985641503,0.009853076049902309,0.042194825385947314
0,0.8318212696613895,0.019207677711736836,0.14897105262687385
0,0.9023986709435513,0.00768886915871263,0.08991245989773598
0,0.7207442480632534,0.06130840674209185,0.21794734519465492
0,0.8002319420169848,0.04197612737484412,0.157791930608171
0,0.9512087603508178,0.010730063274374806,0.03806117637480745
0,0.9542809268405389,0.010178102651963505,0.03554097050749753
0,0.9412714583215918,0.00955520187859495,0.04917333979981356
0,0.9455345630336237,0.010234972727042312,0.04423046423933361
2,0.015371761321537527,0.025136762402217235,0.9594914762762456
0,0.9005123478073804,0.020952309724429262,0.07853534246819006
0,0.4708674431619309,0.015004523008030906,0.5141280338300381
2,0.009199883765898269,0.05268429788403225,0.9381158183500694
2,0.0032173380477895984,0.004628028165480149,0.9921546337867305
2,0.011177874205744159,0.01864614157505916,0.9701759842191966
2,0.009522786024259863,0.048045036550052586,0.9424321774256876
0,0.947392733199794,0.010964621953550758,0.041642644846655086
0,0.9239584780357323,0.018196425919535276,0.057845096044732223
0,0.9198866774319305,0.015855324103914693,0.06425799846415482
2,0.5019948619802655,0.09712487167964036,0.40088026634009416
0,0.6203127977122036,0.04646663731722856,0.3332205649705679
2,0.22479323730304426,0.10465398488899658,0.6705527778079589
0,0.9157051187566073,0.022457130542600328,0.061837750700792136
2,0.13555641026395196,0.05165919817714305,0.8127843915589051
0,0.8496626582290547,0.021793417007501245,0.12854392476344395
2,0.028043113596004875,0.0563104834521542,0.9156464029518407
0,0.947373905575028,0.011324781818285536,0.04130131260668674
0,0.752624952363539,0.02528598102384092,0.2220890666126196
0,0.9189547758909201,0.023601877547601135,0.05744334656147889
0,0.9487344691065244,0.010059653053926303,0.04120587783954928
0,0.9487974439044111,0.01230975180759468,0.0388928042879943
2,0.7156720669106093,0.02127969642614903,0.2630482366632416
0,0.8789316894718454,0.009825346153128783,0.11124296437502576
0,0.9443900882480407,0.01064635561321286,0.04496355613874622
0,0.8074105089900923,0.026499226257298444,0.16609026475260916
0,0.948628215322409,0.01214864976963604,0.03922313490795495
0,0.664937047084157,0.01206717937108354,0.3229957735447595
0,0.47446092713457727,0.0629964852274199,0.46254258763800293
0,0.8731220131627727,0.017863305699482197,0.1090146811377448
0,0.8543864003657946,0.0142587095648633,0.13135489006934198
2,0.12414842721463168,0.054958534162485376,0.8208930386228829
0,0.8815825264291232,0.029422645007172153,0.08899482856370436
2,0.2080678888912672,0.05452781506870918,0.7374042960400238
0,0.7346081295919461,0.027475202991711512,0.23791666741634213
2,0.010947932425986838,0.019651619119401203,0.9694004484546119
0,0.9343223300139072,0.011694639110408238,0.05398303087568477
2,0.626795620750782,0.07505694650214202,0.29814743274707606
2,0.5777444605421788,0.04690984766267583,0.37534569179514543
0,0.7197745488293822,0.06792341803063127,0.21230203313998644
0,0.9453637173897466,0.010070571906001118,0.04456571070425234
0,0.9588248758584509,0.009645924369466548,0.03152919977208254
2,0.6848956681017521,0.0241504373598738,0.2909538945383741
0,0.6252992281741501,0.08456987733061026,0.29013089449523977
0,0.28476837393341714,0.056363313158006134,0.6588683129085768
0,0.8365675490037644,0.02514285733653381,0.13828959365970167
0,0.5574285093238829,0.04023157996976724,0.40233991070635006
0,0.792410223937064,0.03348234168608568,0.17410743437685042
0,0.8847005919001907,0.0056636153080537825,0.10963579279175559
2,0.05539696013827848,0.036481292141044445,0.908121747720677
0,0.9390934566315815,0.009849072032110705,0.05105747133630786
0,0.9141158378841654,0.02292840152172544,0.0629557605941092
2,0.31985364967673885,0.09354697440240564,0.5865993759208556
0,0.9453637173897466,0.010070571906001118,0.04456571070425234
2,0.4079680197628623,0.05273658925964304,0.5392953909774948
0,0.9542809268405389,0.010178102651963505,0.03554097050749753
0,0.8672398827700226,0.01113517845204209,0.12162493877793536
0,0.46883875093057464,0.02559522284305995,0.5055660262263656
0,0.8757778459035591,0.01415932601658617,0.11006282807985464
2,0.008410959280833106,0.005782201343333513,0.9858068393758332
2,0.032942060902118424,0.019876451097501368,0.9471814880003803
2,0.8279468244553665,0.010873162832744636,0.16118001271188898
0,0.9242135372795306,0.012340088178151843,0.06344637454231739
0,0.11598935962459919,0.03278127013426588,0.851229370241135
0,0.9507947080399315,0.010547596943119667,0.03865769501694877
2,0.8661264657805708,0.019964731139660626,0.1139088030797688
2,0.7847351159032341,0.028270533108710066,0.18699435098805584
0,0.7786121383123059,0.022459185215584116,0.19892867647210996
2,0.5731136281178942,0.12957316333065688,0.29731320855144877
0,0.9509515984011028,0.010487110728642588,0.03856129087025465
2,0.0467857405091575,0.0111792604510289,0.9420349990398137
2,0.7902516409469215,0.027282842781228833,0.18246551627185
0,0.9283644620816753,0.011563429545196173,0.06007210837312854
0,0.6455038058243543,0.10629537971277055,0.24820081446287515
1,0.3365048338274192,0.045384220933526204,0.6181109452390546
2,0.24474427682303543,0.05733389946777803,0.6979218237091867
0,0.8253775174924202,0.023853405217692053,0.15076907728988767
2,0.24251553682041685,0.2525574706306825,0.5049269925489008
2,0.04873439767651564,0.021614430618371008,0.9296511717051134
0,0.9479511500860157,0.010956236170959033,0.041092613743025114
0,0.15724350304797177,0.17559523148068928,0.6671612654713389
2,0.1630522719396556,0.041741557782348615,0.7952061702779959
0,0.9350538938803317,0.010134767438580076,0.054811338681088256
0,0.40676269916777463,0.07983921493906761,0.5133980858931578
0,0.5372124930375721,0.08258802591105381,0.3801994810513741
2,0.011326612310498745,0.033040505481471825,0.9556328822080292
0,0.9453637173897466,0.010070571906001118,0.04456571070425234
2,0.37176010013328964,0.1104354055861891,0.5178044942805213
2,0.5173388424463531,0.035233069810969624,0.4474280877426774
1,0.4209257000236402,0.07864443072963546,0.5004298692467243
0,0.2802133826837915,0.0659776622890646,0.653808955027144
2,0.5663460747943576,0.018870897709432222,0.41478302749621027
2,0.21837195790886016,0.1418893005888626,0.6397387415022775
0,0.5696963771598939,0.05190955455962747,0.3783940682804787
0,0.9532210938509168,0.008216329445003738,0.03856257670407955
0,0.7668670957207236,0.033459938874456426,0.19967296540482
2,0.24963357323289984,0.06694642792978232,0.6834199988373176
2,0.3432535026198109,0.07289276663188483,0.5838537307483043
0,0.9453637173897466,0.010070571906001118,0.04456571070425234
0,0.7089812902822933,0.03719220558320891,0.2538265041344978
0,0.9515248039099067,0.010209954974689621,0.03826524111540355
2,0.8696675881056634,0.016007755754067536,0.11432465614026903
0,0.9342239349070486,0.009759581977526164,0.056016483115424974
0,0.90827170836185,0.012600703611441898,0.07912758802670786
0,0.951584738201646,0.009138838670095989,0.03927642312825808
2,0.6440241924105714,0.015992285005421828,0.3399835225840068
0,0.9506836144065933,0.010919315814782317,0.03839706977862475
0,0.7870838555147738,0.016916764494960886,0.1959993799902652
0,0.28426886900500825,0.03855439860829985,0.6771767323866918
0,0.8638984207787884,0.009111211052287528,0.12699036816892412
2,0.3586390147565199,0.04626052174609499,0.5951004634973852
0,0.9499850986566934,0.010919027749053567,0.039095873594252956
2,0.2222851492460354,0.025102381581902207,0.7526124691720625
0,0.9411811081507875,0.011034200907110252,0.04778469094210223
2,0.8628276142990741,0.028972776795020673,0.10819960890590524
2,0.09595752845971194,0.10189621477446381,0.8021462567658243
2,0.019380967587937226,0.03682701724548611,0.9437920151665766
0,0.601929375582918,0.07980065482104363,0.3182699695960383
0,0.8843273997126051,0.029248375863403297,0.08642422442399163
0,0.9464127724902983,0.009869670797405793,0.04371755671229567
0,0.8485054130608426,0.027484127897588473,0.12401045904156884
2,0.7526013976723434,0.003950269651106266,0.24344833267655025
0,0.9217765565173144,0.01970420520051072,0.05851923828217485
0,0.38959757853251903,0.05128011072637698,0.559122310741104
0,0.9453637173897466,0.010070571906001118,0.04456571070425234
2,0.9303492799868853,0.014055212507797179,0.055595507505317415
2,0.5574285093238829,0.04023157996976724,0.40233991070635006
2,0.01875577705081854,0.10102163406212132,0.8802225888870601
0,0.9480569828509715,0.01125605971911138,0.04068695742991716
0,0.9334230392333082,0.011478294174062388,0.055098666592629235
2,0.33627541265541644,0.12247498095455657,0.541249606390027
2,0.03232232251084835,0.033584547568708156,0.9340931299204437
2,0.0843052547175311,0.09062203982021022,0.8250727054622585
0,0.8685150825161134,0.019772824591958487,0.11171209289192817
2,0.25902879102808557,0.022725649064410405,0.7182455599075043
0,0.9029625400976431,0.023106309550799176,0.07393115035155783
0,0.9386624594429268,0.010689777264588855,0.05064776329248403
0,0.16762341446521312,0.026631052580360515,0.8057455329544263
0,0.5761748581173962,0.07465572104908187,0.3491694208335218
2,0.6763454167851938,0.0239411322708309,0.2997134509439752
2,0.8872319167657706,0.00708875537029115,0.10567932786393833
0,0.9475784451979655,0.011305787524092304,0.041115767277942326
2,0.3784313401878247,0.020262155474538877,0.6013065043376365
2,0.03576426892052032,0.01656337869405315,0.9476723523854264
0,0.9336633199854244,0.012592561034768864,0.05374411897980751
0,0.9542809268405389,0.010178102651963505,0.03554097050749753
0,0.8137790381551243,0.00945963116860178,0.17676133067627364
0,0.7645277793821844,0.02077356959511915,0.21469865102269645
2,0.007850742775113722,0.01344038953142001,0.978708867693466
0,0.4316968413249132,0.060351445968269274,0.5079517127068175
0,0.8515810467736201,0.02590758966977437,0.12251136355660547
2,0.2647186106420802,0.021180782476608356,0.7141006068813113
0,0.9236253393620985,0.016802847514556365,0.059571813123345294
0,0.15079073055842915,0.05735762051132447,0.7918516489302465
2,0.2290439315323347,0.026984413950518593,0.7439716545171465
2,0.01038614138847373,0.012009134057818479,0.9776047245537077
1,0.49191231903426574,0.034585676726233784,0.4735020042395004
0,0.9479511500860157,0.010956236170959033,0.041092613743025114
0,0.7357181320290657,0.007885180970574045,0.2563966870003599
2,0.1899193786856775,0.047567740599576865,0.7625128807147459
0,0.875370368756084,0.007740877371128757,0.11688875387278719
0,0.9453637173897466,0.010070571906001118,0.04456571070425234
1,0.1516356287698926,0.1220796972420016,0.7262846739881058
0,0.8589560286990274,0.018968468561831247,0.12207550273914074
2,0.3886489492679042,0.08251106842907198,0.5288399823030238
0,0.21434852600357737,0.08252708445765518,0.7031243895387677
0,0.9490716415169911,0.010952532395999658,0.039975826087009635
2,0.1899005538160324,0.10464345362881887,0.7054559925551488
0,0.5296348677306968,0.04426757058496945,0.4260975616843338
0,0.6836469360289422,0.07003244418699714,0.24632061978406022
0,0.7345329106018722,0.02368616763408751,0.24178092176404045
2,0.523752558351304,0.09792138981265819,0.37832605183603785
2,0.2365367111077896,0.016402714932126694,0.7470605739600837
0,0.8040832790119463,0.04800579955812467,0.14791092142992965
2,0.09606538425500064,0.02105116208039869,0.8828834536646004
0,0.9401277025897631,0.009376617257954446,0.05049568015228253
2,0.23221436984596536,0.17041179419319294,0.5973738359608417
0,0.8451886132303211,0.011564171276302273,0.14324721549337624
0,0.5821198200839304,0.04872005950999842,0.36916012040607116
2,0.8635294142774398,0.021724654111755292,0.11474593161080494
0,0.5317307627801322,0.13728759944164562,0.33098163777822226
2,0.5249153001312831,0.03518704684913578,0.43989765301958106
0,0.951584738201646,0.009138838670095989,0.03927642312825808
2,0.9512087603508178,0.010730063274374806,0.03806117637480745
0,0.8127743942699748,0.0377488642259444,0.14947674150408097
0,0.9455115433717933,0.008354304197083093,0.04613415243112341
0,0.49229458471956217,0.09660801291083387,0.4110974023696039
0,0.9459988150462066,0.011794784993848378,0.042206399959945434
2,0.11609415624150882,0.06731470422133469,0.8165911395371566
0,0.7334118522479006,0.026978510819419817,0.23960963693267925
0,0.9202001839671806,0.007811858441776686,0.07198795759104272
2,0.05407532683958559,0.007824008076657627,0.9381006650837566
0,0.9494739592387365,0.010100998348858284,0.040425042412405264
0,0.9588248758584509,0.009645924369466548,0.03152919977208254
0,0.8779083212094108,0.030936814911856875,0.09115486387873198
2,0.047033685104129086,0.040704896101283604,0.9122614187945873
2,0.005144399916517879,0.006576077637657615,0.9882795224458244
2,0.2381330702667423,0.038686034576800456,0.7231808951564571
2,0.07087591153232495,0.022691577777933,0.9064325106897421
2,0.6643247679476215,0.016767804271632363,0.3189074277807461
2,0.5313640084771114,0.05817698666876758,0.41045900485412096
0,0.8814627056006693,0.019562254899456608,0.09897503949987434
0,0.932062486579276,0.016012195226736015,0.05192531819398815
0,0.951584738201646,0.009138838670095989,0.03927642312825808
1,0.3939318266602878,0.09356743048030364,0.5125007428594086
1,0.7549406632119159,0.014484057353976036,0.23057527943410785
0,0.9020823725054953,0.01543414013945787,0.08248348735504685
2,0.026641625742418247,0.055967670313189326,0.9173907039443925
2,0.6803961977864176,0.0046193477971415604,0.3149844544164407
0,0.5764469338617383,0.14705905935347333,0.27649400678478836
0,0.9445924746073603,0.01206220989155917,0.04334531550108056
0,0.927215713465364,0.015020913060750929,0.05776337347388503
2,0.07768901716365542,0.02967773625416841,0.8926332465821762
0,0.5305617773243959,0.06295024344639792,0.40648797922920626
0,0.8503531742763868,0.022725246282610384,0.1269215794410028
0,0.9141360502697442,0.01457188394988911,0.07129206578036672
2,0.631621353214085,0.023351063204334378,0.3450275835815804
0,0.9418862355608336,0.015448330771047411,0.04266543366811895
0,0.9477787990969296,0.011059749037096219,0.041161451865974655
0,0.7313525890751472,0.08147773754999565,0.1871696733748568
0,0.9310778611346392,0.011627016118820652,0.05729512274654034
0,0.8718768381210985,0.015953540042251014,0.11216962183665014
2,0.5857626096109567,0.11736940746366799,0.2968679829253752
0,0.951584738201646,0.009138838670095989,0.03927642312825808
0,0.8834715139739763,0.02751581870095172,0.08901266732507208
0,0.9297505999497466,0.01125943912589316,0.05898996092436005
2,0.6654392121159025,0.035883037269035495,0.2986777506150619
0,0.43414682112235053,0.06128693017112434,0.5045662487065249
0,0.7363226846374177,0.05028002165729501,0.21339729370528737
2,0.008983533682109045,0.0065621816206254775,0.9844542846972657
0,0.799883517074561,0.022319034041333723,0.17779744888410512
2,0.1151735850295046,0.07998003553886605,0.8048463794316291
2,0.665640093911823,0.05823896547421745,0.2761209406139598
0,0.9453637173897466,0.010070571906001118,0.04456571070425234
0,0.778920322039001,0.031107653415708633,0.18997202454529027
0,0.7726448891796798,0.027820671291618304,0.199534439528702
2,0.38245306498644777,0.06126727904561871,0.556279655967934
0,0.9165016347771471,0.019810139341655954,0.06368822588119684
2,0.8521792127965683,0.024769362715004378,0.12305142448842753
2,0.5190473095702366,0.040523885949390055,0.4404288044803733
0,0.951584738201646,0.009138838670095989,0.03927642312825808
0,0.7946715163005378,0.0468934825814941,0.1584350011179682
2,0.04018239160707359,0.15615235281958137,0.8036652555733448
0,0.7029852651024711,0.042523569317103195,0.25449116558042595
0,0.6231466534660391,0.011510094590495117,0.3653432519434656
0,0.5983792438576218,0.05376744426109978,0.3478533118812783
0,0.9454939029835202,0.011690511823034206,0.04281558519344548
0,0.5875550562587373,0.025532568196701324,0.3869123755445612
2,0.056096022093241577,0.014558093451493899,0.9293458844552646
0,0.9394305394054054,0.010646988058328958,0.04992247253626539
0,0.6995156976707014,0.05991708016043623,0.24056722216886237
1,0.45013802460682606,0.09515062032506628,0.45471135506810784
0,0.5561162610278566,0.010786871229219319,0.4330968677429241
2,0.3166566869952388,0.05562575244720652,0.6277175605575546
2,0.2074410738063322,0.08038561674469193,0.7121733094489759
0,0.7694484277630935,0.005503620940668178,0.2250479512962385
0,0.9441769107291692,0.011706176033711184,0.04411691323711978
2,0.009992048864147788,0.008179045723804219,0.9818289054120479
0,0.9369352301773161,0.010940038929346845,0.05212473089333698
2,0.01933865556341782,0.019644141548324483,0.9610172028882574
0,0.9453637173897466,0.010070571906001118,0.04456571070425234
0,0.812034814299475,0.03465840795545449,0.1533067777450708
0,0.721235872544646,0.03409899349207634,0.2446651339632778
0,0.9453637173897466,0.010070571906001118,0.04456571070425234
2,0.3092579700578952,0.0788971060701211,0.6118449238719836
0,0.951584738201646,0.009138838670095989,0.03927642312825808
0,0.8847473179692642,0.017899295695744513,0.09735338633499169
0,0.84034120797714,0.019236404598714535,0.14042238742414534
0,0.9031453463370055,0.015135629232678171,0.08171902443031674
2,0.5824355623344053,0.030960365670969422,0.3866040719946253
0,0.8318736820355079,0.03182354039046589,0.1363027775740261
0,0.3221983146044121,0.08025906875185651,0.5975426166437316
0,0.7256564168387984,0.048130616201022776,0.22621296696017865
0,0.8702858633406462,0.025372883035809073,0.10434125362354413
2,0.134356544835915,0.0835214522004858,0.782122002963599
2,0.2836746179104667,0.04054300034138137,0.675782381748152
0,0.4937009886051833,0.01799888206555101,0.4883001293292657
0,0.8767031511762057,0.019196319767613414,0.10410052905618113
2,0.649801232105341,0.08407558184019996,0.26612318605445917
0,0.8783334788985473,0.02728392552860404,0.09438259557284859
0,0.949791925853869,0.010693129813092601,0.03951494433303896
0,0.9503423977502542,0.010966983049392896,0.03869061920035306
0,0.9490954200993857,0.010706196020488133,0.04019838388012668
0,0.9486600299842626,0.010728238769536118,0.04061173124620093
0,0.40970352146512257,0.020562109714091056,0.5697343688207861
2,0.040158442704023474,0.022380434334420173,0.9374611229615564
0,0.8234581270629426,0.018757776562189347,0.15778409637486773
0,0.8031941094753231,0.032844713666280174,0.16396117685839673
2,0.3794983353878048,0.05820514508492119,0.5622965195272741
2,0.3637620845904882,0.05854252435467421,0.5776953910548375
2,0.4611882163274978,0.07225340303843476,0.4665583806340674
0,0.4200084746074945,0.06408900437092914,0.5159025210215762
0,0.809101317144817,0.028633733316453035,0.16226494953872997
0,0.9314041531685655,0.012862321937689093,0.055733524893745404
0,0.5002175351131216,0.11061893052383145,0.3891635343630468
2,0.7589883075180666,0.015772949417306913,0.22523874306462663
0,0.9430597118533838,0.01112204815892092,0.045818239987695415
2,0.051335541404862434,0.06919056009272515,0.8794738985024123
0,0.8888006736072356,0.017693928968324536,0.09350539742444018
0,0.9216188299298035,0.015125333923468,0.06325583614672858
0,0.2585866004470258,0.0983532727348869,0.6430601268180873
0,0.7790099583987934,0.016700474200312145,0.20428956740089435
2,0.5836484226945323,0.04451959098922351,0.3718319863162443
0,0.7710978317778668,0.05763570824504536,0.1712664599770878
0,0.9231377041974924,0.011841961661356936,0.0650203341411507
0,0.6196914135643599,0.0654650094322393,0.3148435770034008
2,0.9542809268405389,0.010178102651963505,0.03554097050749753
0,0.8423937362842814,0.009686376495660311,0.1479198872200582
0,0.4774609336215886,0.09736798766851615,0.4251710787098954
1,0.09969052566962767,0.2876136025289496,0.6126958718014227
0,0.887744118835789,0.018473761909342468,0.09378211925486879
0,0.9421192485104785,0.010002948914413534,0.04787780257510793
0,0.8654856691822838,0.008157419472128401,0.12635691134558782
0,0.8869175018607384,0.019007750348366634,0.09407474779089497
0,0.9506067798991892,0.0105230121162477,0.03887020798456303
0,0.9483447784500666,0.011134171779981316,0.040521049769952154
2,0.21996588524079944,0.04043953567944039,0.7395945790797603
2,0.43674238306963187,0.10214621079254516,0.4611114061378231
0,0.9334750191279315,0.015780654916475394,0.050744325955593056
2,0.42417670777938965,0.09834081525867164,0.47748247696193874
2,0.4334284175634726,0.07909515700719029,0.48747642542933706
0,0.848299925955789,0.006795566801641136,0.14490450724256965
0,0.9303508619527917,0.013773981797926846,0.05587515624928133
2,0.3346589120033026,0.03739535983618157,0.6279457281605157
0,0.6682522156247522,0.029795920767502804,0.30195186360774473
2,0.11716590839201929,0.03851554734181998,0.8443185442661607
0,0.5949159307584123,0.1025960851033222,0.30248798413826533
2,0.03683439829376889,0.036128607142996226,0.9270369945632351
2,0.007752908796835562,0.0061126965329666655,0.9861343946701977
2,0.014617560112637033,0.01577603836660688,0.9696064015207563
2,0.011424331875405007,0.012300379821459132,0.9762752883031363
0,0.9453637173897466,0.010070571906001118,0.04456571070425234
0,0.8731352944114247,0.006669876751203864,0.12019482883737125
1,0.33722943172718034,0.061927648878647955,0.6008429193941718
2,0.02415294954949904,0.0917875321608874,0.8840595182896135
0,0.9305351294453953,0.014956789260027914,0.054508081294576655
2,0.43011708638671875,0.042156334653989574,0.5277265789592918
0,0.2908129413970055,0.03634509227799353,0.6728419663250009
0,0.7877765789171504,0.022660221256580553,0.18956319982626949
0,0.860395903587468,0.027207637484649615,0.11239645892788279
0,0.9471940242246251,0.010575283011710712,0.04223069276366413
0,0.8760706703492102,0.007559344873956757,0.11636998477683308
0,0.4764395279783433,0.03517343583888171,0.4883870361827749
2,0.09694766253027842,0.06765279765707505,0.8353995398126466
0,0.9515248039099067,0.010209954974689621,0.03826524111540355
2,0.8217284119232082,0.009382140090817316,0.16888944798597444
2,0.022649663245797477,0.004398909038566291,0.972951427715636
0,0.9421192485104785,0.010002948914413534,0.04787780257510793
0,0.9513857847005632,0.009972886773348589,0.038641328526087974
0,0.9488012185089888,0.010331268356246278,0.040867513134765006
0,0.9481450460041216,0.011334353199440553,0.04052060079643808
0,0.9035687047079844,0.017049951508073792,0.07938134378394182
0,0.9421346531448743,0.011230818528708091,0.04663452832641761
0,0.9022745934372852,0.020241416102866176,0.07748399045984859
0,0.9499850986566934,0.010919027749053567,0.039095873594252956
2,0.14050144136086057,0.0861782632528265,0.7733202953863129
0,0.7897358227223691,0.01302371952561444,0.19724045775201646
2,0.11750126238286024,0.012405554624897964,0.8700931829922417
0,0.8569688889804027,0.01763601669335764,0.12539509432623977
2,0.257930861449517,0.050578801945209625,0.6914903366052735
0,0.944547425822453,0.014194751352406675,0.041257822825140365
2,0.053281619291009906,0.014214029535226639,0.9325043511737635
2,0.42364320050968063,0.12117000471417279,0.4551867947761466
0,0.9072259288463158,0.0070542780312853924,0.08571979312239879
2,0.16943162777592913,0.0407350403951074,0.7898333318289636
0,0.9517549497621518,0.01011171941950424,0.03813333081834387
0,0.8966919288450007,0.016284116225098975,0.08702395492990027
0,0.8843373149114689,0.01035313680973061,0.10530954827880067
2,0.6238167586286272,0.0845165252205473,0.29166671615082546
0,0.9443013211814381,0.010994397293630418,0.0447042815249316
0,0.3608179912918091,0.07446718819327128,0.5647148205149196
2,0.21744204834574496,0.060567947318695116,0.7219900043355599
2,0.0538932957368676,0.061845755840644806,0.8842609484224875
2,0.10200295391336707,0.057309080524365306,0.8406879655622674
2,0.04321716102184436,0.028191383961105106,0.9285914550170505
2,0.00654794035419587,0.008886099451288277,0.9845659601945158
0,0.8447663423375681,0.020901597946273096,0.13433205971615847
2,0.013034547341083435,0.02281874392264628,0.9641467087362706
2,0.44541334585696646,0.057034737654131785,0.49755191648890174
2,0.002536870557192774,0.010561794927226356,0.9869013345155808
2,0.09491771930296852,0.034772482590388426,0.8703097981066432
0,0.8440846242890322,0.02659721707562558,0.12931815863534213
2,0.8437531320107422,0.015145325889831314,0.14110154209942655
0,0.862696983427344,0.03505120472338453,0.10225181184927137
0,0.9482274484455963,0.011230393950318976,0.04054215760408528
0,0.8310085215362494,0.016469858256389597,0.1525216202073613
0,0.6249220380377667,0.031069714032922944,0.34400824792931034
0,0.5687661546707811,0.04042616050803062,0.3908076848211884
0,0.9512087603508178,0.010730063274374806,0.03806117637480745
2,0.08924105777175115,0.10139655720970034,0.8093623850185486
2,0.29357775115902435,0.06732930855761021,0.6390929402833654
2,0.5220671350123453,0.06204002336276802,0.41589284162488677
2,0.14032705740672316,0.07010885210075714,0.7895640904925197
2,0.016326573023374272,0.01758920815239586,0.9660842188242299
0,0.9428934141074258,0.009618675803060217,0.04748791008951391
2,0.17463732317887384,0.05868724479340335,0.7666754320277228
2,0.0317930672448389,0.024469162697511353,0.9437377700576498
0,0.9463138042346367,0.011093346073195452,0.04259284969216789
0,0.8818621575173796,0.01939710415543967,0.09874073832718085
0,0.8545195070722237,0.020693215859473868,0.12478727706830221
2,0.009290250977514826,0.010325008352741924,0.9803847406697431
2,0.06523762128595219,0.02611989645382484,0.9086424822602229
1,0.8212577613884599,0.026459157403499297,0.152283081208041
0,0.1449335303539448,0.03656889923449085,0.8184975704115643
0,0.8122567562108353,0.014368933067235284,0.1733743107219295
2,0.6098860200844413,0.032234790103627814,0.35787918981193095
0,0.9262137499229368,0.020385562156885605,0.05340068792017748
0,0.36605917180751457,0.07794521405026222,0.5559956141422233
0,0.9429980203836645,0.010496773655472004,0.04650520596086404
0,0.5754823391978574,0.09286796049450581,0.3316497003076367
2,0.02398328233833939,0.021153783369900165,0.9548629342917604
2,0.003397150860346917,0.009490189974015057,0.987112659165638
2,0.052591432226770735,0.028212571015740245,0.919195996757489
2,0.8914421491053962,0.006809375931967113,0.10174847496263678
0,0.6192880747265115,0.040550637790312316,0.3401612874831761
0,0.3474723975108953,0.11939353161231109,0.5331340708767937
2,0.5679392125301347,0.027652326177029448,0.40440846129283575
0,0.8440372903631788,0.0267474733726228,0.12921523626419837
2,0.7860999875555565,0.02205963092307313,0.19184038152137037
0,0.9468545260487198,0.01253946266044893,0.040606011290831336
0,0.6441065136023402,0.024766671933420092,0.33112681446423964
2,0.5300713429137526,0.051668901352839185,0.4182597557334081
2,0.6711630942466916,0.037256662428644644,0.29158024332466387
0,0.9370097134885786,0.01063463081672076,0.05235565569470069
0,0.5645362348894682,0.0347890326761534,0.40067473243437846
2,0.22939365151820754,0.035717466633334895,0.7348888818484577
1,0.2939908945010485,0.06664205636561499,0.6393670491333366
0,0.6966418827891626,0.019388253358676288,0.28396986385216116
2,0.005072958563655462,0.006054637131938323,0.9888724043044061
0,0.8926806405011674,0.00923918425151286,0.0980801752473198
0,0.14794273733670976,0.05230366432733725,0.7997535983359532
0,0.9402541823678466,0.010702253808308344,0.049043563823845095
2,0.07777089632499908,0.021577938304007577,0.9006511653709935
1,0.525308757258358,0.11089348161583613,0.36379776112580586
0,0.9466973254164815,0.008840046239485514,0.044462628344032716
2,0.2594260437384745,0.04133773447356822,0.6992362217879573
0,0.8840483266870803,0.008095270892879173,0.10785640242004044
0,0.9140507697686494,0.017573495922697822,0.06837573430865294
0,0.6885888179470125,0.01957380291241051,0.29183737914057695
1,0.6029684081028107,0.10413668128635005,0.2928949106108393
2,0.006485387942186536,0.006054637131938323,0.9874599749258751
2,0.2942474287490213,0.06489857801848897,0.6408539932324898
2,0.3089005561581813,0.06598665713184795,0.6251127867099706
2,0.13212429101309367,0.02794760595687289,0.8399281030300334
2,0.07007797252141233,0.04656843550140707,0.8833535919771807
0,0.9488786679749325,0.010514905979171202,0.04060642604589628
2,0.5704862031433484,0.02126232211167201,0.40825147474497964
0,0.5393261068432783,0.04685669539468496,0.4138171977620367
1,0.4469747813273754,0.10648455248680061,0.4465406661858241
2,0.04241703800113785,0.032990390778432195,0.9245925712204298
0,0.8961873002047197,0.028797653805825125,0.0750150459894553
2,0.13206075790204927,0.18355768698424302,0.6843815551137077
0,0.9337686683925422,0.015134505477488803,0.05109682612996914
0,0.6848362250021413,0.06635244764546219,0.24881132735239653
0,0.8525637411290696,0.0087942197114356,0.13864203915949477
2,0.0638561675945284,0.09578140715354085,0.8403624252519307
0,0.9512087603508178,0.010730063274374806,0.03806117637480745
2,0.39333934669885623,0.04709659542165837,0.5595640578794853
0,0.9464127724902983,0.009869670797405793,0.04371755671229567
0,0.8749183256333797,0.023252749635056216,0.1018289247315642
2,0.1392868137546536,0.10446484962674253,0.7562483366186038
2,0.09000850159571293,0.045365777483968285,0.8646257209203186
0,0.7593848941300948,0.06015002371394053,0.1804650821559647
0,0.923953678135043,0.021382505368054257,0.05466381649690289
0,0.9494630992779001,0.010355707271035618,0.04018119345106443
0,0.8927579006690238,0.005309080178403729,0.10193301915257247
2,0.9436166646085725,0.010433030589287908,0.04595030480213976
0,0.9468545260487198,0.01253946266044893,0.040606011290831336
0,0.5084691618764404,0.10511320959884007,0.38641762852471945
0,0.5069984622108784,0.1577752806079116,0.3352262571812101
0,0.8309334137226894,0.012707196066805988,0.15635939021050463
1,0.5567998581306837,0.10503361053630662,0.3381665313330096
0,0.9514094300109882,0.01093262255153958,0.03765794743747268
0,0.5015675297410215,0.062354896608930295,0.43607757365004834
0,0.18650474229276967,0.07446210335586978,0.7390331543513604
0,0.8958481495646397,0.006952090240841842,0.09719976019451847
0,0.2163339575575776,0.049777853064927026,0.7338881893774954
0,0.9059533327075072,0.020251734986810963,0.07379493230568164
2,0.40402110534585295,0.062471319042439216,0.5335075756117078
2,0.14378263724067378,0.05946768079298145,0.7967496819663448
2,0.9035687047079844,0.017049951508073792,0.07938134378394182
2,0.12444067093928456,0.09694986692442471,0.7786094621362908
2,0.8647354853044547,0.033318165125117344,0.10194634957042772
0,0.9529823953170172,0.00933309977893686,0.03768450490404586
2,0.43489660518463674,0.0997005430024495,0.4654028518129138
0,0.6484041969172623,0.07562769325351915,0.2759681098292185
0,0.9421192485104785,0.010002948914413534,0.04787780257510793
0,0.9343223300139072,0.011694639110408238,0.05398303087568477
0,0.9376596967409045,0.012633460382171424,0.04970684287692428
2,0.013782534013786206,0.008367163006820258,0.9778503029793936
2,0.8238229583896266,0.03540234938166474,0.14077469222870848
0,0.9511661512876007,0.010939259568597457,0.037894589143801685
1,0.8258133972052567,0.038390465520800894,0.13579613727394238
0,0.945614925738675,0.010831899300932507,0.04355317496039215
0,0.687954755307516,0.03209680918816719,0.2799484355043167
0,0.9464971998339884,0.011234287891318445,0.04226851227469287
2,0.11889133668151945,0.004452539971665655,0.876656123346815
0,0.9340171919735104,0.0140866250674953,0.05189618295899411
2,0.2780616929243526,0.02776046957221522,0.6941778375034321
2,0.7040197575360613,0.019145059360480346,0.2768351831034584
2,0.06606628725896163,0.05909068594727705,0.8748430267937614
0,0.2285339291824363,0.045505814292888795,0.7259602565246746
2,0.007650587793595526,0.01434860098906222,0.9780008112173421
2,0.5944236687188111,0.11280216799004945,0.29277416329113937
0,0.9025533266885207,0.02172375600895653,0.07572291730252322
0,0.4099961733485937,0.0709377513335877,0.5190660753178187
0,0.9401899745693707,0.012150788256091742,0.0476592371745381
0,0.2820554627347896,0.02723336901168651,0.6907111682535239
0,0.94413038191923,0.009132738898750275,0.04673687918201972
0,0.3608013296168061,0.03453155141027343,0.6046671189729205
1,0.19297264194784405,0.08004222263925143,0.7269851354129045
0,0.6501133519169043,0.017637640454122968,0.33224900762897275
0,0.8326761835644834,0.02593882391440241,0.14138499252111394
2,0.2154237711262767,0.06426098430926008,0.7203152445644632
0,0.39885621288206136,0.08337456301788886,0.5177692241000498
0,0.8587233110947748,0.009390887917342862,0.1318858009878823
0,0.9512087603508178,0.010730063274374806,0.03806117637480745
2,0.9494739592387365,0.010100998348858284,0.040425042412405264
0,0.9512087603508178,0.010730063274374806,0.03806117637480745
2,0.18120782488592616,0.05584632486737485,0.762945850246699
2,0.6585249567624571,0.04552761335468783,0.29594742988285533
2,0.06079313740273073,0.21737259490145106,0.721834267695818
2,0.021401566066786136,0.06248538429494939,0.9161130496382643
0,0.8241851084922351,0.008807813567063881,0.16700707794070088
0,0.8313645571580405,0.01652644098840277,0.15210900185355664
2,0.008331261872081724,0.0074532242084914,0.9842155139194269
2,0.4735662845696223,0.07131765169802363,0.4551160637323541
0,0.8782197718201719,0.01871026337100984,0.1030699648088184
0,0.9494350710771285,0.011120876165187697,0.039444052757683846
0,0.614594593004241,0.03559803954212079,0.34980736745363844
0,0.46837359031671966,0.08390579128960046,0.44772061839367994
0,0.2539493458554973,0.1565649382326849,0.5894857159118179
0,0.8222579954686872,0.02085755850246158,0.1568844460288515
0,0.951584738201646,0.009138838670095989,0.03927642312825808
0,0.8170391694394025,0.013132698526711303,0.16982813203388625
1,0.5538688458488934,0.13357949520973822,0.3125516589413685
0,0.19176624912768836,0.11707805392241773,0.691155696949894
0,0.9124196187630585,0.021280066828062424,0.06630031440887937
0,0.8065259448528037,0.05178684662571848,0.14168720852147773
2,0.0036168953146424364,0.004232172251369735,0.992150932433988
2,0.7066529233907439,0.06721337215402907,0.22613370445522704
0,0.29781874807090697,0.0534453092168611,0.6487359427122318
0,0.9451453860715628,0.010535959317526126,0.04431865461091145
2,0.09183704170111069,0.058792727666403005,0.8493702306324863
0,0.9459387829477667,0.01124267367391017,0.04281854337832286
2,0.0018162763896113722,0.0028672980604577958,0.9953164255499307
0,0.9396590923587715,0.01102602796443656,0.04931487967679197
2,0.9035687047079844,0.017049951508073792,0.07938134378394182
0,0.5937287615292675,0.09010681097673927,0.3161644274939933
0,0.5285034673532903,0.05540923161890904,0.4160873010278006
2,0.006503034154617215,0.008111039277298225,0.9853859265680849
0,0.9479651979396194,0.010018134436671397,0.04201666762370917
0,0.9311411719877182,0.010074673514962072,0.058784154497319524
0,0.8421665747989725,0.027418320884430403,0.13041510431659728
2,0.017699522891754464,0.03158026935815808,0.9507202077500876
