target,prediction_0,prediction_1,prediction_2
2,0.15611287665770096,0.04924002219465036,0.7946471011476487
0,0.7951566677073643,0.023636179353037398,0.18120715293959838
0,0.9092333932226409,0.016096840494276968,0.07466976628308214
2,0.18755599423694133,0.0740139971095051,0.7384300086535535
0,0.6313478867641296,0.0353818560576347,0.3332702571782356
0,0.7649206576656803,0.024318162873437563,0.21076117946088221
0,0.8856382493500011,0.023432809212749428,0.09092894143724961
2,0.07816716516781395,0.03809581097057925,0.8837370238616066
0,0.9215293694789748,0.013313094105076076,0.06515753641594949
1,0.3583584179727413,0.06616366398649708,0.5754779180407616
2,0.09829122801003566,0.015485986093553877,0.8862227858964103
0,0.772296604784392,0.02085260285978247,0.20685079235582543
0,0.7974888286007336,0.02441063575730373,0.17810053564196243
0,0.9048102725213727,0.012570912353434079,0.08261881512519319
0,0.8927230959942739,0.024698724210192518,0.0825781797955336
2,0.3389771515370188,0.044543545697798684,0.6164793027651825
0,0.8537651305185857,0.02362664888456359,0.1226082205968508
2,0.506632594705286,0.11053061867606495,0.38283678661864906
0,0.9092313486669749,0.017420803215081822,0.07334784811794341
2,0.34461682313289194,0.06175060091215774,0.5936325759549503
0,0.7740652892206806,0.02795467453869108,0.1979800362406285
1,0.48258720971573277,0.06575414443009993,0.4516586458541671
2,0.12102562189946595,0.04862691275652614,0.8303474653440078
0,0.9143173966863567,0.01724036318014149,0.06844224013350189
0,0.634453644089867,0.06563951507073851,0.2999068408393944
0,0.9196021944056704,0.01465574555103722,0.06574206004329221
0,0.9290752317335684,0.013675091667631525,0.05724967659880043
0,0.9238224003917552,0.012455521154182572,0.06372207845406226
0,0.5611141352896146,0.05675839473210125,0.38212746997828395
0,0.9206835364465166,0.012249927504391371,0.0670665360490921
2,0.25297639100719965,0.07616678051840821,0.6708568284743921
2,0.2759210784028606,0.03984644613635259,0.6842324754607866
0,0.47344565135873484,0.11023737771685699,0.41631697092440834
2,0.5141053975809408,0.06683535220373908,0.4190592502153203
0,0.7592281871870779,0.06011274536642514,0.18065906744649726
2,0.2554252356610071,0.04892110004950503,0.695653664289488
2,0.6358029860086574,0.03305642555847651,0.3311405884328661
0,0.891026793695758,0.023572175212149306,0.08540103109209272
0,0.45447903467519934,0.04774897746252943,0.4977719878622713
0,0.5206047174431305,0.04587363378378623,0.4335216487730832
0,0.9052107589253938,0.014182677249252304,0.08060656382535422
2,0.4402186353216995,0.13180074005593495,0.4279806246223655
0,0.7690907743166254,0.025501656646400903,0.2054075690369737
0,0.9270285128213835,0.013219318369302178,0.05975216880931423
0,0.9260700699015262,0.014648024621518874,0.059281905476954916
0,0.6974394367602759,0.04006847498339783,0.26249208825632636
0,0.9028332709940153,0.01445803809358084,0.08270869091240395
2,0.7702803797436616,0.03129237992714931,0.19842724032918918
0,0.7633352089265287,0.019126151225093493,0.21753863984837774
2,0.4844546677079691,0.06467937066084416,0.4508659616311868
0,0.9033334632797244,0.023591770713131132,0.0730747660071447
0,0.9261776799766271,0.013074008716161665,0.0607483113072115
2,0.24081504659591352,0.06751574297967698,0.6916692104244095
2,0.4125523647659099,0.05389638142434056,0.5335512538097495
2,0.47402053086187823,0.03572824381925341,0.4902512253188682
0,0.9136018818429311,0.015593592453088202,0.07080452570398073
0,0.8090302057435469,0.030101213945516476,0.16086858031093648
0,0.684880616122136,0.06406230874544197,0.25105707513242215
0,0.9084993199693379,0.015389843304035257,0.07611083672662683
0,0.9039683583765586,0.020294910830701746,0.07573673079273979
1,0.6782234386490523,0.04738818644270986,0.27438837490823803
2,0.7132646840221076,0.04164574545614196,0.2450895705217501
0,0.7759333530759228,0.032336872691778984,0.19172977423229803
2,0.10961561094711167,0.01619810486551646,0.8741862841873715
2,0.2095099886421153,0.052270588406717076,0.7382194229511677
2,0.005502397843444802,0.004188691199040362,0.9903089109575145
1,0.7839616287299185,0.024199387159141005,0.19183898411094064
2,0.4349199325427044,0.03719944521568245,0.5278806222416131
2,0.21445748792718822,0.06685970536150963,0.7186828067113024
0,0.7607979305249166,0.03195155524420987,0.2072505142308737
0,0.9292793151348446,0.012808547385491404,0.05791213747966405
0,0.8081673416552105,0.0267256193104377,0.16510703903435173
0,0.9291682691362209,0.012847681096764756,0.057984049767014496
0,0.9253889611859258,0.01356473813890334,0.061046300675170855
2,0.0009236279257465698,0.0017681565548295424,0.9973082155194241
2,0.11920490703547823,0.0226873619576996,0.8581077310068221
0,0.9215518613036616,0.01393600654693775,0.06451213214940084
0,0.4421203901415147,0.04674574165075503,0.5111338682077304
0,0.8037984477581951,0.015754181089567276,0.1804473711522376
0,0.8789731178570066,0.013066827651444145,0.10796005449154902
0,0.5769315170718379,0.04472174342748801,0.37834673950067416
2,0.8778963023822945,0.018588588116535715,0.10351510950116975
1,0.6427312238875642,0.012434707781512584,0.3448340683309232
0,0.7644173861768229,0.036510020965827825,0.19907259285734932
0,0.7639429689716954,0.028577868297754057,0.20747916273055056
2,0.5968949318866611,0.041005503263242066,0.362099564850097
0,0.9263962395789272,0.014300453417921351,0.05930330700315118
2,0.2129461596546679,0.09253778475608378,0.6945160555892484
0,0.9290108182717784,0.013473450943833723,0.057515730784388014
0,0.7009220106564038,0.03830466788252115,0.2607733214610751
0,0.817803222153815,0.016463467016337368,0.16573331082984788
0,0.6897297575835658,0.062001735163394724,0.24826850725303962
0,0.792341299690962,0.03519276580344838,0.17246593450558975
0,0.9243303580335716,0.014762241185509431,0.06090740078091891
0,0.9284321354813014,0.013813727954535098,0.05775413656416357
0,0.8755537629296176,0.0216040822485337,0.10284215482184877
0,0.9242919782142052,0.012233374001963128,0.06347464778383198
2,0.0452448496898492,0.046702642650558415,0.9080525076595923
0,0.8810681600565765,0.029514640211338646,0.08941719973208526
0,0.6977409954343438,0.03899013687236371,0.2632688676932925
2,0.08031135089162693,0.06867454943451265,0.8510140996738604
2,0.028066058812247018,0.008714535332159634,0.9632194058555932
2,0.05872349900201095,0.0494345290932011,0.8918419719047876
2,0.12111142410405171,0.05058747795987689,0.828301097936071
0,0.921432553933579,0.01362746742834049,0.06493997863808043
0,0.9201500212607221,0.015714700139582583,0.06413527859969538
0,0.9269148491019104,0.014395940695939274,0.05868921020215087
2,0.5644950583903581,0.06215765179858858,0.37334728981105325
0,0.5905678091449446,0.06051333352728303,0.34891885732777234
2,0.1800089046809507,0.06198590032883794,0.7580051949902114
0,0.903737907222326,0.01612232738685861,0.08013976539081553
2,0.32725578680610884,0.08170572372597362,0.5910384894679174
0,0.7875484232431276,0.026279166179421446,0.186172410577451
2,0.1717815063510065,0.05801205677410785,0.7702064368748857
0,0.9218352378374652,0.016394816565408903,0.061769945597126175
0,0.519620502453473,0.03114786360527909,0.4492316339412481
0,0.926974564367923,0.013013024518668877,0.06001241111340827
0,0.9270577406195,0.013622217480474956,0.05932004190002536
0,0.9304995727181259,0.01366948009458725,0.05583094718728695
2,0.3789102403536047,0.10906105216357725,0.5120287074828184
0,0.9094353310382532,0.015518192291918911,0.07504647666982797
0,0.9052803833772529,0.014975237556766673,0.07974437906598031
0,0.7490474957301827,0.0319107486362422,0.21904175563357517
0,0.9279776728933243,0.013357802588007305,0.0586645245186683
0,0.7354155955186576,0.025443015764332066,0.23914138871701027
0,0.72493887758169,0.05115843039364144,0.22390269202466867
0,0.7772845009975204,0.029261735233751376,0.19345376376872817
0,0.8064424071178161,0.022721562006347378,0.17083603087583643
2,0.39827866893216785,0.07170566395920357,0.5300156671086288
0,0.9058148189678898,0.018640490794978974,0.07554469023713122
2,0.15609718668601627,0.036031251946992936,0.8078715613669909
0,0.6787881029311962,0.03002634661915017,0.2911855504496538
2,0.08934620322189647,0.04295294117720662,0.867700855600897
0,0.9158071583203229,0.015087375983594886,0.06910546569608213
2,0.7318155135611087,0.08172799173025722,0.18645649470863424
2,0.5371330646353716,0.0354792143300218,0.4273877210346069
0,0.7187131742762591,0.07172622316944416,0.20956060255429682
0,0.9292793151348446,0.012808547385491404,0.05791213747966405
0,0.9101095587319382,0.015178131841088556,0.07471230942697342
2,0.7723518711038696,0.013072316612889214,0.21457581228324135
0,0.5570959270722702,0.06916149516449978,0.37374257776323017
0,0.3650272957090039,0.06564419347825665,0.5693285108127395
0,0.746375266776627,0.03636934341913409,0.21725538980423903
0,0.43202466500821163,0.039792726651742515,0.5281826083400458
0,0.8169643641552085,0.02614909689545074,0.1568865389493407
0,0.9021525287322038,0.012337792932831958,0.08550967833496449
2,0.25547306668030734,0.055314889192175754,0.6892120441275169
0,0.9189909568201409,0.015518763756976472,0.06549027942288288
0,0.8178686730834025,0.027722472211714103,0.1544088547048835
2,0.35167251325273124,0.06077869443571307,0.5875487923115557
0,0.9280885662314192,0.012754576052110387,0.05915685771647038
2,0.3219713122172289,0.051089116918316434,0.6269395708644547
0,0.9299677202270094,0.013207491404437631,0.05682478836855318
0,0.8953192478143612,0.014798522042897923,0.0898822301427409
0,0.5772235282949106,0.02901176368198738,0.3937647080231021
0,0.6721424418586851,0.03398802003234158,0.29386953810897276
2,0.09605166236525255,0.053134314914502045,0.8508140227202454
2,0.06247307478902751,0.015185276240607016,0.9223416489703653
2,0.7412557257002536,0.024044865723324475,0.2346994085764219
0,0.9179552983830717,0.015060390554882834,0.06698431106204551
0,0.13932400447186732,0.04992438702525468,0.8107516085028783
0,0.9298484579158494,0.012540077502917489,0.05761146458123317
2,0.7573007809889887,0.02978208413863559,0.21291713487237593
2,0.7348846837991198,0.03223755842608621,0.23287775777479397
0,0.7381659991132385,0.02356421445037624,0.23826978643638497
2,0.3472445537830359,0.04915704936880795,0.6035983968481565
0,0.9258209514058394,0.013765082767866242,0.06041396582629431
2,0.02536096256684492,0.01066131191700305,0.9639777255161519
2,0.7044333378274769,0.033513431376977904,0.26205323079554527
0,0.9110599696378571,0.016102824899478677,0.07283720546266421
0,0.5720994446576072,0.06902981077227291,0.3588707445701197
1,0.4541113918487265,0.056390475786229896,0.48949813236504386
2,0.24430340548345292,0.037620996600756365,0.7180755979157908
0,0.6791912367273997,0.04019939658324425,0.2806093666893563
2,0.4474194276994018,0.10047299143928012,0.452107580861318
2,0.20085901987652588,0.049835511030894536,0.7493054690925797
0,0.9265687175280951,0.013053028781303197,0.06037825369060137
0,0.23837431258142472,0.04521216655412103,0.7164135208644548
2,0.3218330486705628,0.058440912712864564,0.6197260386165727
0,0.9262917672969135,0.013209180330725899,0.06049905237236076
0,0.38552028396323673,0.05623337435145849,0.5582463416853048
0,0.4905273699176774,0.07282380382923515,0.4366488262530876
2,0.029742715923146264,0.007511200806408773,0.9627460832704448
0,0.9186120626507527,0.014991585954806085,0.06639635139444118
2,0.3327777459033307,0.08379906953188895,0.5834231845647803
2,0.4568842820625681,0.03928588385854325,0.5038298340788887
1,0.627137064157623,0.09067008716068406,0.28219284868169303
0,0.4173615092089077,0.04936272394410953,0.533275766846983
2,0.5308672023090086,0.04394410989991733,0.4251886877910741
2,0.5243199805451758,0.0791408697431833,0.39653914971164084
0,0.6586979138650111,0.04039191996832456,0.30091016616666444
0,0.9259765192623447,0.01426174673423997,0.05976173400341548
0,0.5343728793321961,0.03995058629645789,0.4256765343713458
2,0.2862454467679161,0.047652678501598676,0.6661018747304854
2,0.39820990414289337,0.058500875629432604,0.5432892202276739
0,0.9128086278256579,0.013903434245722351,0.07328793792861976
0,0.6246404075470763,0.04198230390151911,0.33337728855140464
0,0.9263999534725331,0.01357197416958411,0.06002807235788278
2,0.724973554995231,0.02610465294174464,0.24892179206302467
0,0.9173597431855197,0.013193078650023629,0.06944717816445664
0,0.8864100173280965,0.019143048707268975,0.09444693396463433
0,0.9224663031894372,0.015303911581280904,0.06222978522928199
2,0.8203507648777536,0.03060189724565789,0.1490473378765889
0,0.9245270057742295,0.014870167508293411,0.060602826717476965
0,0.7093242307824942,0.04778273793912685,0.24289303127837908
0,0.3618297609796692,0.035441063613887894,0.602729175406443
0,0.9073390797594156,0.012848542862275611,0.0798123773783089
2,0.39872165470722326,0.07587194875492913,0.5254063965378477
0,0.9241201367450448,0.014391456891057712,0.06148840636389736
2,0.17311750735511242,0.010892673581908234,0.8159898190629795
0,0.9225847427657481,0.014130867266643156,0.06328438996760903
2,0.8468065247168466,0.03693798764498374,0.11625548763816959
2,0.14307502378490872,0.06561286546858647,0.7913121107465046
2,0.17019702400002654,0.028023136016584065,0.8017798399833895
0,0.6824870859359707,0.0474781151131717,0.2700347989508576
0,0.85647999842267,0.029793198171038024,0.11372680340629199
0,0.9162914066397244,0.014825755339124287,0.06888283802115092
0,0.6651343454467348,0.04147708649142692,0.2933885680618382
2,0.9060010675565219,0.012830006861554446,0.08116892558192389
0,0.9177566771365905,0.016648281462531635,0.06559504140087773
0,0.39615375108618867,0.066936328278025,0.536909920635786
0,0.8560136059608874,0.01933555169337105,0.12465084234574153
2,0.9034675963181147,0.015630955451876444,0.080901448230009
2,0.45746623526154245,0.033073560594875887,0.5094602041435817
2,0.2046023197786265,0.03899649933658543,0.756401180884788
0,0.930173321527308,0.013311721499966442,0.0565149569727258
0,0.92054450074845,0.012913594126350599,0.06654190512519977
2,0.3776569775838258,0.0369724538729397,0.5853705685432344
2,0.09916302114928974,0.05082935584746918,0.8500076230032412
2,0.24806014912703334,0.05617763508761169,0.695762215785355
0,0.8237711142130255,0.024361367804476418,0.15186751798249784
2,0.04388640080131486,0.03701072299396003,0.9191028762047249
0,0.886160682699409,0.021679351072586207,0.0921599662280047
0,0.9242587022177506,0.012830402430052162,0.06291089535219707
0,0.25144642143066864,0.052348241676397664,0.6962053368929337
0,0.5229340881900629,0.0360992953036343,0.44096661650630264
2,0.5081688167090772,0.030659532222413854,0.4611716510685091
2,0.913512652446852,0.013950600388021601,0.07253674716512692
0,0.9251158126125406,0.013761566634195544,0.06112262075326428
2,0.6776611756582465,0.021587320832622266,0.3007515035091312
2,0.2753143660842032,0.0472025103108061,0.6774831236049907
0,0.7056364046629411,0.0598821471243769,0.23448144821268202
0,0.9278841653179497,0.013985277970795518,0.05813055671125503
0,0.9256128162026666,0.013172989476983749,0.061214194320349594
0,0.8779476915472475,0.02476256271421987,0.09728974573853288
2,0.07423862125754922,0.027305788143337086,0.8984555905991137
0,0.40923053182811003,0.07975653613752065,0.5110129320343693
0,0.7701536050631195,0.027307782015411536,0.20253861292146905
2,0.2508558705872513,0.041082493367407276,0.7080616360453411
0,0.9088444409640238,0.016693682962317234,0.0744618760736591
0,0.2736506691128316,0.07230092049673083,0.6540484103904375
2,0.26304922255764,0.0286781082056791,0.708272669236681
2,0.1217780027558722,0.03651422740798014,0.8417077698361478
1,0.2784679356260863,0.025244758126299578,0.696287306247614
0,0.9279337964110169,0.01302230110649219,0.05904390248249075
0,0.8988248374713864,0.015765313553801827,0.08540984897481188
2,0.3693769699462057,0.05177151132516272,0.5788515187286317
0,0.9124462906772047,0.014212732378208007,0.0733409769445877
0,0.9229037928624508,0.012594492923082791,0.06450171421446646
1,0.30220176414656086,0.07384101290186144,0.6239572229515776
0,0.7752098054268857,0.029662902741839962,0.19512729183127436
2,0.4280390075670821,0.0671537466760024,0.5048072457569154
0,0.35551757794206285,0.05708757166380019,0.5873948503941369
0,0.9232815997023995,0.014724408038324026,0.06199399225927626
2,0.20929317070239586,0.05758321350204414,0.7331236157955598
0,0.494505774594605,0.045862690791122575,0.4596315346142724
0,0.5966508129140261,0.09687854994368587,0.30647063714228795
0,0.6359979691563223,0.030039457338891424,0.33396257350478625
2,0.5707269795288217,0.05974986584927539,0.3695231546219028
2,0.034193128071627416,0.02156613197803129,0.9442407399503412
0,0.8282372518269566,0.03793909749487358,0.13382365067816976
2,0.2171605093767364,0.043453269118293406,0.7393862215049702
0,0.9187596649608938,0.01606766191947856,0.06517267311962749
2,0.42167971154280104,0.09724203839092396,0.48107825006627497
0,0.8745523292388235,0.01576341247708951,0.10968425828408707
0,0.7348576812082825,0.049021201306450116,0.2161211174852675
2,0.7619083690737727,0.027374124819093792,0.2107175061071338
0,0.5577452669855459,0.07297359669020169,0.36928113632425236
2,0.34164588632900633,0.09783935738925102,0.5605147562817425
0,0.9287235696035894,0.012218143116492223,0.05905828727991843
2,0.9279776728933243,0.013357802588007305,0.0586645245186683
0,0.8651478157946036,0.024909844128262696,0.10994234007713356
0,0.9021865690754222,0.013124862051807011,0.08468856887277096
0,0.6347230298712376,0.05195522159873809,0.3133217485300245
0,0.9233195472734107,0.014821763245388394,0.061858689481200865
2,0.16242622119123526,0.04283231342046265,0.794741465388302
0,0.43543766481350693,0.05280974223322112,0.5117525929532717
0,0.8565775791307981,0.011188775310734285,0.1322336455584674
2,0.06351637761697061,0.02444193964268836,0.9120416827403414
0,0.9282431138940309,0.013887366489158288,0.057869519616810965
0,0.9011694415029406,0.01998488988010231,0.0788456686169574
0,0.8539421758008555,0.03173686879348596,0.11432095540565834
2,0.1728688249988654,0.07053086078932398,0.7566003142118105
2,0.0018726591760299626,0.015261736991119629,0.9828656038328503
2,0.2812295825815662,0.04040653516261126,0.6783638822558223
2,0.2481384886327465,0.054708384987422184,0.6971531263798312
2,0.5564809194565971,0.0346838600281928,0.4088352205152103
2,0.5001043461618518,0.05753923187965991,0.44235642195848845
0,0.8335389003961624,0.02294508681263955,0.1435160127911979
0,0.9302815682777036,0.012814846948810165,0.05690358477348634
0,0.923108325713366,0.015126295138948155,0.061765379147685984
1,0.6239067436115622,0.09068677969803243,0.2854064766904055
1,0.8591118603826194,0.018389281649592193,0.12249885796778825
0,0.8136640283729564,0.022391179697421874,0.16394479192962175
2,0.10809240391135633,0.03609655193092781,0.8558110441577158
2,0.9156285453308138,0.014011552809533244,0.0703599018596529
0,0.43923312957034905,0.06892763872032864,0.49183923170932226
0,0.9191043848321241,0.016097631057378856,0.0647979841104974
0,0.9069836894002061,0.01640510733106021,0.07661120326873366
2,0.29289782109630025,0.08103078030733192,0.6260713985963677
0,0.4701529473267022,0.05027726988201811,0.4795697827912796
0,0.8925220468545215,0.01423023189330315,0.09324772125217555
0,0.9005521584652545,0.01758825370023157,0.08185958783451396
2,0.6853971494381086,0.027064387691496813,0.2875384628703945
0,0.9017296468448455,0.021827256229470633,0.07644309692568364
0,0.9261452914855631,0.014189334966701161,0.05966537354773553
0,0.5726594556290907,0.0720507000653983,0.3552898443055109
0,0.8999758586959269,0.015089368786037225,0.08493477251803593
0,0.7781158283660253,0.02520608633763957,0.19667808529633507
2,0.5741162735713939,0.057727433570247365,0.36815629285835877
0,0.9273594218963912,0.01242591419289488,0.06021466391071398
0,0.8941724865069096,0.023228313434001568,0.08259920005908894
0,0.8456753726777573,0.021633681179452403,0.13269094614279017
2,0.6899905487387223,0.037453111591482326,0.2725563396697954
0,0.5228070121132415,0.041527116583089746,0.4356658713036688
0,0.5620536341784358,0.043818051606935284,0.394128314214629
2,0.16279837831441826,0.059281059334774844,0.7779205623508068
0,0.7777818536944725,0.023937378553945135,0.19828076775158235
2,0.39691770073592797,0.08626745399364746,0.5168148452704243
2,0.3935155408658697,0.058308649348724186,0.5481758097854063
0,0.9237109185404276,0.012883136025182242,0.06340594543438986
0,0.8246230791941882,0.03935347775205323,0.1360234430537588
0,0.7856255604333569,0.021147869827430357,0.19322656973921282
2,0.6312782770247128,0.05620905410069459,0.3125126688745925
0,0.8762007080303935,0.028349173063364385,0.09545011890624194
2,0.7360390394491002,0.04028246895619111,0.22367849159470868
2,0.5447789045818779,0.03390015294060001,0.421320942477522
0,0.9231535374397696,0.013564382775028935,0.06328207978520153
0,0.8504802703942738,0.03307463837938225,0.11644509122634443
2,0.1600325985689259,0.08362003855061075,0.7563473628804631
0,0.5012529753307253,0.051576940796917256,0.44717008387235757
0,0.6064562402889127,0.025702224046604806,0.3678415356644824
0,0.7857512820572243,0.027882703131450977,0.18636601481132475
0,0.9198209699956852,0.01538712368886692,0.0647919063154478
0,0.5732241459912497,0.03219812016595352,0.3945777338427969
2,0.10778205628050681,0.044497665393775816,0.8477202783257174
0,0.9270470931054979,0.012803209938484463,0.06014969695601736
0,0.6775141421155377,0.07446655504849917,0.24801930283596305
1,0.2830400358380284,0.0605304738574495,0.6564294903045219
0,0.6140385725329335,0.03722586186108739,0.34873556560597896
2,0.5259038986274449,0.03697382594231109,0.437122275430244
2,0.3747402336785433,0.06043234427641487,0.5648274220450421
0,0.8793092807861802,0.0145230212223206,0.10616769799149908
0,0.9218352378374652,0.016394816565408903,0.061769945597126175
2,0.08626094166670348,0.026762967185339964,0.8869760911479564
0,0.9162088397093859,0.01426708855796073,0.06952407173265324
2,0.11527573462699953,0.03768342327026791,0.8470408421027328
0,0.9286289034784724,0.0128012512500945,0.05856984527143324
0,0.8676333319501097,0.028312892634795347,0.10405377541509521
0,0.695296575385299,0.03810843644700999,0.266594988167691
0,0.9291682691362209,0.012847681096764756,0.057984049767014496
2,0.3080866085524874,0.06868147709861003,0.6232319143489022
0,0.9279709444439721,0.012580749496561475,0.05944830605946641
0,0.8202538320243316,0.024332907218524588,0.15541326075714396
0,0.7473066925170987,0.02653926689264761,0.22615404059025374
0,0.8849039849006219,0.015171144789210457,0.09992487031016764
2,0.40474752113854007,0.04344120656114527,0.5518112723003146
0,0.855790797508359,0.032930404956345506,0.11127879753529564
0,0.4448917529564384,0.0749669369939372,0.4801413100496241
0,0.6663746327759817,0.04384964689203189,0.28977572033198634
0,0.9030413631636974,0.017156354406914192,0.07980228242938836
2,0.4192181440563419,0.0616830332083604,0.5190988227352976
2,0.3316757841032825,0.04725740602426034,0.6210668098724571
0,0.5196572545823902,0.02943442337163557,0.45090832204597453
0,0.7621100460662115,0.03533568402524641,0.202554269908542
2,0.5700896313533758,0.05496000734985497,0.3749503612967692
0,0.8956150899546778,0.027679607095221603,0.07670530295010039
0,0.9264587959571988,0.014373472916254373,0.05916773112654678
0,0.9223340518601701,0.013818601969764852,0.06384734617006485
0,0.9248223379144564,0.01494219086024728,0.060235471225296065
0,0.9275566531767307,0.013268033495081722,0.059175313328187304
0,0.6779971639568241,0.033557196621723316,0.28844563942145257
2,0.12490284124040757,0.055614070242615735,0.8194830885169767
0,0.7518903806923668,0.025466736489489085,0.22264288281814412
0,0.6925241307457085,0.0432226652746201,0.26425320397967145
2,0.35932782605989133,0.04311322304506196,0.5975589508950468
2,0.4427419590956951,0.048716248743058216,0.5085417921612468
2,0.43016000423204215,0.053463079376461345,0.5163769163914966
0,0.4821124692204672,0.05190091980864165,0.46598661097089117
0,0.7246316112474019,0.037096969673225545,0.23827141907937274
0,0.9224054034817896,0.014723846699131357,0.06287074981907939
0,0.4184154268829844,0.052069580388961145,0.5295149927280545
2,0.6022193165651227,0.03615589611948494,0.36162478731539216
0,0.930385007061023,0.01268369038008945,0.05693130255888797
2,0.3221210157399719,0.09879591514811999,0.579083069111908
0,0.8003213424707777,0.025455818843985137,0.17422283868523722
0,0.900982122895228,0.018428264346399423,0.0805896127583727
0,0.3596777132264969,0.0551484141220848,0.5851738726514183
0,0.6110320453348644,0.03387244215736647,0.35509551250776894
2,0.721899001263849,0.05279432701907641,0.22530667171707458
0,0.5917107674547443,0.07473747724452223,0.33355175530073333
0,0.8755102631977545,0.012514778834684008,0.1119749579675617
0,0.5255168755780282,0.0620303954135123,0.4124527290084595
2,0.9270769155983093,0.013952690324898409,0.058970394076792484
0,0.6038565123575815,0.022565500341626694,0.3735779873007916
0,0.4638307118151042,0.0850677600264301,0.4511015281584658
1,0.19946315192205688,0.06905583714040824,0.731481010937535
0,0.8240688645376901,0.026000008267197984,0.1499311271951117
0,0.9263507292068561,0.0135972677966379,0.06005200299650608
0,0.8317957748572935,0.01942056360603788,0.14878366153666872
0,0.7534756000734815,0.02539475982150538,0.22112964010501346
0,0.9166826701229581,0.015457028369298262,0.06786030150774373
0,0.9252008934976711,0.012673032104597613,0.062126074397731844
2,0.34203354177312334,0.045171864898730464,0.6127945933281463
2,0.26428101941219356,0.04301276682342846,0.692706213764378
0,0.9079175827900744,0.017612289362177302,0.07447012784774858
2,0.6762936315852021,0.08639536266067457,0.23731100575412323
2,0.3597662528323827,0.06971394539094822,0.5705198017766689
0,0.9203431457916663,0.012523777672107833,0.06713307653622572
0,0.913632097655515,0.015033950725097129,0.07133395161938771
2,0.7023024839695416,0.04667746681552732,0.251020049214931
0,0.7954478509624882,0.03232847426308037,0.17222367477443148
2,0.23621794111126104,0.03646283341602213,0.7273192254727165
0,0.5356396308119485,0.07284978431693323,0.3915105848711183
2,0.20234406202803315,0.040488430199471626,0.7571675077724953
2,0.07233714285587839,0.02992831123354068,0.8977345459105812
2,0.0012305080009887052,0.0024610160019774103,0.9963084759970338
2,0.09618948361922514,0.033840440867710896,0.869970075513064
0,0.9291682691362209,0.012847681096764756,0.057984049767014496
0,0.9116218791938124,0.0117970150662603,0.07658110573992707
1,0.47958354111480156,0.06529522803146752,0.4551212308537308
2,0.2296844748716777,0.052429169471687895,0.7178863556566345
0,0.9125259092847245,0.01763297053800408,0.06984112017727134
2,0.5897192984694521,0.0450547934635767,0.3652259080669713
0,0.2590481333915631,0.029423080097374633,0.7115287865110622
0,0.662985882047221,0.03692303670389548,0.30009108124888323
0,0.8801745364967491,0.024024445869343103,0.0958010176339078
0,0.9278987944836298,0.01306662317526075,0.059034582341109726
0,0.7910336372351474,0.015623393397692522,0.19334296936716014
0,0.5304545133154066,0.048513374346098315,0.4210321123384951
2,0.2862220414318283,0.06590212622824146,0.6478758323399303
0,0.9272767943248758,0.01343552021702412,0.05928768545810009
2,0.8922197393929873,0.015546189875099576,0.09223407073191307
2,0.08129135651383453,0.04057410655203144,0.8781345369341336
0,0.9251838814862045,0.013583047628992487,0.061233070884802954
0,0.9312930023456873,0.013234173572840716,0.05547282408147183
0,0.924966136691779,0.013958340644599563,0.06107552266362186
0,0.9269148491019104,0.014395940695939274,0.05868921020215087
0,0.8150151834930508,0.021573219259411972,0.16341159724753734
0,0.9153719638774813,0.01657566248031835,0.06805237364220056
0,0.8642867630357068,0.03111804568335973,0.10459519128093332
0,0.9304995727181259,0.01366948009458725,0.05583094718728695
2,0.2854124514165364,0.06979089055941522,0.6447966580240484
0,0.9126298881233424,0.014091628656906423,0.0732784832197511
2,0.0700075864312547,0.020102311759161565,0.9098901018095837
0,0.7821978987544824,0.026042590092356245,0.19175951115316148
2,0.21736489526882233,0.04514185461445859,0.7374932501167191
0,0.8371752006270811,0.02169349723096975,0.14113130214194913
2,0.011208001711922546,0.006194944474109895,0.9825970538139674
2,0.47106076158597193,0.07061038107608282,0.4583288573379451
0,0.8985365218725715,0.018108454115221703,0.0833550240122068
2,0.17195793817154129,0.028919588615223223,0.7991224732132352
0,0.9289252148462696,0.013168890335898374,0.057905894817832024
0,0.826584468091239,0.021586734400345874,0.15182879750841502
0,0.9119098862440621,0.0168189033790779,0.07127121037685995
2,0.3666016385379185,0.0685501883548411,0.5648481731072404
0,0.920881132138044,0.015620178162875436,0.06349868969908064
0,0.6024295246233423,0.06635276535694185,0.3312177100197159
2,0.10307483455210509,0.05228220305625326,0.8446429623916418
2,0.13793983835805212,0.0652320560166501,0.796828105625298
2,0.2696879159034193,0.07610401152158988,0.6542080725749909
2,0.11568186065163488,0.03314678105792047,0.8511713582904443
2,0.05219928150710593,0.023787609742105382,0.9240131087507888
0,0.6876041615591796,0.03311176582655647,0.279284072614264
2,0.05806558430678908,0.010478774440863054,0.931455641252348
2,0.41854297828585574,0.06292058195788566,0.5185364397562584
2,0.017259978425026967,0.005425471159337521,0.9773145504156354
2,0.052328637299913786,0.019900013056744895,0.9277713496433411
0,0.7319281347474539,0.04228810245296327,0.22578376279958282
2,0.6645991794282665,0.0324346136627151,0.30296620690901843
0,0.8644475141870891,0.03999079200010301,0.0955616938128079
0,0.8725153101964884,0.011423636500463373,0.11606105330304793
0,0.850168835587787,0.02541556937697976,0.12441559503523338
0,0.8279725595316185,0.03501874389530727,0.13700869657307407
0,0.6749311361018633,0.02740049192815739,0.29766837196997936
0,0.9256659943570497,0.013416909375879074,0.0609170962670712
2,0.18280136967348648,0.05831717839570804,0.7588814519308054
2,0.43653169913155737,0.10869165135274902,0.45477664951569363
2,0.7875287614032304,0.03128479858074817,0.1811864400160215
2,0.37430349055789075,0.06426437695484624,0.5614321324872631
2,0.00045955882352941176,0.0,0.9995404411764706
0,0.9276671335032843,0.013282570490140293,0.0590502960065753
2,0.1866384568637423,0.045798546059154524,0.7675629970771032
2,0.00882538534118652,0.008994442190911748,0.9821801724679017
0,0.9268282282941007,0.014116872852054358,0.05905489885384532
0,0.7599706024540753,0.03850643778490369,0.20152295976102091
0,0.7920207680711104,0.02784286146290815,0.1801363704659815
2,0.06909113433464482,0.024796583040089314,0.9061122826252659
2,0.1671319342787108,0.04042961832316734,0.7924384473981216
1,0.8153807952367026,0.04552190839223312,0.13909729637106438
0,0.3304149236174361,0.03962793594985018,0.6299571404327138
0,0.7557375131943518,0.020959434344559217,0.22330305246108914
2,0.6002284933571894,0.0348499313287585,0.36492157531405206
0,0.9099558914424587,0.016571660576400714,0.07347244798114048
0,0.529027812557504,0.1055481571353417,0.3654240303071541
0,0.9214563944452794,0.014054850039288155,0.06448875551543226
0,0.553886174197061,0.053251817329376804,0.39286200847356195
2,0.14488078853689404,0.04466433954020895,0.8104548719228971
2,0.018345863297814378,0.007862470457572074,0.9737916662446136
2,0.2303656490932719,0.05687828089796725,0.7127560700087607
2,0.9045609971127347,0.01386143905582842,0.08157756383143686
0,0.4728981503433877,0.04728330871610764,0.4798185409405046
0,0.6411824759267306,0.07508050865211938,0.28373701542115004
2,0.6006262952490709,0.036548545085547425,0.36282515966538165
0,0.7744034199280087,0.03117594534766305,0.19442063472432816
2,0.7280563642567436,0.028870386348783993,0.24307324939447245
0,0.9207823541757824,0.014340404760843408,0.06487724106337428
0,0.5752543372007056,0.032664046684227906,0.3920816161150665
2,0.40239706608540055,0.05046925583423606,0.5471336780803635
2,0.5433831227067486,0.04807363005817819,0.4085432472350733
0,0.9108019232296919,0.01650446742166106,0.07269360934864702
0,0.5288057227345376,0.04305851049696029,0.4281357667685024
2,0.5689629272466787,0.09201468731277125,0.33902238544054997
1,0.44287594403654623,0.056291572981886855,0.5008324829815669
0,0.6729373228158605,0.017222989192323474,0.3098396879918162
2,0.04943420400274026,0.034411501953694,0.9161542940435656
0,0.8837995430983494,0.01347900530940665,0.10272145159224413
0,0.3446768758235175,0.05056733114412962,0.6047557930323529
0,0.9185170605297922,0.013618636689338258,0.06786430278086958
2,0.12757111130164056,0.03633290190569217,0.8360959867926674
1,0.4289511819050823,0.05738214388437067,0.513666674210547
0,0.9270202616960964,0.013341051606254279,0.059638686697649344
2,0.19841941237781788,0.02588215497457179,0.7756984326476103
0,0.9113984022098757,0.013334790030942586,0.07526680775918212
0,0.8793311524901005,0.02211491462199856,0.09855393288790097
0,0.6425573461221301,0.045153433520068044,0.3122892203578018
1,0.5820530846292286,0.07351862264837809,0.34442829272239345
2,0.00800389656273298,0.0038052303746573543,0.9881908730626098
2,0.3378103086452314,0.05630770878218032,0.6058819825725882
2,0.38705658982692165,0.046580086605921125,0.5663633235671571
2,0.46188033306210846,0.06958889406250181,0.4685307728753897
2,0.268190421384418,0.08017549327129256,0.6516340853442896
0,0.924061092478735,0.01426629619021568,0.061672611331049544
2,0.4026878516394359,0.039652132434126366,0.5576600159264378
0,0.3644620628849172,0.043969346308069465,0.5915685908070133
1,0.2524741744316931,0.08726531699473915,0.6602605085735678
2,0.2346719796934169,0.06777233979412363,0.6975556805124594
0,0.8846350127402591,0.024983475442745616,0.09038151181699512
2,0.07487141435576457,0.02194049149483098,0.9031880941494046
0,0.8841326163819083,0.027296345142385815,0.08857103847570595
0,0.559675220141922,0.06536624231587057,0.37495853754220765
0,0.9167394331375479,0.016836290142495672,0.06642427671995654
2,0.10697351154894932,0.051619174855851276,0.8414073135951995
0,0.9243303580335716,0.014762241185509431,0.06090740078091891
2,0.3931138120011086,0.0462114414157496,0.560674746583142
0,0.9199502947870636,0.015789853051904293,0.0642598521610323
0,0.8773968477996754,0.02927446547971642,0.09332868672060815
2,0.3641572453992498,0.1274789727273909,0.5083637818733594
2,0.07596433027374576,0.04021101815760114,0.8838246515686532
0,0.6223650214742866,0.05326016069068492,0.3243748178350284
0,0.898460216293417,0.022508036691534755,0.07903174701504832
0,0.9290108182717784,0.013473450943833723,0.057515730784388014
0,0.9010575328244519,0.01270794376860057,0.08623452340694748
2,0.9160466380428502,0.017027940788557426,0.06692542116859224
0,0.9304995727181259,0.01366948009458725,0.05583094718728695
0,0.5243924695736026,0.05983582965875958,0.4157717007676376
0,0.5407912940393093,0.12397411469776559,0.3352345912629251
0,0.4958362786790493,0.03323745452591591,0.47092626679503485
1,0.5842325409176858,0.07153632600644326,0.34423113307587067
0,0.9253419095176977,0.01478954768164923,0.05986854280065303
0,0.39803215176376444,0.06633610369170241,0.5356317445445331
0,0.3328588047622563,0.050504676965982986,0.6166365182717607
0,0.924274360560335,0.013912033272020185,0.061813606167644836
0,0.37849583045862945,0.03522367521248601,0.5862804943288845
0,0.8859971308965268,0.02462280787532677,0.08938006122814639
2,0.4300439157853439,0.04326679339645029,0.5266892908182058
2,0.15466481300752075,0.02457767341004049,0.8207575135824389
2,0.80815807805523,0.02342100553378126,0.16842091641098902
2,0.27638911405519306,0.04851652086654093,0.675094365078266
2,0.8725296438773182,0.029556245016002312,0.09791411110667948
0,0.9291307782666886,0.013349593182469066,0.05751962855084242
2,0.2492157383923457,0.05151309373098313,0.6992711678766712
0,0.5065555047439488,0.06504171410624027,0.42840278114981073
0,0.9254163382976237,0.013585585854186982,0.060998075848189344
0,0.9213478182443721,0.014430201277038979,0.06422198047858903
0,0.9147247113713538,0.013604099723767723,0.07167118890487842
2,0.16121094537051386,0.05446385458992803,0.7843252000395579
2,0.7124402148526292,0.044049169969160244,0.24351061517821024
0,0.9291138040350866,0.013330494218422978,0.05755570174649045
1,0.6738588448750898,0.06457625310429572,0.2615649020206143
0,0.9245440995310759,0.013048942327073994,0.06240695814184996
0,0.6815762943016865,0.04815856199082326,0.27026514370749005
0,0.9206946851565259,0.012808130822119526,0.06649718402135436
2,0.021926824909621456,0.013656997185757542,0.9644161779046209
0,0.9142938504071434,0.016735261827099845,0.06897088776575652
2,0.32010142936441105,0.046164145930446876,0.6337344247051421
2,0.7591125013260566,0.022608823581929696,0.21827867509201374
2,0.2384286495797643,0.09191979061575514,0.6696515598044805
0,0.29168842437166115,0.04310811078026098,0.6652034648480778
2,0.006097560975609756,0.0073330145066156545,0.9865694245177745
2,0.5624549051983991,0.06425750320608657,0.3732875915955141
0,0.9003175830376187,0.02163261528316375,0.07804980167921786
0,0.4491548506266776,0.0564069531767296,0.4944381961965926
0,0.7108807155180059,0.05971276977791014,0.229406514704084
0,0.0893057377223797,0.013527498173912146,0.8971667641037085
0,0.9236331082393446,0.013449205763465638,0.0629176859971899
0,0.45426916160266073,0.07553166392581587,0.4701991744715235
1,0.24428889965452663,0.06588580994120986,0.6898252904042632
0,0.5165847505331139,0.02934118525497911,0.454074064211907
0,0.7507686273551816,0.032474219656951846,0.21675715298786674
2,0.3388124591527921,0.06401476052525606,0.5971727803219513
0,0.6240740535685692,0.0702660646469961,0.3056598817844348
0,0.9088444012507485,0.01412690878452018,0.07702868996473149
0,0.9271617901488631,0.013618427964372945,0.05921978188676388
2,0.9279444565021313,0.013735582934020123,0.0583199605638488
0,0.9223282117877871,0.013365857245664768,0.06430593096654813
2,0.3728918711303346,0.04388435584826735,0.583223773021398
2,0.5942081297366594,0.06493366925033597,0.34085820101300474
2,0.118413868625606,0.03282896374297125,0.8487571676314227
2,0.04768431618857405,0.016937122633922275,0.9353785611775037
0,0.8840108672962006,0.01794325044539747,0.09804588225840193
0,0.9177194067268916,0.012841296015328482,0.06943929725778022
2,0.0,0.0004516711833785005,0.9995483288166215
2,0.34149574089114115,0.09216846715519848,0.5663357919536604
0,0.8356764836716201,0.02260104855484833,0.1417224677735315
0,0.9176796328838077,0.016928250539479717,0.06539211657671246
0,0.8382525483502922,0.022918365299200622,0.13882908635050709
0,0.5131805192009372,0.07228363801793919,0.41453584278112343
0,0.7517826593479541,0.038042249320854545,0.21017509133119128
0,0.822413425496354,0.03206288498677348,0.14552368951687264
0,0.9266185417862735,0.014084130291907217,0.05929732792181947
0,0.8565425172187839,0.019885421756707992,0.12357206102450811
1,0.508766259849946,0.16707870124296642,0.3241550389070875
0,0.32565229178344285,0.06413128353192771,0.6102164246846294
0,0.8223489580392614,0.024299231573953608,0.15335181038678464
0,0.8491700829461407,0.0325272953564443,0.11830262169741498
2,0.04658849617382116,0.041704387901791845,0.911707115924387
2,0.5852812838160389,0.060166817691247224,0.35455189849271385
0,0.6221481255126372,0.04576723674658693,0.3320846377407756
0,0.9224691032250417,0.01394361342191497,0.06358728335304305
2,0.5457387263115109,0.03301536066857593,0.42124591301991304
0,0.921432553933579,0.01362746742834049,0.06493997863808043
2,0.0,0.0,1.0
0,0.9268282282941007,0.014116872852054358,0.05905489885384532
2,0.8076806635736216,0.02415378447895833,0.1681655519474203
0,0.6017346630736904,0.0668820927316665,0.33138324419464316
0,0.4247388290555926,0.05256383645015749,0.5226973344942497
2,0.0013529875788387126,0.0016328303005418991,0.9970141821206193
0,0.924966136691779,0.013958340644599563,0.06107552266362186
0,0.922489998456814,0.014085309817452013,0.0634246917257339
0,0.8271591615966453,0.029146142700726272,0.14369469570262836
2,0.15579669037076505,0.06534246109417757,0.7788608485350574
0,0.6762589727598589,0.026439528706007975,0.2973014985341328
2,0.11551685688516372,0.034916234063700535,0.8495669090511356
0,0.7893089891514373,0.02892452966965157,0.18176648117891098
