target,prediction_0,prediction_1,prediction_2
2,0.2615893634776969,0.05284815884380775,0.6855624776784953
0,0.7141046978796578,0.030936532124191014,0.25495876999615125
0,0.8788643177083827,0.020989427418867976,0.10014625487274915
2,0.6218338500508134,0.059275884215226636,0.31889026573396
0,0.6316125230679205,0.03416351694255583,0.3342239599895236
0,0.6730699128837563,0.03168327067604484,0.29524681644019896
0,0.8775309992157709,0.02209601821797559,0.10037298256625324
2,0.11225249706532134,0.04068252903995512,0.8470649738947237
0,0.9032821340596848,0.017764330250331348,0.07895353568998378
1,0.3631788028854804,0.050960796876784474,0.5858604002377349
2,0.055639445947387796,0.017469903876984796,0.9268906501756274
0,0.7141046978796578,0.030936532124191014,0.25495876999615125
0,0.6908969865323092,0.03169233671987866,0.27741067674781217
0,0.8727535679449071,0.018918397865072174,0.1083280341900206
0,0.8539343205556589,0.024924694168308812,0.12114098527603219
2,0.46497864733434974,0.05120826584376643,0.483813086821884
0,0.8447364619407913,0.027677278302267107,0.12758625975694154
2,0.6478139413297838,0.07802655743642273,0.2741595012337935
0,0.8961924015962714,0.019107544890886636,0.08470005351284174
2,0.40667495736637654,0.0540904227650706,0.5392346198685529
0,0.6864611687931781,0.03509844594301081,0.27844038526381126
1,0.4961114765495871,0.05368085109477716,0.45020767235563586
2,0.28761522711130577,0.04058411427195761,0.6718006586167367
0,0.8976822445816108,0.018224414088713795,0.08409334132967557
0,0.6362395015477411,0.06957871648642801,0.29418178196583095
0,0.8936082554435689,0.018809744397695807,0.08758200015873564
0,0.9032821340596848,0.017764330250331348,0.07895353568998378
0,0.906894321939015,0.015669091560359266,0.07743658650062579
0,0.5585253621627364,0.04825059900756778,0.39322403882969587
0,0.8961894574522252,0.01925338034291179,0.08455716220486291
2,0.3374287243845573,0.05349051804127393,0.6090807575741687
2,0.3765053519848171,0.04214367950536465,0.5813509685098184
0,0.5921454174948287,0.0678627681904803,0.33999181431469083
2,0.5006297536489024,0.06287901982594568,0.4364912265251519
0,0.7839859970161811,0.04312345092737164,0.17289055205644743
2,0.31939817914114266,0.04821245145084063,0.6323893694080167
2,0.6370955496199426,0.03690071565300717,0.3260037347270505
0,0.8738394067673548,0.02432643683430182,0.10183415639834338
0,0.5247571653231046,0.03910934170743472,0.4361334929694607
0,0.5377656905367435,0.03986245972497305,0.4223718497382835
0,0.8995254113425476,0.018727880649590703,0.08174670800786167
2,0.4787039327783294,0.07904341759068834,0.4422526496309822
0,0.6945647227170582,0.03219894253587022,0.2732363347470717
0,0.9044188701012534,0.016693487369831,0.07888764252891539
0,0.903577218052758,0.0181231711706772,0.0782996107765649
0,0.6940801617278952,0.03682581507573243,0.26909402319637227
0,0.8818915697136536,0.01865305051773187,0.09945537976861431
2,0.7019347320377972,0.03858186419368166,0.2594834037685212
0,0.6741818246591409,0.028707862646023492,0.29711031269483557
2,0.5183166176677918,0.05644663159135443,0.4252367507408537
0,0.8852853559256457,0.022349186604380747,0.09236545746997343
0,0.9032821340596848,0.017764330250331348,0.07895353568998378
2,0.2395009644198723,0.048290098671101386,0.7122089369090264
2,0.47167904487401513,0.04773752061060317,0.48058343451538177
2,0.5031568578014678,0.03221394087463011,0.4646292013239021
0,0.8973158330772513,0.01793673421405268,0.08474743270869604
0,0.7924950449605112,0.04241751946292457,0.16508743557656438
0,0.6969749084250024,0.0675601999739973,0.23546489160100018
0,0.8961924015962714,0.019107544890886636,0.08470005351284174
0,0.8855725328021239,0.021556208187560072,0.09287125901031584
1,0.5691013745053497,0.04652362687161831,0.384374998623032
2,0.6751020597704334,0.035003321988641915,0.28989461824092494
0,0.6677780870174767,0.036229095137973254,0.29599281784455
2,0.18681084146236424,0.021107027702048354,0.7920821308355874
2,0.28819549244470266,0.050553943963231054,0.6612505635920664
2,0.011466109767501476,0.007432794351140634,0.981101095881358
1,0.6951868016239761,0.032707942294143,0.272105256081881
2,0.5247146895677256,0.03648787065067875,0.4387974397815957
2,0.2477469668998917,0.05865036374143896,0.6936026693586693
0,0.7073190924124615,0.035383673480478064,0.2572972341070603
0,0.9041184387119134,0.01667139928647881,0.07921016200160756
0,0.8065055867672465,0.029385136069054192,0.1641092771636992
0,0.9054692533324326,0.016541842975496164,0.07798890369207115
0,0.9024826525612097,0.01797556459141183,0.0795417828473783
2,0.01335120234721806,0.012145843629790863,0.9745029540229911
2,0.20533583099503255,0.0428170428535327,0.7518471261514343
0,0.9008984560197792,0.017524113549511104,0.08157743043070978
0,0.5058035443202107,0.03803716775481667,0.4561592879249727
0,0.767211251157273,0.027238542148148838,0.20555020669457819
0,0.8754809095175808,0.01713737409223234,0.10738171639018668
0,0.5506046482929483,0.03958185207962484,0.40981349962742675
2,0.8040309359885189,0.02289903429040242,0.17307002972107877
1,0.6500444839747964,0.02598749403981565,0.323968021985388
0,0.7190796574634187,0.04159795702286773,0.23932238551371346
0,0.6604071207534614,0.03461474700995325,0.3049781322365854
2,0.6096594118766349,0.03957917831420061,0.3507614098091643
0,0.9062672270457354,0.01742029394980464,0.07631247900446003
2,0.383393872364481,0.05583815952228401,0.560767968113235
0,0.9032821340596848,0.017764330250331348,0.07895353568998378
0,0.6106702069086193,0.03785363103403685,0.351476162057344
0,0.7559179546344819,0.026484024823331967,0.21759802054218638
0,0.45821276576352266,0.05465136142430913,0.48713587281216825
0,0.7354901229222207,0.037405508254246184,0.22710436882353302
0,0.903577218052758,0.0181231711706772,0.0782996107765649
0,0.9055208172671653,0.017244680224690022,0.07723450250814443
0,0.7763385515269937,0.03243513168998525,0.19122631678302107
0,0.906894321939015,0.015669091560359266,0.07743658650062579
2,0.0739457727229827,0.03528260844810269,0.8907716188289148
0,0.8747249595187438,0.024567396662387702,0.10070764381886851
0,0.7091567589397084,0.03487584624447735,0.2559673948158142
2,0.1226775548915009,0.04320850784853847,0.8341139372599605
2,0.08043297175770421,0.025713810511026208,0.8938532177312699
2,0.07932056874557021,0.040005063748447645,0.8806743675059816
2,0.16365925387205993,0.04616673834354261,0.7901740077843975
0,0.906894321939015,0.015669091560359266,0.07743658650062579
0,0.8980941044022958,0.018073464094197522,0.08383243150350628
0,0.9062901493796115,0.017259861052266394,0.07644998956812192
2,0.5131668994781283,0.053229538641114876,0.43360356188075677
0,0.605841488361553,0.05290330716324647,0.34125520447520064
2,0.18295781839911202,0.06347481081584405,0.7535673707850441
0,0.8826632058801499,0.020200612759673723,0.0971361813601766
2,0.37850212210088924,0.04820284538544384,0.5732950325136669
0,0.6908900773829735,0.0368516876042882,0.2722582350127385
2,0.247976997607414,0.05197515927434648,0.7000478431182395
0,0.9001864003524819,0.018897079670689387,0.08091651997682849
0,0.5024845337310864,0.03681917742514092,0.4606962888437731
0,0.8864952379058076,0.021670913874679638,0.09183384821951261
0,0.9032821340596848,0.017764330250331348,0.07895353568998378
0,0.8979115613621818,0.019239909720846216,0.0828485289169722
2,0.6206371556429061,0.037058565959304963,0.3423042783977888
0,0.88599822683899,0.019093397367587434,0.0949083757934225
0,0.9024826525612097,0.01797556459141183,0.0795417828473783
0,0.689140295948978,0.03799458203661055,0.2728651220144115
0,0.903577218052758,0.0181231711706772,0.0782996107765649
0,0.6561407944382098,0.03191803736286511,0.3119411681989252
0,0.779207174323619,0.03786825645536446,0.18292456922101663
0,0.7091987660601252,0.03260183264935766,0.2581994012905171
0,0.7141046978796578,0.030936532124191014,0.25495876999615125
2,0.47934464798490306,0.07199516200362581,0.44866019001147117
0,0.9024826525612097,0.01797556459141183,0.0795417828473783
2,0.27886940801638155,0.0434905194284026,0.6776400725552157
0,0.5997964728804138,0.03558030080808181,0.36462322631150446
2,0.10871171376603557,0.04972580545706838,0.8415624807768959
0,0.8886401604820936,0.01934881119667772,0.0920110283212285
2,0.7535836650477664,0.05020296726764182,0.19621336768459174
2,0.554327173098923,0.03931974281692622,0.40635308408415055
0,0.774774855357889,0.046829388023093006,0.17839575661901805
0,0.9054692533324326,0.016541842975496164,0.07798890369207115
0,0.8834200827665875,0.02025525521065145,0.0963246620227613
2,0.8248815525401787,0.020511685670666212,0.15460676178915514
0,0.4529219625890123,0.06009323080324536,0.48698480660774246
0,0.3744149862407254,0.05688176285415157,0.5687032509051231
0,0.6609450617065726,0.03951600915807033,0.299538929135357
0,0.35702330803469345,0.05251070625846455,0.5904659857068421
0,0.7844164337350811,0.03934204971323054,0.17624151655168846
0,0.8792769186144064,0.017907112943884758,0.10281596844170912
2,0.3290089039474314,0.04837756705880495,0.6226135289937637
0,0.8864952379058076,0.021670913874679638,0.09183384821951261
0,0.7856106127063934,0.03099865933473357,0.183390727958873
2,0.3179843563492693,0.05498078112036793,0.627034862530363
0,0.9054692533324326,0.016541842975496164,0.07798890369207115
2,0.37400102025001997,0.05660786251040197,0.569391117239578
0,0.9055208172671653,0.017244680224690022,0.07723450250814443
0,0.8833889463348723,0.018092729447556636,0.09851832421757116
0,0.6676109123955393,0.031488933535883515,0.3009001540685773
0,0.588520289252854,0.03669429905418932,0.37478541169295665
2,0.2604428480734367,0.07802461344996285,0.6615325384766004
2,0.06846398443541214,0.019406184965845945,0.9121298305987419
2,0.6446884365982648,0.032245789821917024,0.3230657735798182
0,0.9024826525612097,0.01797556459141183,0.0795417828473783
0,0.19054507910533874,0.050070245329957616,0.7593846755647036
0,0.9037991878979907,0.017179378854238498,0.0790214332477708
2,0.694402524546671,0.03411498524164937,0.27148249021167964
2,0.6825641070294521,0.03845644612219191,0.278979446848356
0,0.6858774937983343,0.03142755708494909,0.28269494911671683
2,0.38122031658232186,0.05049443168587438,0.5682852517318037
0,0.9024826525612097,0.01797556459141183,0.0795417828473783
2,0.02460046789866387,0.022372055280968573,0.9530274768203676
2,0.6626746808069958,0.03210674616326862,0.30521857302973565
0,0.903577218052758,0.0181231711706772,0.0782996107765649
0,0.5890191928825205,0.06406369352098609,0.34691711359649313
1,0.46073860714388143,0.050305429903796876,0.48895596295232174
2,0.3632447739210201,0.04961827973084531,0.5871369463481345
0,0.6606552262021836,0.04005371633234232,0.2992910574654741
2,0.5809818032285194,0.06612852237114669,0.35288967440033375
2,0.2974769955124853,0.05084340866807716,0.6516795958194377
0,0.906894321939015,0.015669091560359266,0.07743658650062579
0,0.3180523997811087,0.05132409184084167,0.6306235083780499
2,0.42791977410202553,0.053203747728189615,0.5188764781697844
0,0.9032821340596848,0.017764330250331348,0.07895353568998378
0,0.37400102025001997,0.05660786251040197,0.569391117239578
0,0.5005311816086762,0.058786159889584785,0.4406826585017391
2,0.03584305698800404,0.016043267460248135,0.9481136755517479
0,0.8843536022849047,0.020340107026229102,0.095306290688866
2,0.3846090661211269,0.06611867055548162,0.5492722633233915
2,0.5197485755241832,0.043788153817337895,0.43646327065847895
1,0.6942920399143598,0.05625590397868875,0.24945205610695148
0,0.3932284722599865,0.046876390002608036,0.5598951377374053
2,0.6403377093415005,0.03542423959186117,0.32423805106663844
2,0.5181349378450578,0.08228036140315494,0.39958470075178704
0,0.7569198618065677,0.05174022734464657,0.1913399108487859
0,0.8864952379058076,0.021670913874679638,0.09183384821951261
0,0.5288783485125079,0.0414055400473205,0.42971611144017136
2,0.38211021662720657,0.06513370699712248,0.5527560763756709
2,0.4153384158417245,0.05508499909040636,0.5295765850678688
0,0.889847834187206,0.01850019177554256,0.0916519740372511
0,0.6335166661564143,0.039361745991145315,0.3271215878524403
0,0.9024826525612097,0.01797556459141183,0.0795417828473783
2,0.6273384457832769,0.032812294123155054,0.3398492600935681
0,0.9024826525612097,0.01797556459141183,0.0795417828473783
0,0.8408955600853982,0.02814162392169061,0.13096281599291112
0,0.8864952379058076,0.021670913874679638,0.09183384821951261
2,0.8014390113873663,0.030551820945451263,0.16800916766718238
0,0.906139666318443,0.01761851478803675,0.07624181889352032
0,0.6754891598076531,0.028162228636575887,0.2963486115557708
0,0.38649607533930264,0.04533659412690756,0.5681673305337899
0,0.882716822119672,0.018093331258586476,0.0991898466217416
2,0.47554503785198304,0.06477236579039489,0.4596825963576219
0,0.903577218052758,0.0181231711706772,0.0782996107765649
2,0.19458403852586614,0.017633115731001403,0.7877828457431324
0,0.8961924015962714,0.019107544890886636,0.08470005351284174
2,0.8267749496535507,0.03271834174819113,0.14050670859825828
2,0.22535462231938572,0.06385400019729703,0.7107913774833173
2,0.17086757568726138,0.049353136639438654,0.7797792876733
0,0.7003148577863038,0.05377822840303239,0.24590691381066393
0,0.8864952379058076,0.021670913874679638,0.09183384821951261
0,0.8943876320110553,0.0182237707530339,0.0873885972359109
0,0.7108339966847315,0.04361333731818449,0.245552665997084
2,0.8974468813503718,0.016914311889952786,0.08563880675967557
0,0.9003624747851445,0.01798286337570531,0.08165466183915022
0,0.44074430465012043,0.055416008844959605,0.50383968650492
0,0.8260869176566392,0.031193574093461972,0.14271950824989868
2,0.8876842352683182,0.020349254747557097,0.0919665099841246
2,0.3464498457831719,0.052094806109481695,0.6014553481073464
2,0.24347323171078328,0.04429785640905021,0.7122289118801667
0,0.9062901493796115,0.017259861052266394,0.07644998956812192
0,0.9062901493796115,0.017259861052266394,0.07644998956812192
2,0.37400102025001997,0.05660786251040197,0.569391117239578
2,0.15713051568314726,0.05007309941520468,0.792796384901648
2,0.3563002519458381,0.06628845606763907,0.5774112919865227
0,0.7042200584992107,0.03521885885438386,0.26056108264640576
2,0.16949523688282045,0.017957771252754485,0.8125469918644249
0,0.8766025289303822,0.023852228026317347,0.09954524304330051
0,0.906894321939015,0.015669091560359266,0.07743658650062579
0,0.2792037144327407,0.04072306395203861,0.6800732216152208
0,0.5592589266713481,0.036528332443756015,0.4042127408848954
2,0.5054213551623243,0.03010823011703384,0.4644704147206419
2,0.8930879593024034,0.017750182727032146,0.08916185797056454
0,0.9062901493796115,0.017259861052266394,0.07644998956812192
2,0.692451104870791,0.020674611587259844,0.28687428354194927
2,0.3238685205283392,0.047013912938786116,0.6291175665328745
0,0.8100636944398538,0.037592019847572725,0.15234428571257336
0,0.9055208172671653,0.017244680224690022,0.07723450250814443
0,0.906894321939015,0.015669091560359266,0.07743658650062579
0,0.8713144943026461,0.02198260113177434,0.10670290456557924
2,0.08561123993989878,0.033517044965802274,0.8808717150942988
0,0.4207500338296959,0.055606888077284276,0.5236430780930199
0,0.694402524546671,0.03411498524164937,0.27148249021167964
2,0.25950595666535037,0.04217080583107491,0.698323237503575
0,0.8895502505800208,0.02070120692400231,0.08974854249597684
0,0.34116251744004705,0.056236586225376424,0.6026008963345767
2,0.37125673194736697,0.03553764359594698,0.5932056244566865
2,0.18697372190733672,0.04454783392834903,0.7684784441643144
1,0.4078171087490528,0.032256132073973084,0.5599267591769743
0,0.906894321939015,0.015669091560359266,0.07743658650062579
0,0.9024826525612097,0.01797556459141183,0.0795417828473783
2,0.393811797327424,0.05310757068577085,0.5530806319868049
0,0.8930879593024034,0.017750182727032146,0.08916185797056454
0,0.9003989359587422,0.01683255210579817,0.08276851193545948
1,0.31534250128615554,0.06161808049420405,0.6230394182196405
0,0.6857790949033881,0.03567291973205447,0.2785479853645573
2,0.4687850244531556,0.0537750706382784,0.4774399049085661
0,0.3943119373552532,0.05265251090628633,0.5530355517384604
0,0.907489957427187,0.017278227617159476,0.07523181495565358
2,0.2703654237573636,0.05823546244632633,0.6713991137963101
0,0.552125598998067,0.03815462358729514,0.409719777414638
0,0.6253492386702681,0.06025874669944416,0.3143920146302879
0,0.65094863894553,0.02951742364682297,0.31953393740764696
2,0.39542484403131956,0.062230182499232206,0.5423449734694482
2,0.22606135394340887,0.02279664869779827,0.7511419973587928
0,0.7446460136314047,0.05184837893040719,0.20350560743818813
2,0.11153296487642993,0.040512204645943246,0.8479548304776268
0,0.8976822445816108,0.018224414088713795,0.08409334132967557
2,0.3609325171195152,0.05199317250969696,0.5870743103707879
0,0.8935610136483868,0.018594102603630466,0.08784488374798274
0,0.7916428323936308,0.041698982718648046,0.16665818488772124
2,0.6872317222956171,0.03403454442462622,0.2787337332797566
0,0.5658456206955199,0.05175591188657753,0.3823984674179025
2,0.5553378939189905,0.039854641846848234,0.4048074642341616
0,0.8864952379058076,0.021670913874679638,0.09183384821951261
2,0.903577218052758,0.0181231711706772,0.0782996107765649
0,0.8502085920364975,0.025922392063961547,0.12386901589954118
0,0.8620340832338348,0.017964419458244764,0.12000149730792076
0,0.5910130082950192,0.047812620161402565,0.36117437154357807
0,0.9054079434140391,0.017793583786875854,0.07679847279908505
2,0.2035646866235739,0.05090444984267563,0.7455308635337504
0,0.4756358760979378,0.04463175458728739,0.479732369314775
0,0.8468688681093102,0.015616591958730634,0.1375145399319593
2,0.16728118491396285,0.04192902847844713,0.7907897866075898
0,0.9032821340596848,0.017764330250331348,0.07895353568998378
0,0.8667323074222992,0.024271459482348715,0.10899623309535231
0,0.8687987896527217,0.026955593753032362,0.10424561659424607
2,0.293396599891996,0.06925090012834335,0.6373524999796607
2,0.010551460551460551,0.009712959712959712,0.9797355797355798
2,0.3758952650589548,0.0517869022935764,0.5723178326474688
2,0.3430191625580085,0.05106232581835708,0.6059185116236343
2,0.5708148374734032,0.03871241390462748,0.39047274862196935
2,0.5954135898543024,0.049934055986369665,0.3546523541593277
0,0.7161925820069767,0.03339964950946232,0.25040776848356106
0,0.8864952379058076,0.021670913874679638,0.09183384821951261
0,0.8864952379058076,0.021670913874679638,0.09183384821951261
1,0.6942920399143598,0.05625590397868875,0.24945205610695148
1,0.8522450841814053,0.022680504596961006,0.1250744112216336
0,0.6857145787114833,0.03325327651042513,0.2810321447780916
2,0.21260239675928908,0.05297129369708615,0.7344263095436248
2,0.8922996019307899,0.017815480221163662,0.08988491784804649
0,0.2665461116810879,0.063967475374602,0.6694864129443102
0,0.9062901493796115,0.017259861052266394,0.07644998956812192
0,0.8927600631940042,0.01856223819023744,0.08867769861575803
2,0.49153056586097854,0.06100297424590584,0.44746645989311556
0,0.49036888731409206,0.04377600340078678,0.4658551092851208
0,0.8882756527074701,0.020071549744042905,0.09165279754848728
0,0.8961894574522252,0.01925338034291179,0.08455716220486291
2,0.7042200584992107,0.03521885885438386,0.26056108264640576
0,0.8726084862372837,0.023973195233263887,0.10341831852945252
0,0.907489957427187,0.017278227617159476,0.07523181495565358
0,0.5254199271523456,0.05934477452973625,0.41523529831791806
0,0.8849290207416945,0.019501663097245596,0.09556931616105963
0,0.6951868016239761,0.032707942294143,0.272105256081881
2,0.6322964740938559,0.07512376514619705,0.292579760759947
0,0.8864952379058076,0.021670913874679638,0.09183384821951261
0,0.8729888507314143,0.025035410310962226,0.10197573895762327
0,0.769864520490968,0.02711277881064999,0.20302270069838216
2,0.6538846043659945,0.037626897820424915,0.3084884978135806
0,0.48557874641635784,0.04780290443263413,0.4666183491510082
0,0.6335166661564143,0.039361745991145315,0.3271215878524403
2,0.33552230385646054,0.0501335331812408,0.6143441629622987
0,0.7006899284955463,0.031688476426176226,0.2676215950782773
2,0.5465373595958709,0.04491765280505734,0.4085449875990716
2,0.4010966735105171,0.0456790510409519,0.553224275448531
0,0.9027507398918607,0.016710935771325222,0.08053832433681392
0,0.8274337598625321,0.0325679980207247,0.139998242116743
0,0.6876703633425415,0.030621097995620062,0.28170853866183837
2,0.7056363525501137,0.04868426972129572,0.24567937772859066
0,0.8417363488982662,0.02937163943228287,0.1288920116694508
2,0.684870766191941,0.041557206110855234,0.2735720276972039
2,0.65094863894553,0.02951742364682297,0.31953393740764696
0,0.8864952379058076,0.021670913874679638,0.09183384821951261
0,0.8453758509049385,0.030523930657420824,0.12410021843764064
2,0.21260239675928908,0.05297129369708615,0.7344263095436248
0,0.5082656803116101,0.048587905811059665,0.44314641387733034
0,0.5872495169790789,0.02929305814468055,0.3834574248762406
0,0.7763101074271536,0.04139217191896112,0.1822977206538855
0,0.899468252585028,0.01749682142012574,0.0830349259948463
0,0.5218160633917908,0.03519988650595329,0.44298405010225594
2,0.3268478351161942,0.03994248291126949,0.6332096819725365
0,0.906894321939015,0.015669091560359266,0.07743658650062579
0,0.7475242394332016,0.05425530550229086,0.1982204550645075
1,0.31331731865426793,0.06266746193061287,0.6240152194151193
0,0.6543689683006553,0.040140860476939856,0.30549017122240485
2,0.5050411606004883,0.04157458878724294,0.4533842506122688
2,0.4184813325276647,0.053441136076358836,0.5280775313959767
0,0.8909659414143505,0.01811282693106353,0.09092123165458608
0,0.9001864003524819,0.018897079670689387,0.08091651997682849
2,0.15994004680008841,0.043383276655776806,0.7966766765441347
0,0.9024826525612097,0.01797556459141183,0.0795417828473783
2,0.1749264656837261,0.04870801422565535,0.7763655200906185
0,0.9054692533324326,0.016541842975496164,0.07798890369207115
0,0.8662774383167173,0.02567905330126636,0.10804350838201626
0,0.6940801617278952,0.03682581507573243,0.26909402319637227
0,0.9054692533324326,0.016541842975496164,0.07798890369207115
2,0.4402743132857059,0.056691348560651035,0.5030343381536432
0,0.8864952379058076,0.021670913874679638,0.09183384821951261
0,0.7170856298001572,0.03527231974496763,0.247642050454875
0,0.6747883314346291,0.03374596152690265,0.2914657070384685
0,0.885656451710664,0.02027925310448074,0.09406429518485532
2,0.5439225160299739,0.03732725424092764,0.41875022972909853
0,0.860951080322141,0.026752367274739456,0.11229655240311914
0,0.4729784153270657,0.06263820739065605,0.4643833772822781
0,0.6305604340075718,0.04160814983736715,0.32783141615506106
0,0.9024826525612097,0.01797556459141183,0.0795417828473783
2,0.44342905181619335,0.05451775357992613,0.5020531946038805
2,0.37400102025001997,0.05660786251040197,0.569391117239578
0,0.5186495909504516,0.036576264182214185,0.44477414486733396
0,0.6888541186164487,0.036918880008417275,0.27422700137513384
2,0.5960317543943422,0.05282380550569249,0.3511444400999653
0,0.8686793231217637,0.025230760074108582,0.1060899168041279
0,0.907489957427187,0.017278227617159476,0.07523181495565358
0,0.8979115613621818,0.019239909720846216,0.0828485289169722
0,0.903963666218571,0.017633599728122288,0.07840273405330683
0,0.8892138957016972,0.018906976896008065,0.091879127402295
0,0.6736734890248456,0.03245592821195772,0.2938705827631967
2,0.21877849439166308,0.05489740181043506,0.7263241037979017
0,0.6292489827815456,0.03141642780479451,0.33933458941365985
0,0.6386027126003476,0.04013627789564932,0.3212610095040032
2,0.41781923894921447,0.04561139789472569,0.5365693631560596
2,0.44430310169602755,0.04186131475165745,0.5138355835523151
2,0.4624016679630594,0.05411226070789343,0.4834860713290472
0,0.43864310362414183,0.0578210034389885,0.5035358929368698
0,0.6388820835465393,0.04031702559978598,0.3208008908536748
0,0.9037991878979907,0.017179378854238498,0.0790214332477708
0,0.35936167527220825,0.0581808924868599,0.5824574322409318
2,0.6278585349694518,0.0390954496835884,0.3330460153469598
0,0.896462504618192,0.019866351807938047,0.08367114357386987
2,0.3412008811600395,0.0824916569763154,0.576307461863645
0,0.694402524546671,0.03411498524164937,0.27148249021167964
0,0.8824605181166075,0.022044421564557597,0.0954950603188348
0,0.3926233470045483,0.05294690829791608,0.5544297446975356
0,0.5713069257396252,0.03334247518406052,0.39535059907631454
2,0.6527363905852819,0.03492082961448415,0.3123427798002339
0,0.6591140337928666,0.0543647377138684,0.2865212284932652
0,0.8782810386509604,0.019237882525778557,0.10248107882326102
0,0.4653983591448787,0.049886205537150834,0.48471543531797046
2,0.9055208172671653,0.017244680224690022,0.07723450250814443
0,0.5637137134752953,0.031430617451178026,0.4048556690735264
0,0.5304098200456202,0.09581406648107885,0.373776113473301
1,0.25651060526654096,0.07051486259179979,0.6729745321416591
0,0.7042200584992107,0.03521885885438386,0.26056108264640576
0,0.9041366995426955,0.016853031066219545,0.07901026939108495
0,0.8864952379058076,0.021670913874679638,0.09183384821951261
0,0.6811163142297295,0.03178555171533166,0.2870981340549388
0,0.9024826525612097,0.01797556459141183,0.0795417828473783
0,0.9062901493796115,0.017259861052266394,0.07644998956812192
2,0.3829371237202849,0.047220808822102826,0.5698420674576121
2,0.21192523283045941,0.03915743100330709,0.7489173361662333
0,0.886626837491888,0.02110249668968845,0.09227066581842348
2,0.6941816990928484,0.060450359817726174,0.2453679410894254
2,0.3834003116184792,0.060298627535788116,0.5563010608457327
0,0.897943085124001,0.01561881503949451,0.08643809983650445
0,0.9003436321174678,0.016962727424024923,0.0826936404585074
2,0.5951338610056038,0.05887174776607298,0.3459943912283231
0,0.8169188352344462,0.031264384563913374,0.15181678020164058
2,0.3199348183787703,0.044758581777199435,0.6353065998440302
0,0.5392832953703388,0.051824922051074356,0.40889178257858694
2,0.2783224842561935,0.041993523775238635,0.6796839919685679
2,0.11593029264959683,0.0426435379587264,0.8414261693916764
2,0.011466109767501476,0.007432794351140634,0.981101095881358
2,0.18644781733359564,0.06401860642066541,0.749533576245739
0,0.9054692533324326,0.016541842975496164,0.07798890369207115
0,0.8727535679449071,0.018918397865072174,0.1083280341900206
1,0.5859397324746075,0.05402389856284241,0.3600363689625502
2,0.2682600379311927,0.04974018321697116,0.681999778851836
0,0.9003436321174678,0.016962727424024923,0.0826936404585074
2,0.693443692462119,0.04013038920821166,0.26642591832966933
0,0.35240200147494316,0.03458114414636375,0.6130168543786929
0,0.6316125230679205,0.03416351694255583,0.3342239599895236
0,0.8063719718015264,0.03255475627626379,0.1610732719222099
0,0.9041302400879025,0.01715186076973226,0.07871789914236467
0,0.702156320858416,0.027912122648964754,0.26993155649261935
0,0.6185066752270793,0.04217789189918152,0.33931543287373916
2,0.31376117218573296,0.04916636656296432,0.6370724612513027
0,0.9024826525612097,0.01797556459141183,0.0795417828473783
2,0.8455034728416418,0.019826092321153725,0.13467043483720434
2,0.1720902966725795,0.04759893780923898,0.7803107655181812
0,0.9044188701012534,0.016693487369831,0.07888764252891539
0,0.9024826525612097,0.01797556459141183,0.0795417828473783
0,0.9032821340596848,0.017764330250331348,0.07895353568998378
0,0.9062901493796115,0.017259861052266394,0.07644998956812192
0,0.7231448099849133,0.032313400143387246,0.24454178987169958
0,0.8961924015962714,0.019107544890886636,0.08470005351284174
0,0.8264869433867884,0.03080883354847338,0.14270422306473826
0,0.903577218052758,0.0181231711706772,0.0782996107765649
2,0.3577662248776211,0.06495630285621987,0.5772774722661591
0,0.8969169124553396,0.017693729749781367,0.08538935779487886
2,0.2578285627001414,0.03587721742997418,0.7062942198698846
0,0.6729865895991893,0.032786462272886154,0.29422694812792455
2,0.27074693157533025,0.0443057408039535,0.6849473276207161
0,0.7933256233598562,0.03641267868864328,0.1702616979515001
2,0.06721237525245279,0.020533715791553463,0.9122539089559937
2,0.49106690280047577,0.05438270034450934,0.4545503968550147
0,0.8644779194346688,0.02467621471681549,0.11084586584851577
2,0.3091941454900194,0.04347504302473843,0.6473308114852422
0,0.9024826525612097,0.01797556459141183,0.0795417828473783
0,0.7141046978796578,0.030936532124191014,0.25495876999615125
0,0.872310206715763,0.018758046145679042,0.10893174713855806
2,0.3611647855785256,0.0600728496730502,0.578762364748424
0,0.8961924015962714,0.019107544890886636,0.08470005351284174
0,0.5919141796019195,0.060979212516102325,0.347106607881978
2,0.19274960975974542,0.04328154250490276,0.7639688477353519
2,0.22776992661900708,0.050522078414809796,0.7217079949661832
2,0.36467340383658037,0.05876123755411061,0.576565358609309
2,0.16641913666677915,0.04238330805928726,0.7911975552739334
2,0.0967945915204192,0.03620463519916917,0.8670007732804116
0,0.6302095308783479,0.0341999064345408,0.33559056268711146
2,0.07645370128103729,0.023039630725936736,0.900506667993026
2,0.34068532012479036,0.05263273052905021,0.6066819493461594
2,0.015581919074385326,0.013285963531870755,0.9711321173937439
2,0.13028921731659193,0.026794405011165316,0.8429163776722427
0,0.6536768828499246,0.040795236311340376,0.3055278808387348
2,0.5937983623590833,0.03074682852382499,0.3754548091170918
0,0.8651888052206751,0.02636658905638636,0.1084446057229386
0,0.8927804589069769,0.0159431159752224,0.09127642511780085
0,0.8131367098385904,0.03108673667893948,0.15577655348247016
0,0.8214424189393489,0.02954846229829337,0.14900911876235787
0,0.5902515333733165,0.03602752598919811,0.37372094063748545
0,0.903577218052758,0.0181231711706772,0.0782996107765649
2,0.2558546130525196,0.055495248955246906,0.6886501379922336
2,0.5648474842156332,0.07258075104301169,0.3625717647413549
2,0.8219437076584527,0.03644521985838659,0.1416110724831607
2,0.4367114300367801,0.05237847431448944,0.5109100956487305
2,0.017457610755806725,0.016319710679005648,0.9662226785651876
0,0.9037991878979907,0.017179378854238498,0.0790214332477708
2,0.272998325522388,0.044407902036595635,0.6825937724410164
2,0.035614994186976785,0.018408544934379965,0.9459764608786433
0,0.9062901493796115,0.017259861052266394,0.07644998956812192
0,0.671924915916386,0.035927802188283946,0.2921472818953301
0,0.6908900773829735,0.0368516876042882,0.2722582350127385
2,0.13697460979346335,0.04108239807292195,0.8219429921336148
2,0.2861726439874122,0.045062874029686194,0.6687644819829015
1,0.8252649546600221,0.03213284278596834,0.1426022025540095
0,0.41979446255163155,0.04764139209248124,0.5325641453558874
0,0.6545571098353773,0.03064621966110177,0.314796670503521
2,0.5878409930750607,0.031074757108266602,0.3810842498166727
0,0.9024826525612097,0.01797556459141183,0.0795417828473783
0,0.6250741295641993,0.07192759905688167,0.3029982713789191
0,0.9064998484548276,0.01731882998562476,0.07618132155954774
0,0.5338834910779328,0.05126539597951799,0.41485111294254906
2,0.2334132374989527,0.051228575566154164,0.715358186934893
2,0.038547891588035205,0.020642233872932302,0.9408098745390324
2,0.2565602807037193,0.05120891260757963,0.692230806688701
2,0.8833889463348723,0.018092729447556636,0.09851832421757116
0,0.4842361748333724,0.04314540173083256,0.47261842343579485
0,0.6859553533230792,0.05913103070121268,0.2549136159757082
2,0.6435296924767248,0.0424025732855671,0.31406773423770823
0,0.7056495710677144,0.03677841150349462,0.2575720174287909
2,0.6592209263997378,0.032278889828483044,0.3085001837717791
0,0.8999480751266088,0.018006527009472223,0.08204539786391903
0,0.5580115782195586,0.03391847459364691,0.4080699471867946
2,0.48628807237411437,0.0511128576620615,0.4625990699638243
2,0.6460915180503758,0.03521156174875611,0.3186969202008681
0,0.8707569141730068,0.023379663714626797,0.10586342211236627
0,0.5293323219590015,0.037624122060053944,0.4330435559809447
2,0.6696503090475634,0.060489503453443276,0.2698601874989934
1,0.4084681364303156,0.04983675676060412,0.5416951068090803
0,0.702156320858416,0.027912122648964754,0.26993155649261935
2,0.09608318200774804,0.04114254970806485,0.8627742682841869
0,0.882716822119672,0.018093331258586476,0.0991898466217416
0,0.37400102025001997,0.05660786251040197,0.569391117239578
0,0.8900655244823845,0.018874258223810378,0.09106021729380501
2,0.2783224842561935,0.041993523775238635,0.6796839919685679
1,0.378386139513172,0.06580855786059116,0.5558053026262368
0,0.9037991878979907,0.017179378854238498,0.0790214332477708
2,0.3108776507982654,0.04385095785960777,0.6452713913421266
0,0.8930879593024034,0.017750182727032146,0.08916185797056454
0,0.845634386081159,0.02490559048182722,0.12946002343701368
0,0.6321872098044948,0.03306043381403517,0.3347523563814699
1,0.4897565959453122,0.057773113541065346,0.45247029051362253
2,0.020001294675017964,0.01113384835724205,0.9688648569677397
2,0.41262783400666786,0.05522661241390629,0.5321455535794257
2,0.38825662704520936,0.052284660798635786,0.559458712156155
2,0.5133242911120662,0.06323557176595994,0.42344013712197387
2,0.22535462231938572,0.06385400019729703,0.7107913774833173
0,0.9032821340596848,0.017764330250331348,0.07895353568998378
2,0.5486880159088551,0.03614600824838969,0.4151659758427553
0,0.29193949963721905,0.04491703003559822,0.6631434703271827
1,0.2389203457708154,0.05084153347229577,0.7102381207568887
2,0.4098568365048368,0.053519079828895345,0.5366240836662679
0,0.8873744295942001,0.021837556526187286,0.09078801387961277
2,0.16718292863404027,0.03773038261443712,0.7950866887515226
0,0.8864952379058076,0.021670913874679638,0.09183384821951261
0,0.5363407739799825,0.05583766889774924,0.40782155712226836
0,0.8864952379058076,0.021670913874679638,0.09183384821951261
2,0.16012705338007252,0.047487119782401076,0.7923858268375263
0,0.903577218052758,0.0181231711706772,0.0782996107765649
2,0.4397172922130094,0.04867904966757634,0.5116036581194142
0,0.9005829764598223,0.017879679393441185,0.08153734414673659
0,0.8670148084007208,0.02549678577264005,0.10748840582663928
2,0.5869319437700126,0.0805302813866572,0.33253777484333036
2,0.18291283499731548,0.0371353663037805,0.779951798698904
0,0.5472053820658207,0.050953058218625204,0.40184155971555413
0,0.885025486328379,0.022828146311175572,0.09214636736044554
0,0.9032821340596848,0.017764330250331348,0.07895353568998378
0,0.8866028179623209,0.015923648700410284,0.09747353333726881
2,0.8864952379058076,0.021670913874679638,0.09183384821951261
0,0.903577218052758,0.0181231711706772,0.0782996107765649
0,0.4945018885550567,0.054503323258505876,0.45099478818643735
0,0.6465336593079235,0.07334421154755062,0.28012212914452594
0,0.5101884806104622,0.03711671767856934,0.45269480171096793
1,0.562760825892321,0.06540849916824802,0.3718306749394314
0,0.906139666318443,0.01761851478803675,0.07624181889352032
0,0.41148190198138135,0.061204708823330616,0.5273133891952881
0,0.3346314562670759,0.06355460820122709,0.601813935531697
0,0.898814000813106,0.017619627168592677,0.08356637201830133
0,0.39097432719433844,0.045134690577268176,0.5638909822283934
0,0.8699155402789325,0.025152051077367444,0.10493240864370026
2,0.5436406509983527,0.04765086810713761,0.4087084808945097
2,0.2509674676886408,0.04225168698286395,0.7067808453284952
2,0.714662100890832,0.032933173337746265,0.2524047257714218
2,0.32306113699574796,0.0489395368979376,0.6279993261063146
2,0.8543404356224629,0.02897793725210979,0.11668162712542729
0,0.9037991878979907,0.017179378854238498,0.0790214332477708
2,0.24125410524528135,0.044961958126860525,0.713783936627858
0,0.4253240050939979,0.06023421807045034,0.5144417768355517
0,0.9044188701012534,0.016693487369831,0.07888764252891539
0,0.8914382805329698,0.018932042518409672,0.08962967694862053
0,0.885842002888989,0.020215651539607957,0.09394234557140313
2,0.24414924924600118,0.05549635500553513,0.7003543957484637
2,0.7744904634809352,0.042040955264665496,0.18346858125439913
0,0.9025481177239669,0.01770566037579164,0.0797462219002409
1,0.6783168272823442,0.052736286770631614,0.2689468859470241
0,0.906894321939015,0.015669091560359266,0.07743658650062579
0,0.6706051601947232,0.043750408639952734,0.2856444311653243
0,0.906894321939015,0.015669091560359266,0.07743658650062579
2,0.16927092395673418,0.02460904639485848,0.8061200296484071
0,0.9003436321174678,0.016962727424024923,0.0826936404585074
2,0.36748324061094223,0.05240347704068926,0.5801132823483686
2,0.65094863894553,0.02951742364682297,0.31953393740764696
2,0.40588986773515967,0.06598814696628205,0.5281219852985584
0,0.3508452452138664,0.05183711551648354,0.59731763926965
2,0.023476381220288587,0.011214856849724411,0.965308761929987
2,0.5862686817144165,0.06541011688582388,0.34832120139975953
0,0.8802708371569882,0.023775284284023538,0.09595387855898821
0,0.4127361041419677,0.05936448026856268,0.5278994155894697
0,0.8100636944398538,0.037592019847572725,0.15234428571257336
0,0.1307782117632625,0.01660886261712316,0.8526129256196142
0,0.8864952379058076,0.021670913874679638,0.09183384821951261
0,0.5380953127779735,0.05176986073041312,0.4101348264916132
1,0.31332262119729454,0.05351845719047942,0.633158921612226
0,0.5808475749889292,0.031329335886116756,0.38782308912495406
0,0.6769494377890014,0.03481893964628128,0.28823162256471724
2,0.39706619151639055,0.050547797527007686,0.5523860109566019
0,0.6364109236144124,0.06586845390435195,0.2977206224812356
0,0.8944777368985172,0.017203221835922933,0.08831904126555996
0,0.8999480751266088,0.018006527009472223,0.08204539786391903
2,0.9032821340596848,0.017764330250331348,0.07895353568998378
0,0.8999480751266088,0.018006527009472223,0.08204539786391903
2,0.37400102025001997,0.05660786251040197,0.569391117239578
2,0.6947184989258005,0.041010409129205214,0.26427109194499426
2,0.13344625197272228,0.02999105835693881,0.8365626896703389
2,0.05274074121826593,0.024243054125412552,0.9230162046563218
0,0.8747756667383014,0.019729637686115936,0.10549469557558255
0,0.9055208172671653,0.017244680224690022,0.07723450250814443
2,0.010551460551460551,0.009712959712959712,0.9797355797355798
2,0.2665461116810879,0.063967475374602,0.6694864129443102
0,0.7042200584992107,0.03521885885438386,0.26056108264640576
0,0.903577218052758,0.0181231711706772,0.0782996107765649
0,0.7938409571201223,0.031804659424985816,0.1743543834548921
0,0.46783599721484254,0.05859110663189222,0.47357289615326514
0,0.7449702508645212,0.046152125594181526,0.20887762354129727
0,0.8282791278874265,0.027396512307995734,0.14432435980457795
0,0.8864952379058076,0.021670913874679638,0.09183384821951261
0,0.8600760693619447,0.021505581888042954,0.11841834875001227
1,0.6188635861223049,0.08169308703529318,0.299443326842402
0,0.3920346671882898,0.05675728627598648,0.5512080465357236
0,0.8326309353120327,0.03089072083077042,0.13647834385719684
0,0.8181100207559858,0.03888248852759434,0.14300749071641988
2,0.06110783904499981,0.030824225272191308,0.908067935682809
2,0.43924496331146656,0.060490088373041324,0.5002649483154921
0,0.6874251047539846,0.04801183459107042,0.264563060654945
0,0.9064998484548276,0.01731882998562476,0.07618132155954774
2,0.5331114580801178,0.05203210554142475,0.4148564363784574
0,0.906894321939015,0.015669091560359266,0.07743658650062579
2,0.0036910004042786312,0.005757809622289528,0.990551189973432
0,0.9062901493796115,0.017259861052266394,0.07644998956812192
2,0.7072751268199816,0.03300309218395228,0.25972178099606624
0,0.527492113595902,0.05416917519696891,0.4183387112071291
0,0.3396712606940944,0.05053064327854488,0.6097980960273603
2,0.01113803168768026,0.005198038754345723,0.9836639295579741
0,0.9032821340596848,0.017764330250331348,0.07895353568998378
0,0.8892138957016972,0.018906976896008065,0.091879127402295
0,0.8363737171696103,0.029088401012869067,0.13453788181752072
2,0.2657368319994841,0.059632202816474696,0.6746309651840413
0,0.6799783859297648,0.027787888071941085,0.29223372599829417
2,0.1767976051708568,0.04881016382914412,0.7743922309999991
0,0.7910088974476167,0.03141002025731749,0.17758108229506583
0,0.9024826525612097,0.01797556459141183,0.0795417828473783
2,0.34304332534603604,0.04257337223016205,0.6143833024238019
