target,prediction_0,prediction_1,prediction_2
2,0.22606965445241192,0.04932470074641586,0.7246056448011725
0,0.689045964146216,0.03043186801099376,0.2805221678427902
0,0.88530497941584,0.020914213874134814,0.09378080671002488
2,0.3858761827307114,0.07750728848958513,0.5366165287797034
0,0.6214535337293364,0.03673371006521926,0.3418127562054445
0,0.7273538260287746,0.02935869873404169,0.2432874752371835
0,0.8719319610894539,0.024554914728337294,0.10351312418220847
2,0.10705269259372807,0.034618463735224286,0.8583288436710476
0,0.9092109284052138,0.0154408623520876,0.07534820924269875
1,0.3797179328999008,0.05491706671668985,0.5653650003834092
2,0.07322458565532483,0.01595940309376315,0.9108160112509118
0,0.7393733450814497,0.027046775427356763,0.2335798794911937
0,0.7354434872392841,0.0291934930266535,0.2353630197340625
0,0.8819369451402643,0.019393538365142984,0.09866951649459285
0,0.8669337132555569,0.024272627298051793,0.10879365944639129
2,0.43079383535617694,0.05656255503681704,0.5126436096070057
0,0.8599353184441104,0.02565004303005792,0.11441463852583139
2,0.5418371980224309,0.10123672616092602,0.3569260758166431
0,0.8853228230544704,0.021561884709249288,0.09311529223628051
2,0.3874277357456291,0.061446667767717615,0.5511255964866529
0,0.7051539190207028,0.035067310061207904,0.2597787709180895
1,0.561685843990726,0.0561339828985323,0.38218017311074176
2,0.2032612204128472,0.038470355887311444,0.7582684236998414
0,0.900621279904468,0.018800789980726203,0.08057793011480577
0,0.6561515338891623,0.0736881923514383,0.27016027375939955
0,0.8907897846758573,0.01882338661721007,0.09038682870693257
0,0.9121985867125363,0.01593163000058854,0.07186978328687531
0,0.9160278466687801,0.014142045586936772,0.06983010774428315
0,0.5851211038372729,0.0482268439421385,0.3666520522205887
0,0.9133827695009514,0.014349642198382527,0.07226758830066621
2,0.29179725091589437,0.048926749203398706,0.659275999880707
2,0.40447551166447915,0.043131679947253164,0.5523928083882677
0,0.5590282614581084,0.08076691777300195,0.36020482076889
2,0.5102746788305078,0.061792630339554205,0.427932690829938
0,0.7729931567446462,0.05143622463716457,0.17557061861818885
2,0.27993082413096015,0.04679220126295066,0.6732769746060893
2,0.6165216814690083,0.04035266192213571,0.343125656608856
0,0.8714244870014499,0.02519322848277823,0.10338228451577203
0,0.4524566326628388,0.0453012422659543,0.5022421250712064
0,0.5187378138244848,0.037660104740585156,0.44360208143493
0,0.8842511279560518,0.020129759382234394,0.0956191126617138
2,0.5010981646963767,0.1126839628987222,0.38621787240490113
0,0.7346660554904891,0.028416377806277197,0.23691756670323347
0,0.9166780726204395,0.01449856090780474,0.06882336647175555
0,0.917764670760279,0.015021822265688173,0.06721350697403268
0,0.7282030630599077,0.035214440017134,0.2365824969229584
0,0.8974598446154378,0.016871090819999827,0.08566906456456191
2,0.7247983162610309,0.034762253184628854,0.2404394305543401
0,0.7042260196368929,0.02556916509906024,0.27020481526404694
2,0.5010308266857733,0.05565171868077432,0.4433174546334524
0,0.8944374487324332,0.02154808291068838,0.0840144683568781
0,0.903863186965668,0.016811274627542717,0.07932553840678927
2,0.2633089936679834,0.046643167181550704,0.6900478391504661
2,0.45279387766985507,0.047800562715929945,0.49940555961421507
2,0.455710838018483,0.03752946549693874,0.5067596964845784
0,0.9073290175969461,0.017126708820606854,0.07554427358244704
0,0.7926708127305714,0.03961374294386861,0.16771544432555996
0,0.6995875269897744,0.07261687540541403,0.2277955976048114
0,0.8851728995100676,0.018615149215570097,0.09621195127436243
0,0.8832226576328118,0.024463679442823478,0.09231366292436484
1,0.649649909883042,0.044604671429316685,0.3057454186876413
2,0.6729866440327936,0.040064650057562184,0.286948705909644
0,0.692435218061206,0.03556547003364157,0.2719993119051524
2,0.06807141911628521,0.01757819808793172,0.9143503827957831
2,0.2558772603585183,0.05189739181204166,0.6922253478294397
2,0.007486780641321907,0.004944139599637754,0.9875690797590406
1,0.741794873429878,0.02856235207425146,0.22964277449587045
2,0.42690541501010826,0.03845348534736348,0.5346410996425282
2,0.19817166846917209,0.05451000470135504,0.7473183268294727
0,0.7505719335767921,0.03321667303124597,0.2162113933919619
0,0.9166780726204395,0.01449856090780474,0.06882336647175555
0,0.7952335677825503,0.03425409208269287,0.17051234013475672
0,0.9166780726204395,0.01449856090780474,0.06882336647175555
0,0.9165410688891882,0.014537673836777237,0.06892125727403459
2,0.004634360705373624,0.0035887679131025446,0.9917768713815238
2,0.15564109107900034,0.039125387222528465,0.8052335216984711
0,0.9137390929405522,0.015036361018492745,0.07122454604095481
0,0.42633242853720904,0.044338955258836375,0.5293286162039545
0,0.8065423609757134,0.02117008061363248,0.17228755841065405
0,0.8849298959887559,0.01466279887201801,0.1004073051392256
0,0.5092313532192969,0.04422051266703018,0.44654813411367267
2,0.8374791395604789,0.02478415390064266,0.1377367065388783
1,0.6480233997568879,0.022883903911363832,0.329092696331748
0,0.7308474180032779,0.04349146700171867,0.22566111499500363
0,0.7139076379657489,0.032223782448780505,0.25386857958547054
2,0.59664322556863,0.04026839508045968,0.3630883793509103
0,0.9176887355533646,0.015284924438244031,0.06702634000839151
2,0.2891505635811427,0.07147290220577368,0.6393765342130838
0,0.9121985867125363,0.01593163000058854,0.07186978328687531
0,0.6262022183650887,0.03684423026086657,0.3369535513740446
0,0.7798376289505143,0.02229168266713775,0.19787068838234764
0,0.5383236863510706,0.05506805665814568,0.40660825699078357
0,0.758624250322503,0.036083581198257546,0.20529216847923928
0,0.9164036648186786,0.01547644563517291,0.06811988954614835
0,0.9156400650603816,0.014997019223875498,0.06936291571574285
0,0.8490494807282496,0.02235184117816261,0.1285986780935874
0,0.9142498696166622,0.01450311200490181,0.07124701837843576
2,0.05666510839761337,0.028855790512782534,0.914479101089604
0,0.8905922228035127,0.022281885579719996,0.08712589161676731
0,0.7740821613717926,0.032965598598555766,0.1929522400296517
2,0.09085227454257647,0.04743197826214298,0.8617157471952807
2,0.05976684826710009,0.01902617159706117,0.9212069801358387
2,0.053410535729783784,0.03882114107771913,0.9077683231924971
2,0.14461059495245698,0.048731956856130375,0.8066574481914125
0,0.9134707089174092,0.014830216253683736,0.07169907482890683
0,0.9126322001073797,0.016065556671465316,0.07130224322115514
0,0.9142263784437943,0.016169264270325726,0.0696043572858799
2,0.5755860477374612,0.0533606413214305,0.37105331094110783
0,0.5570126451417825,0.04951724750557881,0.39347010735263876
2,0.16679563687466817,0.05398267865847354,0.7792216844668579
0,0.8802193119861215,0.019681831803023044,0.10009885621085554
2,0.2903133279143382,0.061371523144371935,0.6483151489412896
0,0.70478943755105,0.03410577099564271,0.2611047914533071
2,0.263899833291675,0.05321638154717125,0.6828837851611539
0,0.9142263784437943,0.016169264270325726,0.0696043572858799
0,0.4778299750464543,0.031143883570790166,0.4910261413827558
0,0.9104467532509816,0.01588296050298136,0.07367028624603689
0,0.9121985867125363,0.01593163000058854,0.07186978328687531
0,0.9105655292009006,0.01683356244124722,0.07260090835785202
2,0.5929126809542046,0.04413023122785025,0.36295708781794517
0,0.8960748930253346,0.018755470670293903,0.08516963630437158
0,0.90183193116284,0.017863524454304305,0.08030454438285563
0,0.6946431992898281,0.03691044156124716,0.26844635914892484
0,0.9175572518406214,0.015058782120143189,0.06738396603923515
0,0.6971607001004709,0.031262825673244135,0.27157647422628495
0,0.7509508191746757,0.04620257216535472,0.2028466086599695
0,0.7462663174448582,0.030577340409978265,0.2231563421451634
0,0.7565120411478516,0.026024134398011604,0.2174638244541369
2,0.46087236173211127,0.0721173879592781,0.46701025030861076
0,0.886586227628975,0.021055702797091746,0.0923580695739334
2,0.26393994805047616,0.040851483955115966,0.6952085679944083
0,0.6719231994728015,0.034563543424159446,0.293513257103039
2,0.09032843489888323,0.04371544123407488,0.8659561238670422
0,0.8935775545158451,0.01894980564844153,0.0874726398357131
2,0.7333585160942497,0.06491133013020503,0.20173015377554507
2,0.5333230258577768,0.040079765663311784,0.4265972084789114
0,0.7603051669390086,0.06070843481616384,0.17898639824482745
0,0.9166780726204395,0.01449856090780474,0.06882336647175555
0,0.8889658820723999,0.019573983681569908,0.09146013424602983
2,0.7701899048568183,0.020259743618127428,0.20955035152505438
0,0.4749661478085598,0.05860201321221632,0.4664318389792239
0,0.37621436015554044,0.059261674580632154,0.5645239652638272
0,0.6920701407620312,0.04015258978636884,0.26777726945160013
0,0.3906886938029157,0.04963691310664168,0.5596743930904426
0,0.8395046312017425,0.028981529988322315,0.1315138388099355
0,0.8910103050324073,0.01436381561310923,0.09462587935448338
2,0.2843500018529674,0.06179123745110464,0.653858760695928
0,0.8870081967167524,0.019544640675058726,0.09344716260818875
0,0.8017463561319241,0.03244080459098853,0.16581283927708682
2,0.30531403877189855,0.06260202723388679,0.6320839339942146
0,0.9166780726204395,0.01449856090780474,0.06882336647175555
2,0.41368914596982864,0.058116497999173705,0.5281943560309975
0,0.9156400650603816,0.014997019223875498,0.06936291571574285
0,0.8922017231486188,0.015124822496999389,0.0926734543543813
0,0.5142013911306559,0.035262311796749074,0.4505362970725949
0,0.6283017241785961,0.036392467235414554,0.3353058085859894
2,0.20508994431729982,0.06135802939366776,0.7335520262890323
2,0.06461578870413578,0.018877416928688523,0.9165067943671755
2,0.6940895653420377,0.030016830605091246,0.2758936040528711
0,0.8986258189496819,0.018101809832364906,0.08327237121795332
0,0.17233720921995113,0.05124815578633112,0.7764146349937175
0,0.9166086842898507,0.01451434825989159,0.0688769674502577
2,0.7232391422355527,0.033570488069351874,0.24319036969509536
2,0.6941465127661669,0.03648918455423208,0.269364302679601
0,0.6912911367929405,0.02961700174932795,0.27909186145773174
2,0.37981094600263793,0.0617076092761262,0.558481444721236
0,0.9063336659015097,0.01722136878398944,0.07644496531450103
2,0.034236950830339015,0.01265857984588273,0.9531044693237781
2,0.7111868109814466,0.03338304216927569,0.25543014684927745
0,0.9130281397571667,0.01599231340946452,0.07097954683336861
0,0.5726536484613772,0.07291245335766179,0.3544338981809606
1,0.515274430814467,0.05265472745274775,0.43207084173278526
2,0.309233953115737,0.04919030175635949,0.6415757451279036
0,0.6878650783257046,0.038076745434794355,0.2740581762395011
2,0.513061590179927,0.08101004261557662,0.40592836720449654
2,0.23574540906655678,0.05461202541583857,0.709642565517605
0,0.9166070629669667,0.014224991231791497,0.06916794580124178
0,0.28324911014825954,0.04988194067640143,0.6668689491753388
2,0.42153104661575846,0.04112014466761431,0.5373488087166272
0,0.9121985867125363,0.01593163000058854,0.07186978328687531
0,0.45275101422813613,0.05171479590779602,0.49553418986406794
0,0.5219314185801888,0.059424064997240615,0.4186445164225704
2,0.025277579650902875,0.009223980347341287,0.9654984400017559
0,0.9044432298569334,0.016710620610686764,0.07884614953237962
2,0.3640933381409146,0.06836582433594851,0.5675408375231364
2,0.5473823510764679,0.046300543726424476,0.40631710519710723
1,0.6702335737755376,0.06709082969288137,0.2626755965315812
0,0.41357386318209804,0.04287179355744045,0.5435543432604617
2,0.4960501331711901,0.042236364376269576,0.4617135024525403
2,0.5035126646756437,0.08335689911512367,0.4131304362092324
0,0.6679336721868961,0.054588237765135265,0.2774780900479685
0,0.9104467532509816,0.01588296050298136,0.07367028624603689
0,0.55660214740687,0.04048719075003194,0.40291066184309815
2,0.33539606397884175,0.0567779647235131,0.6078259712976454
2,0.438657482632132,0.05564780764160665,0.5056947097262615
0,0.9027828092859383,0.015548955141336024,0.08166823557272514
0,0.5850838732551438,0.04542902818554751,0.36948709855930867
0,0.9165410688891882,0.014537673836777237,0.06892125727403459
2,0.632817521058724,0.030565669623028292,0.33661680931824745
0,0.9165410688891882,0.014537673836777237,0.06892125727403459
0,0.8505530875995251,0.02601267053105457,0.12343424186942029
0,0.9083257456737804,0.016567634053712706,0.07510662027250682
2,0.804683446476759,0.03138752605752653,0.16392902746571422
0,0.9155923360897779,0.01587531107936779,0.06853235283085445
0,0.7073667613413628,0.029827458301990878,0.26280578035664665
0,0.3989224943768588,0.042205362855277234,0.558872142767864
0,0.9015336063856779,0.015516010931564739,0.08295038268275738
2,0.4397764657824344,0.07688923974247816,0.4833342944750876
0,0.9178335429379652,0.015071255773516673,0.06709520128851802
2,0.13768851988730277,0.017092456440511786,0.8452190236721848
0,0.9077150998637481,0.017000053329694873,0.07528484680655707
2,0.8429454741423601,0.035117259892847176,0.12193726596479268
2,0.2264216909630752,0.05808451576495011,0.7154937932719748
2,0.21030345360900207,0.031145628689773195,0.7585509177012247
0,0.7648361587217131,0.041138429998243436,0.19402541128004372
0,0.8638823914021794,0.027874482301499817,0.10824312629632078
0,0.904755078339335,0.017111382077814524,0.07813353958285053
0,0.7053922733290182,0.041664166463573064,0.25294356020740855
2,0.9039704969949987,0.014078553373134618,0.08195094963186651
0,0.9073290175969461,0.017126708820606854,0.07554427358244704
0,0.4416456333100125,0.05713396711818941,0.501220399571798
0,0.826626362872463,0.026063763651684203,0.14730987347585242
2,0.8862991406901066,0.017315556383003673,0.09638530292688988
2,0.3941084333817247,0.04758720224600726,0.5583043643722679
2,0.18455676449877714,0.04317927749147006,0.7722639580097528
0,0.9142263784437943,0.016169264270325726,0.0696043572858799
0,0.9008194621279215,0.018531581048156512,0.08064895682392186
2,0.48613239394140645,0.04801524492436712,0.4658523611342265
2,0.1635063444929369,0.03272071319078959,0.8037729423162734
2,0.30330824284983726,0.061070325878240746,0.635621431271922
0,0.7588563254386849,0.03195579607906996,0.20918787848224524
2,0.05639345320519408,0.0281353179893731,0.9154712288054329
0,0.8742842229730852,0.0264164663371922,0.09929931068972227
0,0.9116250269491126,0.014674096416232905,0.07370087663465434
0,0.2811030599946665,0.03708645748567116,0.6818104825196624
0,0.5476530998390692,0.03728850606578053,0.41505839409515033
2,0.517420960687719,0.030143668730434475,0.4524353705818466
2,0.9092109284052138,0.0154408623520876,0.07534820924269875
0,0.9142263784437943,0.016169264270325726,0.0696043572858799
2,0.7513639747712706,0.024959252251278735,0.2236767729774505
2,0.37358576651586445,0.045591442536354346,0.580822790947781
0,0.7804505347944416,0.044500897400801605,0.17504856780475683
0,0.9126322001073797,0.016065556671465316,0.07130224322115514
0,0.9128057125211133,0.014147675629502955,0.07304661184938363
0,0.8712644602600516,0.024034721754252385,0.10470081798569575
2,0.07658877785297961,0.03803065871830911,0.8853805634287111
0,0.44008922692643837,0.06463574483032307,0.4952750282432383
0,0.7471929597537935,0.03295895609489064,0.21984808415131588
2,0.2368223493504042,0.04424766568166762,0.7189299849679283
0,0.8904072454972916,0.019665382336812438,0.08992737216589598
0,0.3576505304691055,0.06181283818958549,0.5805366313413088
2,0.288319407066589,0.036349555420599554,0.6753310375128113
2,0.14983080782875635,0.04235349177415717,0.8078157003970864
1,0.38337476574609425,0.029228702180752394,0.5873965320731531
0,0.9166070629669667,0.014224991231791497,0.06916794580124178
0,0.8889132846028622,0.01648264834014733,0.09460406705699059
2,0.3788015245911414,0.051194963576587704,0.5700035118322704
0,0.9092109284052138,0.0154408623520876,0.07534820924269875
0,0.9105526590849689,0.014286405328692936,0.07516093558633767
1,0.28735032659163867,0.06474195958578222,0.6479077138225792
0,0.7131764080315911,0.03391655063161872,0.2529070413367903
2,0.46930624755086475,0.05772457059818393,0.47296918185095155
0,0.3490292556912909,0.05181437986117057,0.5991563644475387
0,0.9176887355533646,0.015284924438244031,0.06702634000839151
2,0.2443550206815692,0.06058271084829615,0.6950622684701347
0,0.5496661546289646,0.04097523066690727,0.409358614704128
0,0.5833242250075635,0.08244098717429545,0.334234787818141
0,0.623936954068132,0.03272234609468131,0.3433406998371868
2,0.50874335583625,0.06058187143540043,0.4306747727283497
2,0.037549747066924356,0.01700676231031401,0.9454434906227617
0,0.8433041134699965,0.03398150812070904,0.12271437840929435
2,0.2760522046818051,0.045043830161970624,0.6789039651562244
0,0.9063355734313355,0.016898349049972887,0.07676607751869176
2,0.3885954705583587,0.05939638122483887,0.5520081482168026
0,0.8751869225204439,0.019452413286514796,0.10536066419304128
0,0.7534000966825414,0.062675723924883,0.18392417939257555
2,0.7275910829587136,0.03128358163416774,0.2411253354071186
0,0.5812745652676954,0.05536776373130555,0.36335767100099914
2,0.484037882686477,0.05403126408492453,0.46193085322859845
0,0.9098150281362236,0.01594290409420809,0.07424206776956814
2,0.9175572518406214,0.015058782120143189,0.06738396603923515
0,0.8549689016770441,0.02613234925330413,0.11889874906965145
0,0.89001695291564,0.014727575848910842,0.09525547123544921
0,0.5939030576925725,0.04993205254066111,0.35616488976676647
0,0.9135208118055085,0.01641631295154668,0.07006287524294495
2,0.16089926192775017,0.04851557729084475,0.7905851607814052
0,0.4107437015423592,0.04518235751578284,0.5440739409418579
0,0.849387498674553,0.012564349914732565,0.13804815141071403
2,0.11020268341578605,0.04606299946399048,0.8437343171202234
0,0.9121985867125363,0.01593163000058854,0.07186978328687531
0,0.8774162298546073,0.02404511034745226,0.09853865979794005
0,0.871154776974546,0.0262052541770579,0.10263996884839548
2,0.23515939524509963,0.08930125483058242,0.6755393499243179
2,0.03627551386193415,0.0346100455596504,0.9291144405784156
2,0.3862203287551737,0.04325881063388212,0.5705208606109439
2,0.27739865990439566,0.048954717797820534,0.6736466222977838
2,0.5066329146850376,0.042675428650964645,0.45069165666399763
2,0.5425781775451096,0.05547988055527536,0.401941941899615
0,0.7147384549477181,0.03444907175037664,0.2508124733019054
0,0.8991768333423796,0.019643501972739483,0.08117966468488091
0,0.9065710654365838,0.016866647391440504,0.07656228717197557
1,0.6646307515548575,0.06945815116858199,0.2659110972765605
1,0.8548533999407886,0.022224354612090724,0.12292224544712095
0,0.7537900355752457,0.029512882555615308,0.21669708186913927
2,0.14853345607488663,0.042982473816422444,0.808484070108691
2,0.8986889154544709,0.015493569667189644,0.08581751487833914
0,0.4932576850870862,0.058917844241967776,0.447824470670946
0,0.9008930724076826,0.01996195277800023,0.07914497481431715
0,0.8943031705505957,0.018937619482583344,0.08675920996682049
2,0.3709972482255534,0.07735129141260733,0.5516514603618393
0,0.53951578000229,0.04186722526935501,0.4186169947283552
0,0.8842108346918447,0.01944493272016913,0.09634423258798601
0,0.8729928063236891,0.023032070015377448,0.10397512366093369
2,0.7095225497074596,0.0319321734148366,0.2585452768777036
0,0.8851024855578605,0.022709093161447483,0.09218842128069213
0,0.9166863168488193,0.015507696024802411,0.06780598712637836
0,0.5512138910285219,0.06302102777967362,0.38576508119180414
0,0.8853799728931443,0.019752105574619736,0.0948679215322358
0,0.73217764062026,0.03138615185258271,0.23643620752715713
2,0.5888519387482498,0.07304949512682915,0.3380985661249208
0,0.9085133319817106,0.015306699464214708,0.0761799685540746
0,0.8764943948491982,0.02561866175519481,0.09788694339560663
0,0.7754164638979456,0.027391441001998043,0.19719209510005617
2,0.6625084810561417,0.038642398721302186,0.2988491202225561
0,0.5396341358077101,0.04187825983927664,0.418487604353013
0,0.5901825988139194,0.042207561545028964,0.3676098396410516
2,0.26011018822996224,0.06936983398475835,0.6705199777852797
0,0.7292985890066053,0.02945749651496034,0.24124391447843435
2,0.44193063501206264,0.06552074138727604,0.49254862360066126
2,0.3773961222169705,0.05344987159978596,0.5691540061832435
0,0.9152890212372624,0.014853741533741695,0.06985723722899576
0,0.8582825124534688,0.029471078994264016,0.11224640855226718
0,0.706832489610185,0.026061536710392155,0.26710597367942285
2,0.7565411933748846,0.05110268767508833,0.1923561189500269
0,0.8604793004950364,0.02735628960901687,0.11216440989594638
2,0.7074257347198636,0.0390094180650506,0.25356484721508576
2,0.6379245156884714,0.03620690331660533,0.3258685809949232
0,0.9115697083734201,0.015643890756480292,0.07278640087009941
0,0.8636904866970117,0.027536962087457026,0.10877255121553135
2,0.17393589652061195,0.05075329317287616,0.7753108103065119
0,0.5132609342545305,0.0508417534674318,0.4358973122780377
0,0.5977066049037671,0.030005469382893748,0.3722879257133391
0,0.7866811768243049,0.036411701391336565,0.17690712178435877
0,0.9053107346611782,0.016856482344095605,0.07783278299472614
0,0.5351504451331549,0.036831240933330525,0.4280183139335144
2,0.1675764104970188,0.055375057399937255,0.7770485321030438
0,0.9166070629669667,0.014224991231791497,0.06916794580124178
0,0.6922674736792047,0.06877515456014822,0.238957371760647
1,0.3301960718386032,0.060001818784718115,0.6098021093766783
0,0.6775515673417374,0.038074971061726824,0.28437346159653554
2,0.5751837205607151,0.03584627845308918,0.3889700009861958
2,0.4244289275562806,0.05858582356713871,0.5169852488765807
0,0.8980264030407761,0.01646949828796417,0.08550409867125978
0,0.9142263784437943,0.016169264270325726,0.0696043572858799
2,0.13043278100437497,0.041525031258688574,0.8280421877369364
0,0.900705752068152,0.01789791051543378,0.08139633741641435
2,0.17328298147794313,0.048716403213149094,0.7780006153089077
0,0.9154323629915221,0.014523016793238737,0.07004462021523912
0,0.8584705881941099,0.02884782729335773,0.11268158451253209
0,0.6966491710308929,0.03895784688102353,0.26439298208808354
0,0.9166780726204395,0.01449856090780474,0.06882336647175555
2,0.3777988049746478,0.059982561173015,0.5622186338523374
0,0.9104467532509816,0.01588296050298136,0.07367028624603689
0,0.7663187566204194,0.030886614586690175,0.20279462879289026
0,0.712277416744959,0.030117966048826852,0.2576046172062143
0,0.8835836155804302,0.018820550499796928,0.09759583391977301
2,0.42510108689656145,0.04415857806675641,0.5307403350366822
0,0.8774595463683604,0.026112173268455566,0.09642828036318402
0,0.4519449940822638,0.07145850787215334,0.4765964980455831
0,0.6733947714254833,0.042282041699735935,0.28432318687478075
0,0.8668553822124566,0.024532763155758485,0.10861185463178481
2,0.4262556742895948,0.055305538320681795,0.5184387873897229
2,0.41512290263692603,0.05206500377738372,0.5328120935856904
0,0.5053638841663695,0.03288481698182733,0.46175129885180316
0,0.7510994031166445,0.033368233569235704,0.21553236331411987
2,0.5556138527056604,0.05207936537579497,0.3923067819185449
0,0.8724048126731451,0.025353870531925105,0.1022413167949296
0,0.9180032569892889,0.015244307996708499,0.06675243501400271
0,0.9085476499254167,0.01730218789105796,0.07415016218352498
0,0.9153559658257668,0.015493003198786258,0.06915103097544692
0,0.9101215884717947,0.014975802938466933,0.07490260858973838
0,0.7060356132573997,0.03543299464331148,0.25853139209928855
2,0.18608842943746917,0.05113237838312457,0.7627791921794065
0,0.6912508262700972,0.030560788770159966,0.2781883849597426
0,0.6655829011313619,0.038538332211809016,0.29587876665682905
2,0.34615084907978694,0.048509620189984504,0.6053395307302285
2,0.5214529224186645,0.04607835123247933,0.4324687263488563
2,0.48560380754787247,0.053958919389986676,0.4604372730621407
0,0.4921599667191741,0.0491285391162788,0.458711494164547
0,0.6964322088647985,0.036918509143541924,0.26664928199165955
0,0.9129004223403749,0.015173010039171582,0.07192656762045321
0,0.36974701985002495,0.05557170298895888,0.5746812771610161
2,0.6066949125045029,0.03494966432585531,0.35835542316964175
0,0.9097410870327777,0.017451340221167913,0.07280757274605419
2,0.3510174773807218,0.10076786161504837,0.5482146610042296
0,0.7535201202476207,0.030519497405431955,0.21596038234694737
0,0.8959090616801687,0.019392140333821303,0.08469879798600997
0,0.3930508828253879,0.05305720065500707,0.5538919165196051
0,0.5803780226868551,0.03219559698185102,0.38742638033129384
2,0.7890736563261753,0.02991297270158709,0.18101337097223766
0,0.5671492002534252,0.06373122220495486,0.36911957754161995
0,0.8801633088687443,0.016893362255508224,0.10294332887574756
0,0.45897618450811634,0.05143748726822333,0.4895863282236603
2,0.9156400650603816,0.014997019223875498,0.06936291571574285
0,0.5832416498419619,0.029158985983372365,0.3875993641746658
0,0.5677257735387802,0.08409046591922525,0.3481837605419947
1,0.1533041008274181,0.04143853594447701,0.805257363228105
0,0.7588563254386849,0.03195579607906996,0.20918787848224524
0,0.9166780726204395,0.01449856090780474,0.06882336647175555
0,0.8920790348959614,0.019207256654489656,0.08871370844954884
0,0.7238470974939527,0.0285761548124735,0.24757674769357374
0,0.8973782928979325,0.01900062540101883,0.08362108170104882
0,0.9142263784437943,0.016169264270325726,0.0696043572858799
2,0.37834360826170704,0.04369426877295642,0.5779621229653366
2,0.30972499180141966,0.05235213897233692,0.6379228692262434
0,0.8859016959269465,0.02228761527465215,0.09181068879840133
2,0.6941907912618,0.0716418709637486,0.23416733777445134
2,0.39264762624820515,0.05910569976029294,0.5482466739915022
0,0.9097346312006678,0.014213356230853976,0.07605201256847821
0,0.9002699685267949,0.01657089065427634,0.08315914081892878
2,0.766016487201939,0.04631257472092684,0.187670938077134
0,0.8172421165007614,0.03212490911743675,0.150632974381802
2,0.2889986695852239,0.050530325791465505,0.6604710046233105
0,0.5559904780509537,0.05239650137630234,0.3916130205727437
2,0.281684944122297,0.04830722575156785,0.670007830126135
2,0.09455198386568427,0.04090226483709073,0.864545751297225
2,0.00425404874277798,0.004564483934337757,0.9911814673228845
2,0.11770942797290042,0.06142231385418467,0.820868258172915
0,0.9157524962231651,0.014641806334069035,0.06960569744276576
0,0.9003512969935584,0.01406233396775769,0.08558636903868405
1,0.5696072201050225,0.054076636684794205,0.37631614321018314
2,0.22345099307799174,0.051595552602466344,0.724953454319542
0,0.8987542119158547,0.017518666810171436,0.08372712127397383
2,0.6795384357968383,0.04542984712360179,0.2750317170795597
0,0.42129690875159304,0.03953267673081704,0.5391704145175898
0,0.6338341807609229,0.0362238839813453,0.32994193525773186
0,0.8488318583926137,0.029407767185358924,0.12176037442202738
0,0.9156400650603816,0.014997019223875498,0.06936291571574285
0,0.7516190191239102,0.027358456130195444,0.22102252474589437
0,0.5581891069983222,0.04453467103344185,0.3972762219682357
2,0.2398244578475673,0.051570937257321446,0.7086046048951111
0,0.9158723367157143,0.01481878518370345,0.06930887810058223
2,0.8959615170498236,0.014805717090664734,0.08923276585951169
2,0.13557376358884088,0.04498478117162509,0.819441455239534
0,0.9152890212372624,0.014853741533741695,0.06985723722899576
0,0.9166134931645759,0.014581611679181206,0.06880489515624284
0,0.9121985867125363,0.01593163000058854,0.07186978328687531
0,0.9142263784437943,0.016169264270325726,0.0696043572858799
0,0.7766019250789153,0.027860355598875553,0.19553771932220917
0,0.8954723702680192,0.0206402200866461,0.08388740964533475
0,0.8471976288026655,0.035238933985082106,0.11756343721225253
0,0.9175572518406214,0.015058782120143189,0.06738396603923515
2,0.3569128082682023,0.06230935391245889,0.5807778378193388
0,0.9095492452136031,0.014625015820562281,0.07582573896583458
2,0.1725333184966227,0.035245026269344636,0.7922216552340322
0,0.742745773481501,0.031060833856863247,0.22619339266163582
2,0.26174010794282865,0.04678935432036763,0.6914705377368037
0,0.7865266119872452,0.03319745172852926,0.1802759362842255
2,0.022846543183946234,0.01271377643878688,0.9644396803772668
2,0.5095673931384167,0.05526274211840487,0.4351698647431783
0,0.8707277031410474,0.022962329212770756,0.10630996764618177
2,0.2944278857814025,0.043669632599302566,0.6619024816192951
0,0.9172827064935908,0.014485880903710686,0.06823141260269855
0,0.7660890664796568,0.025386382727338744,0.20852455079300466
0,0.8955900931216635,0.0180310480736718,0.08637885880466445
2,0.35175223175486564,0.06405691615798856,0.5841908520871459
0,0.9074679486255239,0.017373071888954757,0.07515897948552136
0,0.5628530492421833,0.06745171449863892,0.36969523625917783
2,0.15232316364338896,0.04488559397746956,0.8027912423791412
2,0.2049193681044295,0.05438143237931345,0.7406991995162571
2,0.30769941005898427,0.06783615638284853,0.6244644335581673
2,0.1677580776533817,0.038868554420593296,0.7933733679260249
2,0.09503856203384506,0.03873680777563116,0.8662246301905239
0,0.6131992076812721,0.03568750312218399,0.3511132891965437
2,0.06271081633854295,0.0149830261966986,0.9223061574647584
2,0.39548792403959887,0.06138671178542231,0.5431253641749787
2,0.007827952164325459,0.007430633555084923,0.9847414142805897
2,0.05377130630654468,0.01403053191465025,0.932198161778805
0,0.6913550345456507,0.039187919577707606,0.26945704587664177
2,0.6074649237223677,0.029103475396530448,0.36343160088110166
0,0.8751162445034119,0.027418414552933257,0.09746534094365504
0,0.8941870816951044,0.014859518303056147,0.09095340000183934
0,0.8202616737808502,0.03459959527810053,0.14513873094104912
0,0.8292731903962439,0.031298249131657685,0.1394285604720981
0,0.6305379907512754,0.03623661246443331,0.33322539678429103
0,0.9178335429379652,0.015071255773516673,0.06709520128851802
2,0.2418002363580555,0.055964129604417955,0.7022356340375266
2,0.5144629612564514,0.08276433941021553,0.40277269933333315
2,0.7480589092917519,0.02609100980941195,0.22585008089883607
2,0.3292943847942099,0.052701724131057545,0.6180038910747325
2,0.00940239373458847,0.007285706947301821,0.9833118993181096
0,0.9157028583005578,0.014377352493825254,0.06991978920561685
2,0.23991820660556742,0.04456098244126929,0.7155208109531629
2,0.011344168690930209,0.008791941311541988,0.9798638899975277
0,0.9142263784437943,0.016169264270325726,0.0696043572858799
0,0.7235166486954759,0.03677820460629925,0.23970514669822465
0,0.70478943755105,0.03410577099564271,0.2611047914533071
2,0.1145723261601651,0.03959713608687457,0.8458305377529605
2,0.23575311846352742,0.03958321262724992,0.7246636689092228
1,0.7339097630548795,0.05126174620528782,0.21482849073983248
0,0.3799211741248235,0.04425715311505403,0.5758216727601221
0,0.7036053930453187,0.02668172035010672,0.26971288660457476
2,0.557659362441842,0.03545598763421121,0.40688464992394646
0,0.8966095275737992,0.018852823997328554,0.08453764842887222
0,0.5796279897081422,0.0820035473489939,0.3383684629428642
0,0.913716789708829,0.015299260836098194,0.07098394945507286
0,0.5462828721927707,0.05194042213297688,0.4017767056742525
2,0.2274306510323809,0.05235848291932228,0.720210866048297
2,0.03818539470578002,0.01326186522956564,0.9485527400646544
2,0.2790454194870149,0.055337642833747605,0.6656169376792378
2,0.9006992869250012,0.015129372819895575,0.08417134025510299
0,0.4521415226004412,0.04677708212187794,0.5010813952776809
0,0.6858178748525362,0.06485103327637379,0.2493310918710901
2,0.5469780935553438,0.050027642307067965,0.4029942641375884
0,0.7186185671443028,0.034577192381788135,0.24680424047390892
2,0.7271975870650521,0.02908455362254698,0.24371785931240078
0,0.913805529715157,0.015127038910351536,0.07106743137449133
0,0.558411313376943,0.03436312701146642,0.40722555961159035
2,0.42805917036145774,0.059541005652830124,0.5123998239857123
2,0.5376903661804254,0.03913920911053491,0.4231704247090398
0,0.8967973318519217,0.01852737087630153,0.08467529727177635
0,0.502572033279929,0.038806185406309354,0.4586217813137616
2,0.647664693953818,0.06773851976530752,0.2845967862808745
1,0.42177587154604296,0.04935160321890794,0.5288725252350491
0,0.6743366764463814,0.024672638714984044,0.30099068483863456
2,0.0658804250458961,0.0403152374141642,0.8938043375399395
0,0.8928810578545869,0.01776219592066471,0.08935674622474844
0,0.42444128132107245,0.05220376806624499,0.5233549506126826
0,0.9014596485512688,0.016577076040070297,0.08196327540866026
2,0.18506438032533232,0.04667971137999844,0.7682559082946693
1,0.43343770629867184,0.05361462811805329,0.5129476655832751
0,0.9125870519074608,0.014856989275355505,0.07255595881718363
2,0.28362582675818987,0.04065390333881003,0.6757202699030006
0,0.9092109284052138,0.0154408623520876,0.07534820924269875
0,0.8309394951047268,0.03021281825257793,0.1388476866426953
0,0.6137213234556235,0.0358642991812311,0.3504143773631453
1,0.5518947576131579,0.061695144982035856,0.38641009740480636
2,0.008896754651377865,0.005600942877118338,0.9855023024715037
2,0.4410584874525283,0.04704253915812977,0.511898973389342
2,0.3741183058127515,0.0441161418042463,0.5817655523830023
2,0.46688581212752933,0.07461586427103918,0.4584983236014317
2,0.26503567090180324,0.06110192292565942,0.6738624061725371
0,0.9091190763009492,0.01674247694472476,0.074138446754326
2,0.515970582020774,0.041525636173267176,0.4425037818059588
0,0.322224601636102,0.0454521002755406,0.6323232980883574
1,0.3099187898821268,0.04540338301091799,0.6446778271069552
2,0.2953872384505036,0.06017014367122558,0.6444426178782707
0,0.8738325446522545,0.024553138876508427,0.10161431647123668
2,0.1165521782526756,0.03709517887702402,0.8463526428703004
0,0.884440008051329,0.024126172604100174,0.09143381934457069
0,0.5552846903806026,0.0612791680979911,0.38343614152140604
0,0.9065710654365838,0.016866647391440504,0.07656228717197557
2,0.13358095266109676,0.03752701991724134,0.8288920274216619
0,0.916196245899021,0.015513405489627926,0.06829034861135085
2,0.2958468539281241,0.04421692978091275,0.6599362162909631
0,0.9081302583665903,0.016694548674771256,0.07517519295863846
0,0.8638959360710974,0.027773223429941995,0.10833084049896033
2,0.549333782116888,0.10419901861531529,0.3464671992677968
2,0.13025569927959302,0.04273370357192274,0.8270105971484838
0,0.5185356305104798,0.05830315089275517,0.42316121859676503
0,0.8873217779349782,0.02416675495466878,0.08851146711035277
0,0.9084455617591872,0.01689202007233007,0.07466241816848278
0,0.8991969174709808,0.014339585352826508,0.0864634971761926
2,0.8913191285241181,0.02221783953820995,0.08646303193767202
0,0.9179566675738164,0.01506770687325526,0.0669756255529281
0,0.5430047431607915,0.0430837994525144,0.4139114573866941
0,0.6291389672215597,0.08141507785475594,0.2894459549236843
0,0.4901360322377918,0.04014861530421533,0.469715352457993
1,0.6181277030901821,0.0644076928096721,0.31746460410014576
0,0.916385382268933,0.015659624609821052,0.06795499312124623
0,0.43507683509367967,0.05897529845119361,0.5059478664551269
0,0.3530733294354677,0.05284802778250446,0.5940786427820275
0,0.914540504966854,0.014961733200812392,0.0704977618323335
0,0.42968766072215325,0.039012069326032496,0.5313002699518141
0,0.8800203299801076,0.024136615475447713,0.09584305454444449
2,0.41731873356937044,0.04508926137583555,0.5375920050547941
2,0.22096396501743876,0.030998145330013726,0.7480378896525474
2,0.7652613390198428,0.02862353800348535,0.20611512297667176
2,0.34085868613073217,0.047906741727983454,0.6112345721412844
2,0.865874070182883,0.028160315802822782,0.10596561401429413
0,0.9166086842898507,0.01451434825989159,0.0688769674502577
2,0.1746313927558997,0.05164443014192491,0.7737241771021753
0,0.4707380334560176,0.06114269922685653,0.4681192673171261
0,0.9166780726204395,0.01449856090780474,0.06882336647175555
0,0.9003421232396274,0.01753493238534502,0.08212294437502722
0,0.8911919612202175,0.020040856677800072,0.08876718210198206
2,0.19811301357826597,0.0508879699253872,0.7509990164963469
2,0.7364395605317554,0.04949021005606437,0.21407022941218073
0,0.9156400650603816,0.014997019223875498,0.06936291571574285
1,0.642792194513968,0.06649924912318476,0.290708556362847
0,0.9140297789555507,0.014673422248257444,0.07129679879619179
0,0.6720769082545268,0.040620441150057196,0.28730265059541593
0,0.9166070629669667,0.014224991231791497,0.06916794580124178
2,0.04181668630536771,0.014784554513632532,0.9433987591809998
0,0.9012481452818611,0.01690764732261146,0.08184420739552732
2,0.4050026328681027,0.05257110769740368,0.5424262594344936
2,0.7033331346743835,0.030818439207436977,0.2658484261181796
2,0.36560612602134035,0.08643075549775558,0.5479631184809042
0,0.3507288492715265,0.04740186072708441,0.601869290001389
2,0.013381085810245238,0.004815313609020583,0.9818036005807342
2,0.5769775295546627,0.06802159256192816,0.35500087788340906
0,0.8931723654148169,0.021972849691829735,0.08485478489335328
0,0.5289849983624384,0.057294733413250164,0.4137202682243115
0,0.7829779967425392,0.04406142576501445,0.17296057749244642
0,0.13497166266000815,0.016693753577543435,0.8483345837624483
0,0.9085133319817106,0.015306699464214708,0.0761799685540746
0,0.5315775312542232,0.05608232066106339,0.41234014808471314
1,0.31378685133842854,0.05793971448781065,0.628273434173761
0,0.5501725265584682,0.03094306133706542,0.4188844121044666
0,0.6967121619868673,0.032763548212084964,0.27052428980104787
2,0.3873106616271243,0.06362778490393607,0.5490615534689397
0,0.6488103546262951,0.062294306405588036,0.2888953389681169
0,0.8985848365497351,0.015935595303621722,0.08547956814664308
0,0.914204945448352,0.015135963663463602,0.07065909088818426
2,0.9121985867125363,0.01593163000058854,0.07186978328687531
0,0.913805529715157,0.015127038910351536,0.07106743137449133
2,0.46683296945962915,0.05024641163679148,0.48292061890357935
2,0.5998283757457664,0.061230841464114644,0.3389407827901192
2,0.09228483535881322,0.05778376576849691,0.8499313988726899
2,0.06852869185477252,0.020953154387694593,0.9105181537575328
0,0.8763812875067295,0.01934352848381382,0.10427518400945672
0,0.9051270873371036,0.014653671584390522,0.08021924107850596
2,0.005880636751425674,0.003210505006889568,0.9909088582416848
2,0.43254540719162127,0.06644362370533159,0.5010109691030472
0,0.7512051670241676,0.032083891627012834,0.21671094134881957
0,0.9131172059631085,0.016148951245382376,0.07073384279150866
0,0.8000010494949964,0.034117523509079095,0.1658814269959245
0,0.4978708631125892,0.05934086205205501,0.4427882748353557
0,0.740666631245273,0.04741333985424467,0.21192002890048225
0,0.8268322494719207,0.029494357838257764,0.1436733926898212
0,0.9122014334881782,0.015583947165253562,0.07221461934656816
0,0.8612260294124221,0.022614051965994166,0.11615991862158377
1,0.5692281073793315,0.08916714787129998,0.34160474474936847
0,0.3714216194583464,0.056735927217484244,0.5718424533241695
0,0.8454307700466428,0.02877175879043351,0.1257974711629238
0,0.8309737466004714,0.034344602263661685,0.1346816511358666
2,0.0626835064318687,0.037376677608568123,0.8999398159595633
2,0.5609489821005514,0.060443809807857046,0.3786072080915916
0,0.6355414753226714,0.04956432480269256,0.3148941998746358
0,0.913716789708829,0.015299260836098194,0.07098394945507286
2,0.5983852012140677,0.047629451165073854,0.3539853476208583
0,0.9134707089174092,0.014830216253683736,0.07169907482890683
2,0.0010625361672130743,0.00236741806422534,0.9965700457685616
0,0.9142263784437943,0.016169264270325726,0.0696043572858799
2,0.7715309154777658,0.02823430443438859,0.2002347800878457
0,0.5415690516442984,0.059486347762851007,0.39894460059285053
0,0.3401736354294107,0.047814938157578354,0.6120114264130112
2,0.007958749390121523,0.007036885494491212,0.9850043651153872
0,0.9121985867125363,0.01593163000058854,0.07186978328687531
0,0.8925507241720181,0.017608970097523692,0.08984030573045818
0,0.8364031485817779,0.03149453224068993,0.1321023191775322
2,0.20209904684859267,0.07161197662932985,0.7262889765220774
0,0.6943415130654913,0.028731673013899537,0.2769268139206091
2,0.15056468150296687,0.03792527251755233,0.8115100459794813
0,0.7789767497651544,0.031975909760673576,0.18904734047417215
