target,prediction_0,prediction_1,prediction_2
2,0.1892516722854493,0.020179009166648616,0.7905693185479021
0,0.9659136072467129,0.01767133953551415,0.016415053217772865
0,0.9743376585822676,0.009385695032935454,0.016276646384797058
2,0.19690337863868104,0.0733496113220142,0.7297470100393046
0,0.820414251562533,0.043904012040353574,0.1356817363971133
0,0.8898924167698782,0.008386357027771768,0.10172122620235005
0,0.7779254825470125,0.021080211392739277,0.20099430606024807
2,0.027476023899019875,0.09919470045426676,0.8733292756467134
0,0.9689322631117495,0.0008066926665349395,0.03026104422171544
1,0.26568754920990906,0.035300250190697643,0.6990122005993934
2,0.0027695881833890443,0.003199664191682525,0.9940307476249284
0,0.815214223089948,0.03121444757074501,0.15357132933930695
0,0.9380803470551605,0.00917882441495716,0.05274082852988221
0,0.9012241400164714,0.022147935692389258,0.07662792429113924
0,0.9363401366765475,0.016229027134317703,0.04743083618913477
2,0.2237796239687908,0.149506544280857,0.6267138317503523
0,0.7019278328928159,0.0030800835245466244,0.29499208358263745
2,0.7118363943677156,0.09854256263352137,0.189621042998763
0,0.875845817954158,0.03283528352115376,0.09131889852468843
2,0.1980263583696153,0.14950614274342156,0.6524674988869631
0,0.9628833356553146,0.013777508398816255,0.023339155945869248
1,0.6642619432794237,0.09934521390661881,0.23639284281395745
2,0.05688315794171563,0.03726470359576433,0.9058521384625201
0,0.9308876016292329,0.021430700351720473,0.04768169801904659
0,0.6614206422019737,0.06078320470462118,0.2777961530934051
0,0.9530504535017846,0.015510069068525817,0.031439477429689534
0,0.9274463258391829,0.007735519698752973,0.06481815446206408
0,0.9860091322234978,0.0020888282784109415,0.011902039498091316
0,0.7122654401670305,0.04597659296212013,0.24175796687084922
0,0.9267826139579781,0.011385271132676303,0.06183211490934559
2,0.17882184606829216,0.02561548537911867,0.7955626685525892
2,0.43873999660520085,0.043969023162202095,0.5172909802325971
0,0.1423480808683762,0.17281799530636444,0.6848339238252594
2,0.45086076761300203,0.08694835897065778,0.46219087341634013
0,0.7359486475647983,0.03188278558122097,0.23216856685398082
2,0.1355459333312928,0.06260400481486654,0.8018500618538406
2,0.8393291167530582,0.045801792786016884,0.11486909046092489
0,0.9226414865619355,0.03826244143709925,0.03909607200096529
0,0.11216138764857,0.02131927104407562,0.8665193413073543
0,0.45386943074912856,0.0501624566371571,0.49596811261371415
0,0.701814808167547,0.030980545994039516,0.2672046458384136
2,0.212359455950218,0.14069418495263894,0.6469463590971429
0,0.8278215869748433,0.018498733506762007,0.15367967951839476
0,0.9736119466183373,0.002699170690494424,0.02368888269116831
0,0.9776426591806286,0.001245855087571402,0.02111148573180001
0,0.7333041942055605,0.09264344656544175,0.17405235922899767
0,0.9382506677065735,0.0009027802577237557,0.060846552035702675
2,0.8489113818105258,0.027951985255406996,0.12313663293406717
0,0.8005431680650338,0.002120117365992848,0.19733671456897345
2,0.719149196607073,0.06462950187134948,0.2162213015215776
0,0.9045794486473286,0.03369092268137889,0.061729628671292544
0,0.9692000454315177,0.005495844679814532,0.02530410988866772
2,0.05822531235244655,0.022654313201161864,0.9191203744463916
2,0.3851257842793494,0.12732768047982118,0.4875465352408293
2,0.01496166967429649,0.005078989334527813,0.9799593409911757
0,0.9369699135026088,0.01044522493986281,0.05258486155752843
0,0.5036977763389666,0.21878712983388804,0.2775150938271454
0,0.8577332909743236,0.04152704198098786,0.10073966704468859
0,0.9078428324055796,0.0033417453605245457,0.08881542223389588
0,0.8829883338421565,0.030280407763579244,0.08673125839426442
1,0.8250446811450293,0.02954032086230139,0.14541499799266933
2,0.6900095752990129,0.06803589423404402,0.24195453046694304
0,0.9116319621383531,0.01642094631414639,0.07194709154750059
2,0.04453784766823535,0.01093117120174831,0.9445309811300163
2,0.2948740726179781,0.06902159060219747,0.6361043367798246
2,0.003445778531821368,4.836370216486292e-08,0.9965541731044765
1,0.9065774414488745,0.004013473982801342,0.08940908456832415
2,0.5001173670806545,0.010021535860849203,0.4898610970584964
2,0.15155433740048027,0.11537346481219812,0.7330721977873216
0,0.9376737979293639,0.007949462818012579,0.05437673925262355
0,0.9710286348926198,0.0013816807932787477,0.027589684314101352
0,0.8540616945745606,0.008886810093026245,0.13705149533241318
0,0.9738482218766255,0.003190539537349703,0.02296123858602482
0,0.9329613907313773,0.01307399320057712,0.05396461606804546
2,0.001014076037895991,0.002809613045150702,0.9961763109169534
2,0.031033130020801925,0.004114752018132357,0.9648521179610656
0,0.9483627062359425,0.0009575889494632439,0.050679704814594245
0,0.6239976035475097,0.0674286337074248,0.3085737627450655
0,0.8982855902297897,0.008572797204042052,0.0931416125661684
0,0.830735354662869,0.02820415746254743,0.14106048787458375
0,0.9751260020685727,0.009616442874203504,0.015257555057223806
2,0.9377481272554125,0.0022778198929394424,0.05997405285164801
1,0.37732084804286875,0.0008695354566388035,0.6218096165004924
0,0.9342463968013583,0.013268258487733175,0.052485344710908544
0,0.8849535727728083,0.015518589378328937,0.0995278378488629
2,0.6355106466103241,0.015780290302618807,0.3487090630870572
0,0.9525356325234706,0.001877282733693575,0.0455870847428356
2,0.17052172561163081,0.27289256985630467,0.5565857045320645
0,0.9582046137670543,0.005177254360374369,0.03661813187257112
0,0.8971213708108652,0.014513835837537714,0.08836479335159717
0,0.9085272173421627,0.010120784708639707,0.08135199794919766
0,0.5397378849465819,0.0328393374370276,0.4274227776163905
0,0.8733568687789475,0.04362611095215554,0.083017020268897
0,0.958994029643911,0.011050010458947388,0.02995595989714163
0,0.9572511943766615,0.006871166354042506,0.03587763926929603
0,0.8861685568152171,0.03868997837840383,0.07514146480637911
0,0.9463059063427349,0.009471125517172795,0.04422296814009219
2,0.016696017905841673,0.016880795011094664,0.9664231870830636
0,0.9544645813905563,0.011819334562649799,0.033716084046793986
0,0.3896378354674548,0.05759854745046234,0.5527636170820829
2,0.02258905755776117,0.0112288470756889,0.96618209536655
2,2.6595686808026462e-05,0.0037222159617053426,0.9962511883514865
2,0.035980542897805286,0.020153899224508148,0.9438655578776867
2,0.0011105913646112444,0.007211773302294502,0.9916776353330944
0,0.9640014377923601,0.010018957062899687,0.02597960514474025
0,0.9527489362129484,0.007405035835433115,0.0398460279516185
0,0.8874838702182654,0.020135474274104913,0.09238065550762965
2,0.4880517909991039,0.05477411365629098,0.4571740953446052
0,0.6280264812960804,0.10988546717534484,0.26208805152857473
2,0.04701399171838576,0.010543032190992183,0.9424429760906221
0,0.9793604419669073,0.0072090767387650466,0.013430481294327543
2,0.3277073721063559,0.15683820581478797,0.5154544220788561
0,0.6890946914739072,0.060637897469358736,0.250267411056734
2,0.13564823133399856,0.09857178521220188,0.7657799834537995
0,0.9287052501586477,0.0030014285010078693,0.06829332134034441
0,0.7026916986349746,0.04096394162714991,0.25634435973787556
0,0.9585900802228609,0.0038397256671175613,0.03757019411002155
0,0.9501954680020137,0.0069975406581030495,0.04280699133988325
0,0.9739603965530856,0.0056274952838438926,0.020412108163070534
2,0.5315981538116701,0.030480274334960554,0.4379215718533695
0,0.8551539923453392,0.020481484653977446,0.12436452300068339
0,0.9182383187364919,0.017705671450654117,0.06405600981285402
0,0.8118857963743965,0.05071712129005898,0.1373970823355444
0,0.9876879355645457,3.4617294087060826e-05,0.01227744714136729
0,0.5586803275478556,0.005550205818252247,0.4357694666338922
0,0.7990348354870478,0.04129717914582598,0.15966798536712629
0,0.981679651664829,0.0026788511422793848,0.015641497192891627
0,0.9154366449018203,0.01611561686237557,0.06844773823580425
2,0.3678720554969448,0.03011643723476304,0.6020115072682921
0,0.9263586805820152,0.047569577917857486,0.026071741500127373
2,0.009641301250323862,0.000618760075645993,0.9897399386740301
0,0.5717948786063312,0.004431960304745354,0.4237731610889235
2,0.008333600673847799,0.01741134083947246,0.9742550584866797
0,0.9362223541301935,0.002525051749170152,0.061252594120636314
2,0.7963240823267704,0.039991868892053445,0.16368404878117607
2,0.4328419602381071,0.021822933848703926,0.545335105913189
0,0.8153852131182379,0.020226968867644333,0.16438781801411795
0,0.9834510373354505,0.0010136998322851545,0.015535262832264337
0,0.9932603219052206,0.00206600719281604,0.004673670901963308
2,0.3798317634462743,0.02643952979278571,0.5937287067609401
0,0.4312334584717021,0.05706931350772605,0.5116972280205718
0,0.08342279140183509,0.10457142154927548,0.8120057870488894
0,0.8463520679932006,0.02225056607580945,0.13139736593098986
0,0.48293197021367046,0.06728896755102083,0.4497790622353086
0,0.9464346618826603,0.02696614427035547,0.026599193846984073
0,0.9217063710417265,0.004327313142297793,0.07396631581597585
2,0.12100915721363678,0.10883885265610704,0.7701519901302561
0,0.9404835326377006,0.006885706154184607,0.05263076120811467
0,0.9258171348249099,0.0280810479370933,0.04610181723799692
2,0.2398208805754393,0.042680828804088786,0.7174982906204719
0,0.920131109805242,0.006154269055671917,0.07371462113908617
2,0.12851621183595746,0.06116390631798189,0.8103198818460605
0,0.958091845689158,0.007641608008362781,0.03426654630247913
0,0.9566997807992726,0.012307680863445254,0.030992538337282195
0,0.44490125084565835,0.08669696464986422,0.46840178450447756
0,0.8150699703338898,0.01415566798578056,0.1707743616803297
2,0.011825975123260054,0.0015245845472778815,0.9866494403294621
2,0.006449290120765751,7.278709304139445e-05,0.9934779227861927
2,0.5009973727586797,0.03494181702321776,0.4640608102181024
0,0.9615333855761042,0.0004435536715676709,0.038023060752327933
0,0.01956095800695317,0.06076794182377015,0.9196711001692767
0,0.9675616792692563,0.00040351795809092045,0.03203480277265269
2,0.835306012755052,0.016837043538619728,0.14785694370632818
2,0.7489759759202637,0.04551170376730021,0.2055123203124362
0,0.9174470932012305,0.004798683735694363,0.07775422306307511
2,0.18131706499405528,0.08132791392312881,0.7373550210828159
0,0.9272805776603044,0.03255069043404296,0.040168731905652476
2,0.00012815046659472764,0.005215264388153211,0.9946565851452521
2,0.8392966804952203,0.025724247564383608,0.13497907194039607
0,0.9015392162629796,0.023804350119122793,0.07465643361789762
0,0.5669882108076407,0.13346713374701236,0.299544655445347
1,0.375006292701445,0.1046403849823516,0.5203533223162035
2,0.02680000772142845,0.03370479071855305,0.9394952015600184
0,0.829453094428343,0.049841837750836476,0.12070506782082034
2,0.3125590646428236,0.09416940760212406,0.5932715277550523
2,0.03315988927662489,0.024808869902062682,0.9420312408213124
0,0.9177274536610818,0.005020535489150913,0.07725201084976735
0,0.01861407596519716,0.012376583708662335,0.9690093403261404
2,0.23992996977877903,0.0766627804055427,0.6834072498156784
0,0.9712008169115544,0.002090532191520408,0.026708650896925187
0,0.10567232803941141,0.05740642658705611,0.8369212453735324
0,0.724667450535946,0.039154368259988644,0.23617818120406545
2,0.0012887808622612659,0.0004158585809489897,0.9982953605567897
0,0.932306760584926,0.005300785389380741,0.06239245402569331
2,0.1981238554833873,0.16420215207783495,0.6376739924387776
2,0.42885667959759194,0.0803463099426173,0.49079701045979074
1,0.30424043143526075,0.17072180663732767,0.5250377619274116
0,0.6432808927408497,0.01746228742411458,0.33925681983503575
2,0.6231163689962844,0.008536105334224735,0.36834752566949097
2,0.26807209701013507,0.21272210091012636,0.5192058020797385
0,0.3629064550626467,0.18686165433122737,0.4502318906061259
0,0.9676613366527222,0.005739230871158757,0.02659943247611889
0,0.8281157547247655,0.05890263936911956,0.112981605906115
2,0.07634436153781962,0.0006285093933851102,0.9230271290687952
2,0.30364626894146524,0.06300869318880588,0.633345037869729
0,0.8853352885644238,0.014477582079635273,0.100187129355941
0,0.6629085386550928,0.06671123359933515,0.27038022774557213
0,0.9407904337563724,0.01655759721082654,0.04265196903280099
2,0.9127267136248856,0.005329979963731843,0.08194330641138256
0,0.9548014796662662,0.006537753897398894,0.038660766436334856
0,0.9451732790503484,0.004948938995575685,0.049877781954076016
0,0.9492057144156455,0.004496978776320854,0.04629730680803355
2,0.7619628798232196,0.038465081340846946,0.19957203883593336
0,0.9549340422057125,0.018935599453762615,0.026130358340524833
0,0.9385410076642177,0.00013848587702380822,0.0613205064587584
0,0.17896567342883762,0.013277734284871806,0.8077565922862907
0,0.9495079281827341,0.0005440163013807099,0.04994805551588526
2,0.716417024186015,0.1489680739174982,0.13461490189648673
0,0.95478119593197,0.014176182765762527,0.03104262130226761
2,5.8423138549783706e-05,0.0005168205637238874,0.9994247562977264
0,0.8726345985606884,0.03195299747315187,0.09541240396615981
2,0.7569388148424012,0.06337005574694221,0.1796911294106566
2,0.20185044392831164,0.08809020768760918,0.7100593483840792
2,0.046022950703797035,0.021457566447231697,0.9325194828489713
0,0.6936421050826105,0.07284149225956994,0.23351640265781956
0,0.9211647569622035,0.02250719979392405,0.056328043243872486
0,0.93233945853861,0.011171130290313951,0.05648941117107589
0,0.9185224782264548,0.04638178620138066,0.035095735572164576
2,0.9577594868184317,0.01718698042191185,0.025053532759656518
0,0.9595407433229934,0.007781896319057685,0.03267736035794884
0,0.10687524456296922,0.10571547730209636,0.7874092781349344
0,0.9930023471957332,8.076553888018695e-05,0.0069168872653866675
2,0.9082127561481502,0.011999484964281845,0.07978775888756796
2,0.7674017393294933,0.12896308550439184,0.10363517516611484
2,0.08899206469824944,0.03100659462655855,0.8800013406751921
0,0.9310466726559158,0.009818833682781438,0.05913449366130288
0,0.8057431310962616,0.0471533556887732,0.14710351321496518
2,0.2811113529646459,0.08791294294997654,0.6309757040853776
2,0.09953624957965884,0.020750268827435442,0.8797134815929056
2,0.07143113388087058,0.014226572603435276,0.9143422935156942
0,0.9254030908890467,0.007095292044456841,0.0675016170664964
2,0.011727747129356828,0.0013698447959947467,0.9869024080746485
0,0.7503196514829921,0.032099094690631075,0.217581253826377
0,0.8086350937096197,0.00741095471598337,0.18395395157439687
0,0.13960795465949485,0.06343159919713726,0.7969604461433678
0,0.2464758626417041,0.07743791122010471,0.6760862261381911
2,0.4822351938000417,0.017665726938566297,0.500099079261392
2,0.9319500856911049,0.013584892585026855,0.05446502172386813
0,0.9565168440341906,0.0047399407822918535,0.038743215183517685
2,0.31774810633107664,0.007486674016401356,0.674765219652522
2,0.07333670958331213,0.04409609998605221,0.8825671904306357
0,0.9043841090036892,0.028521885501407468,0.0670940054949035
0,0.9783059512156083,0.0022512357065483718,0.01944281307784327
0,0.9930956991904102,5.592721769792397e-05,0.006848373591891876
0,0.8279841861924704,0.010845966611455052,0.16116984719607466
2,0.006845210033812663,0.0006914769444977701,0.9924633130216894
0,0.06681482108776896,0.36733292244203314,0.5658522564701979
0,0.8814830419538986,0.015322524769331929,0.10319443327676937
2,0.13515704031808193,0.008889561781087909,0.8559533979008302
0,0.9411824569237272,0.004567145553093143,0.05425039752317956
0,0.44075220239306984,0.11303120235524886,0.4462165952516813
2,0.14115309205797152,0.012959605563498575,0.8458873023785298
2,0.085199960739234,0.04374336401501531,0.8710566752457506
1,0.01561587746551126,0.0014594034484084353,0.9829247190860804
0,0.9875925299550741,0.0023708184839577595,0.010036651560967998
0,0.9539108348866941,0.013745117949111237,0.032344047164194624
2,0.23571385757746435,0.010836999635400827,0.7534491427871348
0,0.9357014905717362,0.009369276170579935,0.054929233257683924
0,0.9545214874012826,0.0015801059988084939,0.04389840659990887
1,0.6706991476608519,0.0806618847307094,0.24863896760843882
0,0.8693734802817848,0.027305670445511965,0.10332084927270321
2,0.3494569989861348,0.04440272813569916,0.6061402728781661
0,0.23842863205226858,0.1012443480992398,0.6603270198484916
0,0.9398743606075293,0.019948184097400155,0.040177455295070455
2,0.07515556745544778,0.08112059989224979,0.8437238326523024
0,0.24229980605260293,0.23358566864051472,0.5241145253068824
0,0.2572038875805411,0.12026373436656133,0.6225323780528976
0,0.6615714937012437,0.06705245606474207,0.2713760502340143
2,0.8960724917107479,0.0221348443797833,0.08179266390946877
2,0.04914297102616755,0.01638082017130247,0.93447620880253
0,0.8531573843598491,0.08386209881452024,0.06298051682563066
2,0.07080764544390543,0.017603096940141442,0.9115892576159531
0,0.9305912682184144,0.021146177029008523,0.04826255475257703
2,0.8429646437728257,0.07599247227967504,0.08104288394749933
0,0.7683321753131979,0.04638322766634803,0.18528459702045405
0,0.6509731857405223,0.05711284067385776,0.2919139735856198
2,0.7773205943118301,0.032292568349539426,0.19038683733863043
0,0.5699246271780404,0.13245423344980958,0.29762113937215007
2,0.33857492210231394,0.032459552586470986,0.6289655253112151
0,0.9509795230098369,0.00749949899082191,0.041520977999341194
2,0.9652188511155085,0.0016766564509529175,0.03310449243353853
0,0.984377316253167,0.007915587746962497,0.007707095999870439
0,0.8273389070800936,0.028137747320385653,0.1445233455995206
0,0.6264131728954938,0.12214942095133634,0.25143740615316984
0,0.9588763083554294,0.009285198717336355,0.03183849292723427
2,0.11574397753492285,0.03803823731631806,0.8462177851487591
0,0.48620116332490343,0.03290059079329255,0.48089824588180397
0,0.8137322260774743,0.0036521105931217003,0.182615663329404
2,0.007462218651786744,0.0026236918661062306,0.9899140894821071
0,0.9694898251620829,0.0050907952308374485,0.025419379607079594
0,0.979737767976144,0.009603702251635227,0.0106585297722208
0,0.9058161664172562,0.03694571298957676,0.05723812059316707
2,0.03370259219215984,0.04811727424606121,0.918180133561779
2,0.004816761274843092,0.0006332593331936998,0.9945499793919633
2,0.125686596009498,0.016100807330175042,0.8582125966603269
2,0.032713698376401666,0.08744425592995135,0.8798420456936471
2,0.43106655201334276,0.007610491649548112,0.5613229563371092
2,0.13524065978836564,0.034261649784877356,0.830497690426757
0,0.9278816755416338,0.004575910638090451,0.0675424138202758
0,0.9665338657791852,0.0007262547235519466,0.032739879497262904
0,0.9510087091137956,0.005697726038302108,0.0432935648479023
1,0.30871300057119605,0.22457835225967052,0.46670864716913346
1,0.8725601035321523,0.02346880927201721,0.10397108719583056
0,0.8675197178505356,0.008733643568865704,0.1237466385805988
2,0.14099380933320538,0.1570685813774415,0.7019376092893531
2,0.9261921480830024,0.018560578511495267,0.05524727340550224
0,0.558928009653833,0.083423747417794,0.35764824292837294
0,0.9433604266278379,0.005615252387943976,0.051024320984218004
0,0.9201126249413197,0.008354952125287002,0.07153242293339332
2,0.05641677657495623,0.06921583244096427,0.8743673909840796
0,0.2620107819644087,0.017424352454600976,0.7205648655809903
0,0.8428555225468544,0.010910508264167396,0.1462339691889782
0,0.9075283040244793,0.01489222194194063,0.07757947403358016
2,0.5374344722772365,0.0050299662457732154,0.45753556147699026
0,0.9607193914507618,0.011152846142831473,0.028127762406406766
0,0.9537310768784701,0.007047832597821214,0.0392210905237086
0,0.6622014856140706,0.16872633664788406,0.16907217773804536
0,0.8741478441814012,0.01856606707451664,0.10728608874408214
0,0.9049631200127217,0.0018086966264480686,0.09322818336083022
2,0.5049356600946237,0.09427338363993608,0.40079095626544026
0,0.9501644528988484,0.005197421955958571,0.04463812514519308
0,0.8848479853661965,0.025608505705008625,0.08954350892879495
0,0.9421199565190818,0.004885230141149565,0.052994813339768645
2,0.7589150536977005,0.05148365935875798,0.18960128694354145
0,0.5872843023865352,0.0209899204824725,0.3917257771309922
0,0.6023562914885611,0.039382445221555575,0.35826126328988345
2,0.005117648992794113,0.03013537575260561,0.9647469752546003
0,0.8070005460125782,0.005694122586089379,0.18730533140133251
2,0.2646461492985352,0.14694160141650806,0.5884122492849568
2,0.43769661324010006,0.0628320284390795,0.49947135832082046
0,0.9120001286883241,0.013239002443241622,0.07476086886843436
0,0.8898330773838629,0.024022323662074987,0.08614459895406207
0,0.6029791944530739,0.027805178510750185,0.36921562703617594
2,0.22807655504017707,0.07986590023705391,0.692057544722769
0,0.9836489310550426,0.008710321114650046,0.007640747830307251
2,0.9726749060164739,0.0065181919417203775,0.020806902041805783
2,0.1192582293972123,0.020736061420643388,0.8600057091821444
0,0.9392048939320604,0.0021775616691919147,0.05861754439874775
0,0.9353965650345527,0.004556934953673053,0.06004650001177419
2,0.02223477673573445,0.008597639449024246,0.9691675838152413
0,0.2514633862340088,0.13667304186618356,0.6118635718998076
0,0.7385963645641281,0.00673892890331844,0.25466470653255346
0,0.8724225886138307,0.028854571503823537,0.0987228398823457
0,0.9366189750898708,0.009923072862096953,0.05345795204803209
0,0.8879495165793304,0.008542652814192012,0.10350783060647754
2,0.11902280382701015,0.039428515222215486,0.8415486809507744
0,0.9555706306812787,0.0031494480106287947,0.04127992130809237
0,0.8157071135949885,0.04845044500841132,0.13584244139660018
1,0.3009718282459593,0.06825631314353256,0.6307718586105081
0,0.40907737999702304,0.01258615753686235,0.5783364624661147
2,0.4325901026927946,0.012119516803289699,0.5552903805039158
2,0.5946030832314093,0.03297149565378995,0.37242542111480076
0,0.94149393846737,0.023601324007038835,0.03490473752559128
0,0.951846566045185,0.0062358754114681635,0.041917558543346854
2,0.040766133993921476,0.016477259977906878,0.9427566060281717
0,0.9331805009900794,0.00967247245208856,0.057147026557832103
2,0.0995948164226832,0.030037459454276483,0.8703677241230404
0,0.9769063266907508,0.0004959295972147434,0.022597743712034338
0,0.8701735114473371,0.024641643310774192,0.10518484524188863
0,0.8724430917704535,0.035214139717788855,0.09234276851175745
0,0.9681284656281552,0.0024528829638818125,0.02941865140796307
2,0.2994271245218355,0.005221725037218488,0.6953511504409461
0,0.9486884396139977,0.0037984927407733148,0.04751306764522908
0,0.9226954679705462,0.013997968801476642,0.06330656322797697
0,0.7922175462274738,0.03370306287540589,0.17407939089712032
0,0.8799556868166629,0.023061423276614052,0.09698288990672288
2,0.1090630161913434,0.10044847411964739,0.7904885096890092
0,0.9023664510957569,0.0184366279194874,0.07919692098475582
0,0.3930702015761697,0.059364332870946515,0.5475654655528839
0,0.6482842225595125,0.07594841377749095,0.27576736366299665
0,0.8801450820914657,0.043337935525677156,0.0765169823828572
2,0.1994002950142994,0.0633794359814755,0.7372202690042251
2,0.24419493781766416,0.0641190959479286,0.6916859662344073
0,0.3908306192157269,0.005036221810859975,0.6041331589734131
0,0.8631796878074703,0.032649470994348596,0.10417084119818108
2,0.7723089617405049,0.0017499660726434027,0.2259410721868516
0,0.8526397213235023,0.0516098953817705,0.09575038329472724
0,0.9597456366748116,0.009635368863726415,0.030618994461461935
0,0.968030600739653,0.007513941439141408,0.024455457821205662
0,0.977573478464123,0.005809602362346834,0.016616919173530167
0,0.9958306991991828,0.001992093846753711,0.0021772069540636134
0,0.5147405302654463,0.0487053723603054,0.4365540973742483
2,0.01673886124812444,0.05712329613542981,0.9261378426164457
0,0.7625902110950326,0.0015423349480525878,0.2358674539569149
0,0.6075268868308571,0.06966074061577326,0.3228123725533696
2,0.33125848942075736,0.08209638296339422,0.5866451276158484
2,0.31495869749106614,0.017907601346035938,0.6671337011628979
2,0.21408329664175782,0.0887072819383647,0.6972094214198774
0,0.4398871906825364,0.0033812642147581784,0.5567315451027055
0,0.8998183603648937,0.028316898287406012,0.07186474134770031
0,0.8076154485236579,0.020727602605649823,0.17165694887069224
0,0.6284387613967952,0.02067881226047577,0.350882426342729
2,0.8115362563692328,0.04864695187936957,0.13981679175139777
0,0.896515400726389,0.03393035254161492,0.069554246731996
2,0.49313800097208327,0.14332904658576387,0.3635329524421528
0,0.9113751691726015,0.025268215741670978,0.06335661508572758
0,0.9139974418119342,0.014526588785949195,0.0714759694021165
0,0.0075992565203378045,0.0007220785865938202,0.9916786648930684
0,0.7130219625449719,0.020473074849299017,0.26650496260572915
2,0.5173463323812513,0.08106142284615399,0.40159224477259464
0,0.680634419343391,0.1443154132492267,0.17505016740738233
0,0.9257118000338804,0.008759230108117657,0.06552896985800193
0,0.8532113979037329,0.05475945082844028,0.09202915126782672
2,0.9727787954029681,0.002141565418788357,0.0250796391782436
0,0.906267116326414,0.0066253630274570215,0.0871075206461291
0,0.32740627106568093,0.2282046470978713,0.44438908183644765
1,0.07004057450676901,0.058749613293403655,0.8712098121998274
0,0.8757553908488597,0.026748299749755147,0.09749630940138518
0,0.9893896249313391,0.00465206534105756,0.005958309727603279
0,0.8142446990655495,0.03118796689591542,0.15456733403853495
0,0.8607592685888813,0.005473826899612892,0.13376690451150575
0,0.880678314346742,0.024214555145542348,0.09510713050771562
0,0.9233189641225688,0.007777179902414323,0.06890385597501693
2,0.21533115828302024,0.03963167986574219,0.7450371618512376
2,0.3168914214077008,0.007367658621822372,0.6757409199704768
0,0.8888509689962264,0.020972531860448954,0.09017649914332464
2,0.7179368415098506,0.014370451708497269,0.26769270678165213
2,0.06550818198044428,0.01758094983967878,0.9169108681798769
0,0.9714726837696541,0.0005140990782052931,0.02801321715214059
0,0.9426502513797668,0.013920257016284089,0.043429491603948975
2,0.6023360771128473,0.056862839435105755,0.34080108345204696
0,0.7838715742042531,0.005384789033516345,0.21074363676223057
2,0.09158404803868163,0.035801174170513095,0.8726147777908053
0,0.7542169202631605,0.0009281004893842649,0.24485497924745517
2,0.10110727546164953,0.027053122997747238,0.8718396015406032
2,0.00871863739931017,0.029939414342345847,0.961341948258344
2,3.9288236048887595e-06,0.02997306518724389,0.9700230059891513
2,0.028586302014376272,0.07081731833688873,0.900596379648735
0,0.9777064883080935,0.0029601684372680464,0.019333343254638476
0,0.9096015038439933,0.007792822250374235,0.08260567390563243
1,0.2281127637226344,0.056175953167965254,0.7157112831094004
2,0.10241008574052592,0.06537396017057455,0.8322159540888995
0,0.9524208370154066,0.0038440144569126043,0.04373514852768068
2,0.40086160721026765,0.1253964092659475,0.4737419835237849
0,0.1841730558426287,0.041248874348444826,0.7745780698089264
0,0.5763623470031264,0.06260971846227244,0.3610279345346011
0,0.7280516179546379,0.08357744474473265,0.18837093730062954
0,0.9243782287030553,0.008294602587720815,0.0673271687092239
0,0.8119611871706739,0.007791543280095244,0.18024726954923087
0,0.5923501737799608,0.08142779565325978,0.3262220305667793
2,0.5125952061740583,0.10482914910037457,0.38257564472556715
0,0.8660685996921335,0.02372561963032297,0.11020578067754375
2,0.8769494106304592,0.014792810108858854,0.10825777926068203
2,0.054843071344656644,0.0162006081992936,0.9289563204560497
0,0.9805991051304935,0.00773597264348402,0.011664922226022407
0,0.9745539154343607,0.006642585975634548,0.0188034985900048
0,0.9417594544396501,0.0143800921468584,0.0438604534134915
0,0.9530160459895564,0.012509853794820372,0.03447410021562342
0,0.9821336690356242,0.005397316929381131,0.0124690140349945
0,0.9508572464106773,0.013961450849387845,0.035181302739934854
0,0.8909643907646962,0.02836861093136745,0.0806669983039363
0,0.9708069192587238,0.0009700777749878635,0.028223002966288394
2,0.1541278384423162,0.0754940682781001,0.7703780932795836
0,0.9403701723322242,0.009701290544108412,0.04992853712366742
2,0.11596250763917984,0.024715648074501276,0.8593218442863189
0,0.9370969560397604,0.005662436011920312,0.05724060794831913
2,0.05226711120627378,0.008733037546568286,0.9389998512471579
0,0.9562694748294432,0.007766201099347159,0.035964324071209704
2,0.00010107888610102702,0.0190121038387498,0.9808868172751491
2,0.4204010715041779,0.23675737969154825,0.34284154880427387
0,0.9318242341197968,0.02213457582063058,0.04604119005957263
2,0.00068432850011583,0.0005000052876024474,0.9988156662122817
0,0.9392156425803871,0.007529264702008345,0.05325509271760455
0,0.9406571334823464,0.012461918558810597,0.04688094795884291
0,0.8917521113282755,0.003355992646408781,0.10489189602531555
2,0.3486776269178912,0.18348398923176396,0.46783838385034476
0,0.97189760333218,0.006315554440016506,0.021786842227803506
0,0.6247272752841099,0.07688392322945119,0.29838880148643904
2,0.022480597432997095,0.09528232386691302,0.8822370787000898
2,0.031249912652677323,0.03273552108291322,0.9360145662644095
2,0.38086341738329355,0.014864657894132199,0.6042719247225743
2,0.003404312656579275,0.02076578046937239,0.9758299068740484
2,0.005161080690877696,0.0029537090102081695,0.9918852102989142
0,0.7351906216675604,0.0072277205597482,0.25758165777269126
2,0.016148313047441964,0.008615249489162629,0.9752364374633954
2,0.19044356373960655,0.013620493080342575,0.795935943180051
2,2.1323850267436248e-05,0.001424229588285657,0.9985544465614469
2,0.08697627670030575,0.02015641466299637,0.8928673086366978
0,0.8100572224830807,0.07037423394406948,0.11956854357284981
2,0.6410320369209643,0.00884008855282234,0.3501278745262133
0,0.9331655153887463,0.018627448286995932,0.04820703632425776
0,0.8835759236294409,0.011508551033196897,0.10491552533736215
0,0.8881906921561832,0.03756247626041965,0.07424683158339704
0,0.7467625404269589,0.020318091862944806,0.23291936771009628
0,0.8135149822219061,0.0016387090642487913,0.1848463087138452
0,0.9854984773025481,0.0043955228748723246,0.010105999822579405
2,0.2630090357793162,0.08015014165292703,0.6568408225677568
2,0.5167856486074606,0.044683218934338055,0.4385311324582013
2,0.8480496202570159,0.0168290937225496,0.1351212860204345
2,0.24644749383937753,0.05210161835912243,0.7014508878015
2,7.650210910297165e-05,0.0006968908446324368,0.9992266070462645
0,0.9540618462478441,0.013201614003383677,0.0327365397487723
2,0.04027286880571118,0.09435924005225518,0.8653678911420337
2,0.009893454035999708,0.008192177955547695,0.9819143680084527
0,0.9316894729193347,0.009671428837017488,0.058639098243647755
0,0.8694021739217709,0.025972822120767427,0.10462500395746165
0,0.826913039029692,0.03334511841281423,0.13974184255749372
2,0.030490527738999608,0.012287928675661735,0.9572215435853387
2,0.05044656451163865,0.011963913782644029,0.9375895217057172
1,0.8762779256036018,0.05808194953581331,0.06564012486058492
0,0.06866155464301893,0.026273931352210008,0.9050645140047711
0,0.7561238625872717,0.00905122727366061,0.23482491013906778
2,0.6504744832855979,0.020495592229506726,0.3290299244848955
0,0.8842656819292798,0.03372277656729677,0.0820115415034234
0,0.49980416296807595,0.10841848151184877,0.39177735552007525
0,0.9475662369447589,0.0027255680154984244,0.049708195039742664
0,0.5471107364805895,0.05380164345736285,0.3990876200620477
2,0.003410358822950058,0.07555603794360907,0.921033603233441
2,0.00026416146995021585,0.0020824519517936425,0.9976533865782561
2,0.12344189088543375,0.07286018384985278,0.8036979252647135
2,0.8994395465551727,0.010846199921740718,0.08971425352308646
0,0.17842430147536778,0.06014656776446068,0.7614291307601716
0,0.5934614650699023,0.15312556162710547,0.2534129733029921
2,0.5270048915065412,0.08663474501166361,0.38636036348179514
0,0.9157645846249431,0.03829686670843124,0.04593854866662556
2,0.6841865421675407,0.013770555627767496,0.3020429022046917
0,0.9200529984687134,0.018359009453904118,0.06158799207738244
0,0.8400360015923444,0.0011581328458817209,0.15880586556177398
2,0.25435600335027786,0.03911933838834351,0.7065246582613787
2,0.7029946623751061,0.01486591960356696,0.2821394180213269
0,0.9164453423829548,0.02388568944617295,0.0596689681708724
0,0.6620252699292727,0.027945381031393723,0.31002934903933366
2,0.3486381130115196,0.17412630380320548,0.4772355831852749
1,0.3517506527831895,0.1347910330750233,0.5134583141417872
0,0.7269085411996662,0.012623768461643585,0.2604676903386903
2,8.811079117007456e-05,0.00219989817589519,0.9977119910329347
0,0.8841962045213753,0.014627825980298693,0.10117596949832608
0,0.3199341225026022,0.04009936945711968,0.639966508040278
0,0.9786493571636306,0.0003862328860585371,0.020964409950310847
2,0.022180414776309595,0.004459433164383259,0.9733601520593071
1,0.2281699326847346,0.08698212319626371,0.6848479441190017
0,0.9519183641782362,0.00887221583999304,0.0392094199817709
2,0.1334940793528313,0.009308198102796822,0.8571977225443719
0,0.940325462717805,0.00207444855898421,0.05760008872321072
0,0.9569394196360554,0.00320739734394004,0.03985318302000468
0,0.6626995516443096,0.06716833991254642,0.2701321084431439
1,0.7433137607681697,0.06867253471774908,0.18801370451408142
2,2.3748044468924982e-05,0.00042887575568028186,0.9995473761998507
2,0.4626849470193146,0.08978444563536563,0.4475306073453198
2,0.1883619645967668,0.09318103164316928,0.718457003760064
2,0.33616336442996847,0.03624934790991314,0.6275872876601184
2,0.27697887629516593,0.09502586280394323,0.6279952609008909
0,0.9214030122865068,0.012450354658019106,0.0661466330554742
2,0.3218913432329394,0.017781365025942037,0.6603272917411186
0,0.1407527291904391,0.0077130715666008905,0.85153419924296
1,0.008899550925414258,0.019136506714404082,0.9719639423601817
2,0.08606461091538178,0.06799774686709939,0.8459376422175188
0,0.8968039522598117,0.01727726932363508,0.08591877841655314
2,0.035581385181469215,0.004646292911034124,0.9597723219074967
0,0.9274997187598747,0.009994413505738325,0.06250586773438696
0,0.6019187215080418,0.04696872360313191,0.3511125548888263
0,0.9381113679837022,0.005033161271116513,0.056855470745181234
2,0.06259605716294998,0.005663953235144967,0.9317399896019051
0,0.9284227339820449,0.004134692702096498,0.06744257331585858
2,0.052204777795525244,0.0661306529283255,0.8816645692761493
0,0.9291091596735636,0.019374609295935413,0.05151623103050116
0,0.9700055155730972,0.018479651584880897,0.01151483284202182
2,0.17156053079738667,0.12219159242545366,0.7062478767771597
2,0.07259568824258858,0.006134503407077146,0.9212698083503343
0,0.6537306541092986,0.07201417212167185,0.27425517376902964
0,0.942745008123649,0.025661526445633784,0.031593465430717164
0,0.9586829295209127,0.008673620097258278,0.032643450381828996
0,0.8744280955957682,0.0006912634947041735,0.12488064090952755
2,0.9629725820861164,0.004506641037586597,0.0325207768762971
0,0.9642982643034674,0.013661903748591442,0.02203983194794119
0,0.6356108274721364,0.058337686653268356,0.30605148587459524
0,0.5685122887572552,0.08320499760864496,0.34828271363409985
0,0.9345869285454836,0.007618413990247048,0.057794657464269206
1,0.6948801038327806,0.11738848723894729,0.187731408928272
0,0.9465597190004836,0.020140640441661445,0.033299640557854865
0,0.26841020788880016,0.02580424732061715,0.7057855447905828
0,0.17078257404148106,0.06299687844361422,0.7662205475149048
0,0.9202696787289595,0.008844573139513558,0.07088574813152704
0,0.29924482073247055,0.014438829007073314,0.6863163502604561
0,0.9009151866043117,0.024008526764929705,0.07507628663075862
2,0.5842491346691612,0.0287052154515664,0.3870456498792724
2,0.03846320489351969,0.011795750738585641,0.9497410443678947
2,0.9146567350061344,0.02493851347836558,0.060404751515499844
2,0.4324407543515659,0.04038833402080427,0.5271709116276299
2,0.9304713625205256,0.0180634536048791,0.05146518387459536
0,0.9764342900077746,0.008611648431686549,0.014954061560538873
2,0.3516796856716366,0.06726230123139165,0.5810580130969718
0,0.6443086946353629,0.06524822855243599,0.2904430768122011
0,0.9521845745294129,0.0029247868291468,0.04489063864144032
0,0.943352315506442,0.009205430037366314,0.04744225445619161
0,0.8985370746871054,0.02431418014361545,0.07714874516927907
2,0.06225217658955613,0.058963992222471034,0.8787838311879728
2,0.7515244175868981,0.06542228447697945,0.18305329793612246
0,0.9709663507159707,0.0028975390812258418,0.02613611020280344
1,0.5123885194398774,0.12778674970147585,0.35982473085864675
0,0.9677653881443474,0.003987703096166516,0.02824690875948601
0,0.5878128020379167,0.18245308761565374,0.22973411034642952
0,0.9169993610025369,0.002552535160439629,0.08044810383702346
2,0.038680030608790904,0.008642557912119118,0.9526774114790899
0,0.9739186282512773,0.008400104142270695,0.017681267606452142
2,0.1023181359719766,0.04801831640868417,0.8496635476193392
2,0.7291989444629945,0.022866218207522795,0.2479348373294827
2,0.3456308284016831,0.07271122030183637,0.5816579512964805
0,0.06370150199860314,0.019761677601004172,0.9165368204003926
2,1.4431800016857458e-06,7.892074069056073e-05,0.9999196360793077
2,0.6924609042455324,0.09535300205741067,0.2121860936970571
0,0.9012907818091124,0.015415108745194382,0.08329410944569313
0,0.2771394181756729,0.06791349423203397,0.654947087592293
0,0.8680191842292257,0.02561588850707824,0.10636492726369597
0,0.0020272280005685724,0.00838505470579643,0.9895877172936349
0,0.9480381537506184,0.004982798466016409,0.046979047783365174
0,0.1631993464186308,0.18678382365968096,0.6500168299216882
1,0.20296683286803985,0.1271379469015576,0.6698952202304026
0,0.46220740956122747,0.01121539909718945,0.5265771913415831
0,0.8555389206430094,0.035263388457621635,0.10919769089936902
2,0.10844253781335612,0.056450724411732364,0.8351067377749116
0,0.3164456586437797,0.024964762104265313,0.6585895792519549
0,0.9191738542600925,0.0276817224426337,0.053144423297273875
0,0.9326250693351921,0.00984148385360254,0.05753344681120534
2,0.9590458991042362,0.006325175509981348,0.03462892538578252
0,0.9826652732375023,0.0011887112996334186,0.016146015462864295
2,0.2810906944423033,0.021706911458444906,0.6972023940992519
2,0.45751485868319536,0.21931269576253898,0.3231724455542656
2,0.17086796003922292,0.010182982541369512,0.8189490574194076
2,0.00226686991337911,0.02598692378330425,0.9717462063033167
0,0.77481103375825,0.006866912887906445,0.21832205335384364
0,0.9746535711766723,0.00491363561216246,0.02043279321116531
2,0.005245831468185679,0.0008665337861522067,0.9938876347456622
2,0.375209267589678,0.14492353466046665,0.4798671977498553
0,0.9259532327812456,0.012016601973830929,0.0620301652449233
0,0.9790130097447755,0.0013907041684708815,0.019596286086753557
0,0.9250099424501503,0.017931733002208933,0.057058324547640836
0,0.2678109603679628,0.08067133435013062,0.6515177052819066
0,0.7979186389711976,0.08255593674873798,0.11952542428006457
0,0.9593450183786176,0.010857773614968815,0.029797208006413688
0,0.9436827449004539,0.013327500062286345,0.04298975503725974
0,0.7154258559962212,0.009469202521597475,0.27510494148218134
1,0.5108130154588731,0.02115501711301884,0.46803196742810793
0,0.18059950218162696,0.08391820320573601,0.7354822946126371
0,0.937281494756128,0.00849062774593099,0.05422787749794104
0,0.7882172700671968,0.07445827357851982,0.13732445635428345
2,0.0014851890700028102,0.0072658741427004524,0.9912489367872968
2,0.6658967170830874,0.022218944477718782,0.3118843384391939
0,0.5943195999465111,0.02180592548046728,0.3838744745730217
0,0.952840552966012,0.009967207469921918,0.03719223956406611
2,0.22177387002061522,0.07230788193714774,0.705918248042237
0,0.9594685727842329,0.002290864243621756,0.038240562972145134
2,7.141045937705233e-05,0.00013371374516122757,0.9997948757954618
0,0.8900044541618645,0.001442133316755793,0.10855341252137962
2,0.9369801684915791,0.008854717388950103,0.05416511411947075
0,0.6255296215904569,0.1740745159812492,0.2003958624282938
0,0.6063184078228382,0.001760574732551582,0.39192101744461033
2,0.0037998740459701252,0.0025477354057431593,0.9936523905482868
0,0.9525559765538971,0.006344449752965811,0.041099573693137305
