target,prediction_0,prediction_1,prediction_2
2,0.1781025860065019,0.04953424381918928,0.7723631701743086
0,0.7256801132135836,0.03325294662931054,0.2410669401571058
0,0.8971668926356399,0.018693177361737805,0.08413993000262221
2,0.21557638045012878,0.1230231862649371,0.6614004332849341
0,0.613224971637961,0.03923122707857118,0.34754380128346785
0,0.7709500357075681,0.022001464402037856,0.207048499890394
0,0.8779238433482518,0.026408989127793422,0.09566716752395486
2,0.05904380235551656,0.03304483485842835,0.9079113627860549
0,0.9250959273576271,0.012048121301634051,0.06285595134073868
1,0.34806297047805024,0.05842758753669784,0.593509441985252
2,0.05102072134384394,0.00886022224042175,0.9401190564157342
0,0.7974138535880577,0.020799136401864225,0.181787010010078
0,0.7889454211332716,0.025213769109921198,0.18584080975680708
0,0.8755462029923647,0.021504040625291487,0.1029497563823439
0,0.8808478830120053,0.024064696929820644,0.09508742005817393
2,0.33321080825955873,0.06621098153641222,0.600578210204029
0,0.8375826987844793,0.024168863462779563,0.13824843775274126
2,0.6294711309267819,0.0936804214492877,0.27684844762393007
0,0.8918142834134224,0.021606186620788736,0.08657952996578874
2,0.3632066942433588,0.06322397032294605,0.5735693354336951
0,0.7731302573735099,0.03006631836093325,0.19680342426555694
1,0.47684500369213184,0.07459181392235137,0.44856318238551685
2,0.1561909410122244,0.047550010133952214,0.7962590488538231
0,0.9078706270446536,0.01825018523839665,0.0738791877169496
0,0.5629499024701639,0.08977137551515998,0.34727872201467597
0,0.8973691699058777,0.022702165826740128,0.07992866426738252
0,0.9305784168672206,0.012127220015984928,0.05729436311679418
0,0.9270651305059354,0.012992880738711104,0.05994198875535327
0,0.5510336156866803,0.04961760769858329,0.39934877661473633
0,0.9010081919435067,0.012033591294507187,0.08695821676198609
2,0.2290809563547069,0.08336180151250593,0.6875572421327869
2,0.33034439883743416,0.05655022641322819,0.6131053747493377
0,0.4379486853121447,0.11503099225711846,0.44702032243073675
2,0.495910416648382,0.06626111872740949,0.43782846462420844
0,0.719609691564793,0.061892564651663116,0.21849774378354414
2,0.19294531685160962,0.049803383558851916,0.7572512995895383
2,0.6544722227237632,0.029082471537583532,0.31644530573865326
0,0.8699158887579044,0.02608557421814007,0.10399853702395577
0,0.41227121687351276,0.04370869484221447,0.5440200882842726
0,0.5027023202766717,0.04658610120529919,0.4507115785180291
0,0.8885840874763655,0.019529083576549307,0.09188682894708518
2,0.37979142437682645,0.16255361649701752,0.4576549591261559
0,0.7798041909663377,0.02593558040004036,0.19426022863362216
0,0.9308133227772039,0.01152990447451059,0.05765677274828563
0,0.9338617331016615,0.011998250474907502,0.054140016423430824
0,0.7073649742536636,0.040470850416834875,0.25216417532950186
0,0.8913032665419849,0.016712368751535426,0.09198436470647978
2,0.7552566679951688,0.028747449949904146,0.21599588205492715
0,0.7658350785997949,0.02014846851113209,0.21401645288907317
2,0.5295353519340299,0.07056576858174088,0.3998988794842291
0,0.8917240711064693,0.024621760459389762,0.08365416843414042
0,0.9222186315232361,0.013803927356123043,0.06397744112064055
2,0.18384600158727554,0.06352416346272513,0.7526298349499994
2,0.39072599148553616,0.06556012223353991,0.5437138862809235
2,0.3934291761854229,0.031019050414560347,0.5755517734000166
0,0.9068198631385833,0.016574112695646872,0.07660602416576998
0,0.7959693485970237,0.03729274528821431,0.16673790611476214
0,0.6811541957224935,0.09721967313170367,0.2216261311458028
0,0.9094503481127081,0.014610617625660932,0.07593903426163072
0,0.889787101384248,0.02430726057196527,0.08590563804378659
1,0.6599381389884719,0.05599294857200806,0.28406891243952015
2,0.7272750407241312,0.04209867127601593,0.2306262879998529
0,0.7759378272374601,0.029868519403932935,0.19419365335860708
2,0.1091999047808952,0.020131371546222764,0.8706687236728823
2,0.20362622775633496,0.05547916162001668,0.7408946106236484
2,0.006209846119329556,0.0010448886977896435,0.9927452651828809
1,0.7917146689671294,0.022837313912550113,0.18544801712032005
2,0.3740028066988646,0.04232951115810833,0.5836676821430273
2,0.17770291685321368,0.06557766471084232,0.7567194184359439
0,0.7754660857735227,0.03148182442447399,0.1930520898020034
0,0.9325652834835637,0.011824756149656578,0.05560996036678001
0,0.820131533258324,0.02666978753922997,0.15319867920244556
0,0.9327363166175019,0.012275192694578298,0.054988490687920076
0,0.9337516343117892,0.011329189983666029,0.054919175704544694
2,0.0010457881117727872,0.0006462741469097286,0.9983079377413175
2,0.11684077391383689,0.03209477175675229,0.8510644543294109
0,0.9273180406129692,0.012898022506347267,0.0597839368806834
0,0.42764158852735024,0.048179939987158756,0.5241784714854911
0,0.8524619147686732,0.014148037628693369,0.13339004760263332
0,0.855399715066459,0.015160998445594823,0.12943928648794606
0,0.5670373673961461,0.048203518804845455,0.3847591137990084
2,0.8383681150726293,0.024897815781293502,0.13673406914607739
1,0.7462160289539442,0.021885721310760855,0.23189824973529488
0,0.7642482785946352,0.04555396464942269,0.19019775675594205
0,0.7337142918961105,0.03143538719945242,0.23485032090443705
2,0.6001556899386726,0.04122299109796267,0.35862131896336463
0,0.9258997983592343,0.013194079679707963,0.060906121961057796
2,0.18645640435114122,0.07188056767004135,0.7416630279788173
0,0.9309151597703352,0.012198946358829534,0.056885893870835
0,0.6639426352143581,0.032230219135994734,0.30382714564964736
0,0.8088090064490326,0.016225408668545244,0.17496558488242217
0,0.6321922785377844,0.062033671607651115,0.3057740498545645
0,0.7775054786711845,0.037148813208432746,0.18534570812038287
0,0.9284826505049326,0.014026411204827578,0.057490938290239685
0,0.9340584014497477,0.011055524418625694,0.05488607413162643
0,0.904749850024834,0.01711356607832846,0.07813658389683756
0,0.9248494651789865,0.013420493771095419,0.061730041049917986
2,0.04785013547453998,0.045171683732183436,0.9069781807932765
0,0.8812076469158496,0.028816745891003536,0.08997560719314672
0,0.7421549023793873,0.04649957484872669,0.21134552277188604
2,0.079234469739745,0.05669824062931715,0.8640672896309379
2,0.007520086717698971,0.002966941078095373,0.9895129722042056
2,0.029796409827294305,0.041454775736165336,0.9287488144365403
2,0.10018807713124174,0.039013210279531765,0.8607987125892261
0,0.924602590638134,0.013976762779215692,0.06142064658265015
0,0.9176169262798268,0.014808083572214232,0.06757499014795897
0,0.9166405527924347,0.01662655997137713,0.06673288723618805
2,0.5663374857162672,0.06001487253295094,0.373647641750782
0,0.5800878450140315,0.0545118951659469,0.3654002598200218
2,0.18584630776462552,0.06069539175886017,0.7534583004765142
0,0.9061811326355488,0.01721175609733756,0.07660711126711353
2,0.35587407123429704,0.07113584357447746,0.5729900851912254
0,0.7814778058147028,0.02911633209540766,0.18940586208988947
2,0.20480798212686332,0.07563192283800223,0.7195600950351343
0,0.9270723056532345,0.013257000152821009,0.05967069419394429
0,0.552436004202717,0.03421787553418303,0.4133461202631
0,0.9293935471616159,0.010755404756268596,0.05985104808211556
0,0.9273988273399187,0.012404778786783928,0.06019639387329711
0,0.917827026017278,0.015410833535040986,0.06676214044768103
2,0.6722685043139355,0.037970871150292344,0.2897606245357717
0,0.9088761667774933,0.015934822099341335,0.07518901112316505
0,0.9109608076312725,0.018588139372628668,0.07045105299609872
0,0.7516018082547613,0.033180557382471505,0.21521763436276703
0,0.9286139282757211,0.012095059858150708,0.05929101186612809
0,0.686453753491901,0.023274943171305247,0.29027130333679385
0,0.7166545328940406,0.043874856988753715,0.2394706101172057
0,0.7905910963656573,0.027087667788622625,0.1823212358457201
0,0.8159505822068576,0.024078191243577043,0.15997122654956542
2,0.3590709910614072,0.10886880294890264,0.5320602059896901
0,0.8803893260231539,0.02779377054600196,0.09181690343084394
2,0.1537935553550671,0.020145517994893527,0.826060926650039
0,0.6603016877850016,0.031931713204627364,0.30776659901037096
2,0.11075165400374726,0.03553116471521832,0.8537171812810342
0,0.9121210623898368,0.014924887526808515,0.07295405008335486
2,0.6214300988641919,0.10527752793794319,0.2732923731978649
2,0.5826430905389878,0.041950192900791286,0.3754067165602209
0,0.6686828789777673,0.08263366256891325,0.2486834584533194
0,0.9325652834835637,0.011824756149656578,0.05560996036678001
0,0.9036169347295772,0.020101804775800137,0.07628126049462282
2,0.7346415538812089,0.013356222619326742,0.2520022234994641
0,0.5015056975418916,0.06803695396062835,0.4304573484974803
0,0.34959852875599656,0.05638214784884704,0.5940193233951564
0,0.7324009267524357,0.037533282313802534,0.2300657909337616
0,0.36920126821111643,0.04353290351098157,0.5872658282779021
0,0.8170114203530411,0.031680377101632705,0.15130820254532612
0,0.9048224190416849,0.010411844153952528,0.08476573680436247
2,0.2818786197509246,0.0547038000840169,0.6634175801650584
0,0.920027462534353,0.016027397534614775,0.06394513993103232
0,0.8680701923695776,0.021474949289293603,0.1104548583411287
2,0.29984693645872457,0.058312943199316056,0.6418401203419595
0,0.9300275588447818,0.012524644769619413,0.05744779638559891
2,0.3863564836784449,0.0637377451563709,0.5499057711651841
0,0.9340584014497477,0.011055524418625694,0.05488607413162643
0,0.8878990021383657,0.011727584834663463,0.10037341302697073
0,0.5430393009458271,0.03218555319888256,0.42477514585529036
0,0.6717295696398026,0.030180576410886936,0.2980898539493104
2,0.11015460478568216,0.06010314091927756,0.8297422542950402
2,0.03266682842525145,0.00593353383693542,0.961399637737813
2,0.761263117254517,0.02323482100686547,0.21550206173861772
0,0.905809091918224,0.018247389482199197,0.07594351859957653
0,0.12112974490600414,0.05247502983136757,0.8263952252626284
0,0.9315612847106695,0.011551628931786325,0.05688708635754426
2,0.7575317391670937,0.029386717371818135,0.21308154346108835
2,0.7266487152725266,0.03546171214786918,0.237889572579604
0,0.7713621463370188,0.02280485477398506,0.20583299888899598
2,0.3728518891616361,0.04518454038207482,0.5819635704562891
0,0.9114104053506955,0.0181268490950662,0.0704627455542381
2,0.058176931888272096,0.017887038505595206,0.9239360296061326
2,0.7241322162328614,0.032139892371462475,0.24372789139567663
0,0.9156750340339139,0.016646784639012768,0.06767818132707323
0,0.5476936625486151,0.07702182170918266,0.3752845157422018
1,0.4082695522087117,0.05005326770302107,0.5416771800882673
2,0.2590673592274677,0.04721498061326195,0.6937176601592702
0,0.6831248152399917,0.04509646563074524,0.271778719129263
2,0.3726720812376292,0.08412172813514897,0.5432061906272219
2,0.168084134195669,0.059071697806461994,0.7728441679978689
0,0.929933573633019,0.012418783438294214,0.05764764292868659
0,0.17484993328597176,0.040247035863630154,0.7849030308503983
2,0.2692251921047088,0.03860864400152163,0.6921661638937694
0,0.9299591351891787,0.011912062104017495,0.05812880270680345
0,0.34385489039188477,0.06151148576903887,0.5946336238390764
0,0.5463286945018822,0.06694175172154879,0.38672955377656903
2,0.015785769306684,0.005622858897124032,0.978591371796192
0,0.9144051699776541,0.015210204019728406,0.07038462600261766
2,0.32927218944813497,0.07899832659021064,0.5917294839616546
2,0.5615117817696121,0.04403562688816086,0.3944525913422269
1,0.6059669654895398,0.0924167314835808,0.30161630302687936
0,0.4169843598127335,0.03737354583653341,0.5456420943507332
2,0.5604232745868736,0.032579793452225315,0.4069969319609014
2,0.42277599343266253,0.10695780494547798,0.47026620162185956
0,0.6447488659485539,0.05793375665844033,0.2973173773930055
0,0.9228718636451775,0.014450125428145584,0.06267801092667703
0,0.5874532832690633,0.03812682204628758,0.374419894684649
2,0.30032195554189717,0.057804827126963346,0.6418732173311396
2,0.3086911827296908,0.05492144906454891,0.6363873682057603
0,0.9182686137401935,0.012688018738802214,0.06904336752100447
0,0.6342975622570303,0.04246501110726744,0.3232374266357023
0,0.914480429496953,0.016625736939864046,0.0688938335631829
2,0.6580907577687046,0.026443929368633823,0.31546531286266155
0,0.8948358548805206,0.009022675473325302,0.096141469646154
0,0.8825516463360354,0.015363724896328102,0.1020846287676366
0,0.9162276305153599,0.01696580328870498,0.06680656619593509
2,0.7665209775335553,0.03960191019425057,0.19387711227219376
0,0.9272989008671831,0.013046234821233333,0.05965486431158336
0,0.7229668678178822,0.027732629068208912,0.24930050311390892
0,0.32784423996027307,0.03199832133517118,0.6401574387045555
0,0.9118659265113632,0.011754814202519651,0.07637925928611722
2,0.3783501397592375,0.07085667819864684,0.5507931820421157
0,0.9316981172764917,0.012140110661165299,0.05616177206234295
2,0.04411883656923306,0.020791993846050946,0.935089169584716
0,0.9174041270379265,0.01564509597238873,0.06695077698968438
2,0.8492405282927549,0.046819167017144156,0.10394030469010085
2,0.13031719040486328,0.05368461065495385,0.8159981989401828
2,0.11720354028183524,0.01922622508740858,0.8635702346307562
0,0.6936535362717391,0.04870407388555696,0.25764238984270404
0,0.7805190997472254,0.037682344762423894,0.1817985554903507
0,0.9184556678236683,0.0143880005945639,0.06715633158176777
0,0.66730689063653,0.04164939114146619,0.291043718222004
2,0.8679136714652987,0.010299115520072755,0.1217872130146283
0,0.9067300764409845,0.01865420263820012,0.07461572092081545
0,0.36835404261065824,0.06608114846187352,0.5655648089274683
0,0.9352199098560637,0.011261830929345155,0.053518259214591385
2,0.8989216087035119,0.014866904784900575,0.08621148651158753
2,0.37196741653647525,0.043383381979881085,0.5846492014836439
2,0.1718542572699283,0.06925197087220546,0.7588937718578662
0,0.9279915355745206,0.013608409339671727,0.058400055085807416
0,0.9076827799456344,0.016958444436766012,0.07535877561759932
2,0.4454955297232836,0.04221646018262503,0.5122880100940914
2,0.15548328298337524,0.058502463508368865,0.7860142535082559
2,0.2434555666914083,0.058799871787356565,0.6977445615212351
0,0.8210892137367417,0.02530626767279521,0.1536045185904631
2,0.06132572271872868,0.013081501876152162,0.925592775405119
0,0.8748568798588859,0.028862077323949152,0.09628104281716485
0,0.9190323202400911,0.012424366492896795,0.06854331326701207
0,0.2606384288856746,0.0496227698909675,0.6897388012233578
0,0.5620836914415162,0.033479114905632025,0.4044371936528518
2,0.4690188990012865,0.02443540159126434,0.5065456994074491
2,0.9168891353575782,0.013194887884653918,0.06991597675776784
0,0.9294597561529306,0.012428652735660368,0.05811159111140882
2,0.648555836756794,0.023686057381946183,0.32775810586125953
2,0.2747085318111603,0.05350643171929942,0.6717850364695402
0,0.9183796159520808,0.01774317123031915,0.06387721281759996
0,0.9340584014497477,0.011055524418625694,0.05488607413162643
0,0.9237376212837223,0.01248662112437924,0.06377575759189835
0,0.8645250228991622,0.026153217020676352,0.10932176008016152
2,0.050923827818754146,0.03613089643114326,0.9129452757501025
0,0.47859823067755874,0.05158029045102988,0.46982147887141146
0,0.770199091856598,0.031031853773077545,0.19876905437032488
2,0.16080853546060322,0.04015564004149899,0.7990358244978978
0,0.904359899464364,0.017975312265599834,0.07766478827003598
0,0.36555691386195416,0.05302635619550918,0.5814167299425367
2,0.3463602221520456,0.026485270766400934,0.6271545070815534
2,0.1321962450520072,0.04340451512368878,0.8243992398243042
1,0.525455637837343,0.026556388345350446,0.4479879738173067
0,0.929962313976078,0.012664669360315439,0.05737301666360652
0,0.8350296112273998,0.0189332364086428,0.1460371523639574
2,0.34209833826173747,0.05563868667673749,0.6022629750615249
0,0.9156314219626048,0.013847644570878032,0.07052093346651711
0,0.9253801927489913,0.011640893701545023,0.06297891354946396
1,0.3214645346963096,0.07605972221184801,0.6024757430918423
0,0.783123218558464,0.03068837436763342,0.18618840707390255
2,0.4200617652612541,0.07972056142639912,0.5002176733123463
0,0.38004636840553424,0.06281133931884388,0.5571422922756218
0,0.9337380872043246,0.011549383855474086,0.05471252894020126
2,0.20919814087078004,0.06574635669156648,0.7250555024376535
0,0.5112449625851015,0.04198666008732368,0.44676837732757474
0,0.5368533899133497,0.10123526076876387,0.3619113493178864
0,0.6211290362848854,0.03352035837939408,0.34535060533572054
2,0.5774209879522773,0.07412901920340534,0.34844999284431755
2,0.08428086559758342,0.024755767590330286,0.8909633668120863
0,0.7801863247765137,0.05194667241756755,0.16786700280591857
2,0.15450430123780126,0.049427111947301955,0.7960685868148967
0,0.9198348349084103,0.015130203531822128,0.0650349615597675
2,0.34975893742468506,0.11521617938359714,0.5350248831917178
0,0.8940780930954281,0.01745769638109767,0.08846421052347404
0,0.7158760707063331,0.06802605402406176,0.21609787526960533
2,0.7718441716586927,0.02781766072130005,0.2003381676200072
0,0.5535529296303044,0.06704161077108615,0.3794054595986096
2,0.6500474158617948,0.029878141317184782,0.3200744428210204
0,0.9240354530530367,0.01235328505860234,0.0636112618883612
2,0.9338617331016615,0.011998250474907502,0.054140016423430824
0,0.8537991728634097,0.02623067272985217,0.11997015440673811
0,0.9204083374407667,0.011289426069588935,0.06830223648964431
0,0.6294669451411934,0.035489595877919375,0.3350434589808872
0,0.9193518630768215,0.0172497106134041,0.0633984263097745
2,0.08687334332069566,0.03805961316692118,0.8750670435123831
0,0.45619559967914913,0.05643998812742336,0.4873644121934277
0,0.833374006407591,0.008030311748559015,0.1585956818438503
2,0.08595390958051355,0.039468282820594225,0.8745778075988923
0,0.926782814526975,0.013343713642922774,0.059873471830101936
0,0.8991883848537306,0.019390463657656204,0.08142115148861323
0,0.8685163663826349,0.026303298127611598,0.10518033548975349
2,0.17649566013725423,0.08933638715218649,0.7341679527105596
2,0.02586525633293548,0.019671483877649238,0.9544632597894153
2,0.36498402308272376,0.0402974837132439,0.5947184932040323
2,0.2969564435551725,0.05124801694482879,0.6517955394999987
2,0.5200804715933802,0.04033046890158726,0.43958905950503246
2,0.503835376702504,0.0625783565135965,0.4335862667838995
0,0.7896532868195897,0.02671417871889686,0.18363253446151367
0,0.9240354530530367,0.01235328505860234,0.0636112618883612
0,0.9096358071591722,0.01698272230179155,0.07338147053903638
1,0.5954345727892482,0.10244228154054964,0.3021231456702018
1,0.8737366535250904,0.021549804106205116,0.10471354236870468
0,0.8121327659169214,0.02351870400821181,0.1643485300748667
2,0.1111504659562225,0.032432304074796324,0.8564172299689811
2,0.8666964363853403,0.00932970028005095,0.12397386333460875
0,0.5124877087343889,0.0851530829669305,0.4023592082986805
0,0.9182077465736305,0.015649947752542533,0.06614230567382691
0,0.8874237160086946,0.02183908589518716,0.09073719809611848
2,0.34337776255034946,0.07192933075523622,0.5846929066944142
0,0.5164302673603558,0.04816749239088837,0.43540224024875596
0,0.8986799817640099,0.018315790871297272,0.08300422736469251
0,0.8750867568896321,0.02507920025297464,0.09983404285739322
2,0.7334941961011268,0.03230967618322634,0.234196127715647
0,0.9075301085012539,0.018441964334622307,0.07402792716412411
0,0.9290250803403999,0.012861179396037672,0.05811374026356236
0,0.5480238536952656,0.08156063303332005,0.37041551327141437
0,0.8808886760627563,0.020522019359148772,0.09858930457809477
0,0.781998149250689,0.025365653103108288,0.19263619764620274
2,0.4956120532894029,0.06821181687104337,0.4361761298395538
0,0.9344271084282174,0.011397960291425563,0.05417493128035714
0,0.8864807734554696,0.024781748496028082,0.0887374780485023
0,0.8087608058635546,0.026015271099086648,0.1652239230373586
2,0.7167152458091236,0.033318829145305984,0.2499659250455703
0,0.4693152027308688,0.04243417122353451,0.4882506260455968
0,0.5889158501734957,0.04190967839939934,0.3691744714271051
2,0.18188711809430458,0.07419760296284193,0.7439152789428535
0,0.7725570744145581,0.02610855402663331,0.20133437155880873
2,0.3700161190625105,0.08316940822800487,0.5468144727094847
2,0.4255340467617891,0.06636906480708799,0.508096888431123
0,0.9250039572193777,0.012575515183463854,0.06242052759715843
0,0.7749169182558571,0.05934961193945494,0.16573346980468795
0,0.7664067877962256,0.02459613064664617,0.2089970815571282
2,0.6244521562903727,0.06508394103428655,0.3104639026753408
0,0.8801780811711627,0.024453343471751134,0.09536857535708611
2,0.7619017951567033,0.03974139038579806,0.19835681445749861
2,0.5171299889060326,0.04063638775470591,0.44223362333926136
0,0.9186773617281525,0.014104467090326736,0.06721817118152094
0,0.8475838866470844,0.03116837455787225,0.1212477387950433
2,0.16921205477967569,0.07173330451417645,0.7590546407061478
0,0.5036658929707507,0.05073102329406605,0.445603083735183
0,0.5462693292587643,0.025337094976033862,0.4283935757652019
0,0.7440721213432181,0.03756887298788771,0.21835900566889418
0,0.912463864528853,0.016782774140060408,0.07075336133108656
0,0.545225260501927,0.030546452528339235,0.4242282869697335
2,0.16805883905810248,0.02956279627051374,0.8023783646713838
0,0.9297402896854203,0.012410067165859262,0.057849643148720334
0,0.6738811696455302,0.07374946776054163,0.25236936259392834
1,0.3558868194652641,0.0666820912056675,0.5774310893290683
0,0.6041071643363587,0.03646090270123259,0.35943193296240883
2,0.5869460627146327,0.02779147728258957,0.3852624600027776
2,0.395442997532495,0.059361773032277416,0.5451952294352277
0,0.8595423795232409,0.01785038024177091,0.1226072402349882
0,0.9267251095252043,0.01354287779718922,0.05973201267760631
2,0.0716311690517834,0.02539975671273915,0.9029690742354773
0,0.9086896746716536,0.019596484656011826,0.07171384067233452
2,0.11466167993441595,0.033287800997394076,0.8520505190681901
0,0.9296317827651674,0.011112793248660165,0.05925542398617259
0,0.8496991180040435,0.029534809859453587,0.12076607213650278
0,0.6964160729382294,0.040031195018166724,0.26355273204360413
0,0.9333824946095209,0.011591798192882315,0.05502570719759703
2,0.3129825757433544,0.0693569896946842,0.6176604345619616
0,0.920027462534353,0.016027397534614775,0.06394513993103232
0,0.8371699405121689,0.025091769486261177,0.13773829000157006
0,0.7387057612272806,0.02265297514547421,0.23864126362724505
0,0.8802975635698425,0.0178227118638471,0.10187972456631045
2,0.352799305810429,0.04215229110675796,0.6050484030828129
0,0.8094727037268743,0.049656269170411035,0.14087102710271468
0,0.37581998250161885,0.07541943195954601,0.5487605855388351
0,0.6747719838433868,0.04953774248861275,0.2756902736680005
0,0.8384867824144375,0.042067525943125635,0.11944569164243683
2,0.36853412553165904,0.05383200038581111,0.5776338740825296
2,0.3885501086082668,0.057363254277153136,0.5540866371145802
0,0.5131152255610089,0.029714295217728285,0.4571704792212628
0,0.7939601757292412,0.03436350147187377,0.1716763227988851
2,0.5267499726806865,0.057788255642569744,0.41546177167674386
0,0.8564095815629889,0.032332580891584514,0.11125783754542655
0,0.9328094794964215,0.012114819661050125,0.05507570084252818
0,0.9168785656637033,0.016651531671386565,0.06646990266491007
0,0.9330640032036253,0.011573484105767234,0.0553625126906075
0,0.9272940193594096,0.01282060899676496,0.05988537164382521
0,0.6622849899773657,0.030632479022309582,0.30708253100032457
2,0.12295201481166848,0.0498925851280326,0.827155400060299
0,0.7342859826011917,0.027764739795357943,0.2379492776034503
0,0.705957004089354,0.04100211710832395,0.2530408788023218
2,0.29623197228894543,0.04528626352135413,0.6584817641897005
2,0.43110736243675685,0.04207039150567876,0.5268222460575643
2,0.4711901427989471,0.0693332587899542,0.4594765984110988
0,0.4433533640842606,0.055481188948425395,0.5011654469673142
0,0.7206801196818472,0.03972700409055155,0.2395928762276017
0,0.9229229641858234,0.015373214042575105,0.06170382177160136
0,0.41234975296627563,0.05478711163425999,0.5328631353994644
2,0.6271007322601126,0.03323234373000771,0.3396669240098795
0,0.928205603656986,0.01369044156901644,0.058103954773997275
2,0.2828581226185295,0.12542324035086316,0.5917186370306073
0,0.813709990531982,0.025549306963127644,0.1607407025048905
0,0.8951765735226717,0.021419763455258017,0.08340366302206988
0,0.357690814740196,0.05301503998200571,0.5892941452777986
0,0.617712564903616,0.027819884101767348,0.35446755099461674
2,0.6235948579330489,0.04396568632482345,0.33243945574212774
0,0.5670460552197907,0.07761637471552156,0.3553375700646878
0,0.8554256803658478,0.01026812468031746,0.13430619495383456
0,0.4812621212260001,0.07339207348657564,0.44534580528742407
2,0.9284671098598749,0.012248353500010892,0.059284536640114155
0,0.6323749080209761,0.022218137839789372,0.3454069541392346
0,0.5057943296129012,0.16103968993047021,0.3331659804566286
1,0.18613411296023785,0.07599169716148618,0.7378741898782765
0,0.8301230275173614,0.02420936253660081,0.14566760994603792
0,0.926929983728696,0.013412142765897262,0.059657873505406994
0,0.8910314044672222,0.019836901223932148,0.08913169430884582
0,0.7647152674016462,0.025317077520492472,0.20996765507786128
0,0.905260460186602,0.019290113202678632,0.07544942661071928
0,0.9306419495553683,0.012312675095296094,0.05704537534933544
2,0.3238018908649573,0.040385685139755344,0.6358124239952873
2,0.2465604913996336,0.06036795757633508,0.6930715510240314
0,0.8896201323617376,0.02329926581683787,0.08708060182142435
2,0.5955962906914757,0.10274997936921605,0.3016537299393083
2,0.34334287178185946,0.061669006748610374,0.5949881214695301
0,0.9136827195353439,0.011973458171131794,0.07434382229352401
0,0.9141947770756984,0.01670983011567239,0.0690953928086292
2,0.6409230916901414,0.06196986383620655,0.2971070444736521
0,0.808152133936017,0.035304455100741074,0.15654341096324212
2,0.24775244552131276,0.043201921273079646,0.7090456332056075
0,0.5737972622143739,0.06179538575984391,0.3644073520257823
2,0.1552421946488128,0.04054448393513345,0.8042133214160537
2,0.054497137312696384,0.030607884179534577,0.9148949785077687
2,0.004289566227768028,0.0025744734632557253,0.9931359603089761
2,0.09683502403666118,0.05344228977112867,0.84972268619221
0,0.9323284879533968,0.01252643659114621,0.05514507545545726
0,0.866081318875368,0.021489222605503126,0.11242945851912892
1,0.5349575291646451,0.04945817593309302,0.41558429490226195
2,0.24230149177301388,0.06862565569801794,0.6890728525289682
0,0.9110509006810376,0.0164841499292474,0.07246494938971466
2,0.5499173724830384,0.051378745441146643,0.39870388207581503
0,0.2649739095688785,0.026143364968013554,0.7088827254631079
0,0.6241900412138086,0.038336586537041625,0.33747337224914964
0,0.8401922863480003,0.032278156397217345,0.12752955725478227
0,0.9340584014497477,0.011055524418625694,0.05488607413162643
0,0.7904470318779305,0.01943627881142875,0.1901166893106406
0,0.5288565092441003,0.0457780385017551,0.42536545225414435
2,0.27624192533340025,0.07105165087724827,0.6527064237893515
0,0.9117596988179109,0.018095372500809666,0.07014492868127933
2,0.8940046516411122,0.010845484531581066,0.09514986382730656
2,0.09975128570279444,0.03768706228124576,0.86256165201596
0,0.9244784524785746,0.013998588466764047,0.06152295905466135
0,0.9411519776550811,0.010842226824986832,0.04800579551993211
0,0.9225868791934051,0.01390518218200199,0.06350793862459272
0,0.928532546198449,0.013049292946840733,0.058418160854710015
0,0.8387109308171868,0.021964189411083197,0.13932487977172997
0,0.9082266468929033,0.019325911658779407,0.07244744144831695
0,0.8245145419910356,0.043558680633090444,0.131926777375874
0,0.9320337924464385,0.012512200548328942,0.055454007005232446
2,0.30643542648046995,0.05964239454609801,0.6339221789734322
0,0.9260151796355274,0.010950756906690371,0.0630340634577821
2,0.07404193206565299,0.032886571027944754,0.8930714969064023
0,0.7798602200105179,0.025587264692556896,0.19455251529692513
2,0.18280776014731173,0.03342011124733855,0.7837721286053496
0,0.9340584014497477,0.011055524418625694,0.05488607413162643
2,0.023419638721098326,0.009735140618070955,0.9668452206608307
2,0.4409920591636087,0.09652859891965332,0.4624793419167381
0,0.8799135934016614,0.024721971954396793,0.09536443464394155
2,0.23662696462957464,0.03832654748384328,0.7250464878865823
0,0.9411519776550811,0.010842226824986832,0.04800579551993211
0,0.8219084060953813,0.019184855457462072,0.1589067384471566
0,0.8914457204977659,0.016460804238225886,0.09209347526400832
2,0.3189228580149371,0.08454331251967663,0.5965338294653862
0,0.9210552496846126,0.015349698479709642,0.06359505183567747
0,0.4698016975771576,0.0967169433085908,0.43348135911425156
2,0.11939156880370184,0.05579253546349868,0.8248158957327995
2,0.13631098650073417,0.05727939443226925,0.8064096190669969
2,0.24443388133605526,0.14494480157523634,0.6106213170887085
2,0.15650846937100005,0.02496993594710686,0.8185215946818932
2,0.0540489045031469,0.024352498074055703,0.9215985974227972
0,0.6426052930869629,0.034186144732554116,0.3232085621804831
2,0.023022832792785466,0.00182258215152952,0.975154585055685
2,0.37611919914122055,0.06431345913127622,0.5595673417275034
2,0.006053657722961519,0.009262456745703211,0.9846838855313353
2,0.021292394931279195,0.022400869060832735,0.9563067360078882
0,0.7862223585509029,0.0324490199195504,0.1813286215295467
2,0.6473756920736764,0.024290160923314215,0.32833414700300945
0,0.8769341666591283,0.026747693459332807,0.09631813988153883
0,0.9046928702128361,0.00981267099403997,0.08549445879312385
0,0.82891905389951,0.02191510098914235,0.14916584511134723
0,0.7669607427690833,0.03845850234391511,0.1945807548870016
0,0.6003098511224099,0.03429972385863383,0.3653904250189563
0,0.9334666512492529,0.01267492388301672,0.05385842486773028
2,0.1181626805934403,0.056236645151813994,0.8256006742547459
2,0.4923921997475367,0.08388236092437261,0.42372543932809065
2,0.6783459612205428,0.03493164467302224,0.286722394106435
2,0.3085658773626901,0.057126183295586636,0.6343079393417234
2,0.006099865047233468,0.003049932523616734,0.9908502024291497
0,0.9310658430916711,0.011506442010050608,0.057427714898278304
2,0.2206492658652423,0.05315432434679818,0.7261964097879597
2,0.011351822620135343,0.009310308116748644,0.979337869263116
0,0.9270009405241484,0.012544459947076281,0.060454599528775
0,0.7594415499353134,0.03608209503431161,0.20447635503037515
0,0.7978875615847291,0.02810009302326505,0.1740123453920059
2,0.04295189204421325,0.0439425075661853,0.9131056003896015
2,0.1763356783355497,0.04906845246793487,0.7745958691965157
1,0.7626447081019301,0.05694207711163812,0.18041321478643194
0,0.327564056323625,0.041646084901461,0.6307898587749139
0,0.7609319877229602,0.02027480004060228,0.21879321223643763
2,0.5550856915766537,0.03576776683313978,0.4091465415902065
0,0.9109608076312725,0.018588139372628668,0.07045105299609872
0,0.47288682350882716,0.11609345696574268,0.41101971952543015
0,0.9298937526550604,0.011376902056264524,0.05872934528867506
0,0.5596898671777925,0.05816184012175221,0.38214829270045503
2,0.14196363118993646,0.04528689478133005,0.8127494740287335
2,0.01833058099012528,0.011351482002472343,0.9703179370074023
2,0.20608068842712532,0.046459535957863424,0.7474597756150113
2,0.8941156136013432,0.011942047913834176,0.09394233848482259
0,0.4571525876962051,0.0491233833751978,0.4937240289285972
0,0.6161093166395635,0.08346048797377591,0.3004301953866607
2,0.5892928919683419,0.03584369129171671,0.37486341673994167
0,0.7843862199828354,0.031116057226049314,0.1844977227911151
2,0.7226728007674824,0.02528343233741997,0.2520437668950973
0,0.9196752897280568,0.012767441933379326,0.0675572683385637
0,0.5724809202570253,0.03570974736273309,0.39180933238024146
2,0.49697456682537383,0.050993604440611816,0.452031828734014
2,0.575436397625951,0.042533925564547714,0.3820296768095013
0,0.8993664260439501,0.018901971270586692,0.08173160268546335
0,0.5536897265458999,0.03767640027881551,0.40863387317528455
2,0.5761051846103683,0.08588268799758886,0.3380121273920427
1,0.389791557010778,0.05867981921065347,0.5515286237785686
0,0.6732086631580929,0.015842610967333175,0.3109487258745738
2,0.04532959053435247,0.04541117997002132,0.9092592294956259
0,0.9017586204524407,0.012665788300051554,0.08557559124750777
0,0.3361968903320408,0.05673821390371921,0.6070648957642398
0,0.9076995863589208,0.014419483201328392,0.07788093043975092
2,0.13816992083879667,0.04065994680951234,0.8211701323516909
1,0.3878979013092357,0.07473882160090618,0.5373632770898583
0,0.9303008260169982,0.011934743698749101,0.057764430284252696
2,0.21139012810880267,0.03320845205153493,0.7554014198396625
0,0.9171496498068823,0.012505828405354922,0.07034452178776258
0,0.8671986713347065,0.019591208464778805,0.1132101202005147
0,0.6442655439446672,0.037605144958050264,0.31812931109728254
1,0.5458719133726029,0.07112361203690809,0.383004474590489
2,0.005656102129206873,0.004284129690633291,0.9900597681801598
2,0.30277465351078775,0.053249640209196016,0.6439757062800161
2,0.3585889944229927,0.04627660987235242,0.5951343957046549
2,0.4078463572727771,0.07880245715180142,0.5133511855754213
2,0.209119584111263,0.08654023007686572,0.7043401858118712
0,0.9254999781005271,0.01278151846069436,0.06171850343877845
2,0.49295467103264706,0.04692504411788274,0.46012028484947015
0,0.40656866443576123,0.04133547521682215,0.5520958603474168
1,0.4193511619054518,0.06031137780197636,0.5203374602925718
2,0.22486701673942985,0.06232254147069816,0.7128104417898724
0,0.8931450480271684,0.02439255536365496,0.08246239660917662
2,0.13203021458370234,0.02001081151021722,0.8479589739060803
0,0.8927235429464108,0.02039752634152046,0.08687893071206884
0,0.5728176800185654,0.07564526517322603,0.35153705480820874
0,0.9146693712094689,0.017778579566339173,0.06755204922419206
2,0.10311972433322118,0.05232257901310496,0.8445576966536735
0,0.9256337676348959,0.013903262006328621,0.06046297035877528
2,0.3741084388242334,0.04605285310994254,0.579838708065824
0,0.9200162854893299,0.014811592531748546,0.06517212197892155
0,0.8626549209887814,0.028316032292548126,0.10902904671867032
2,0.5177941593538966,0.08883652963676421,0.3933693110093391
2,0.1407895839118179,0.04344939160033009,0.8157610244878518
0,0.6584202924802768,0.06609695411267978,0.2754827534070433
0,0.8999711866881406,0.021633508139616068,0.07839530517224336
0,0.9284698834064508,0.013498264478677855,0.05803185211487106
0,0.8986354778937403,0.011581555185116556,0.08978296692114277
2,0.9139905401806404,0.017243056937391244,0.06876640288196842
0,0.9294428314413806,0.014220472697129727,0.05633669586148959
0,0.4806861569228717,0.059434032988784094,0.4598798100883443
0,0.5819734513821407,0.10618507048605051,0.31184147813180846
0,0.5028636799574276,0.038135973165010446,0.4590003468775619
1,0.627728344073052,0.05316626056360007,0.3191053953633479
0,0.9275534245743869,0.01250489926595044,0.05994167615966269
0,0.33632259531828246,0.06615351487561656,0.5975238898061008
0,0.30240944083704213,0.06526050202671377,0.632330057136244
0,0.9167401293802727,0.015105786098342514,0.06815408452138452
0,0.39538273749466807,0.034628915534085966,0.5699883469712459
0,0.881787727167288,0.025091873859579113,0.09312039897313286
2,0.3833562168816747,0.040388511701979136,0.5762552714163462
2,0.13224133595309784,0.03781182044140564,0.8299468436054962
2,0.8240901735319879,0.021665106957923605,0.1542447195100885
2,0.3305172873625644,0.049145862682060996,0.6203368499553746
2,0.836190012401957,0.03809570822890625,0.12571427936913684
0,0.9288990086199086,0.01203235422416227,0.05906863715592924
2,0.18051026908314358,0.07321614416010866,0.7462735867567477
0,0.5096218142971802,0.07031599645023093,0.42006218925258876
0,0.9291324501621414,0.011809097371551358,0.0590584524663073
0,0.9184693163135563,0.014759704601350841,0.06677097908509312
0,0.9084748415001404,0.018436182287227144,0.07308897621263241
2,0.14960882778302417,0.05425813934730558,0.7961330328696703
2,0.8439944361326837,0.035763324376620255,0.12024223949069648
0,0.9323006934625316,0.01099680960581252,0.056702496931655785
1,0.6488141772734913,0.06945513474044447,0.28173068798606404
0,0.9297763743937887,0.012747540400324666,0.057476085205886464
0,0.7183781001787465,0.039049975417282994,0.24257192440397063
0,0.9295678507727714,0.012604934460687448,0.057827214766541096
2,0.041266457727122195,0.020251618485240982,0.9384819237876368
0,0.9149623754011503,0.015748787363041677,0.06928883723580767
2,0.275244586863712,0.04937689139088397,0.675378521745404
2,0.7340790079647849,0.022208815735712505,0.24371217629950265
2,0.33194594229465396,0.11134279909844512,0.556711258606901
0,0.24393440676115036,0.040775133793414776,0.7152904594454347
2,0.010866642219777534,0.0026959813628421665,0.9864373764173803
2,0.4653338753296494,0.08688002266906186,0.4477861020012888
0,0.8946045641605668,0.023306571312493016,0.08208886452693974
0,0.4558211622234642,0.06330031373727568,0.48087852403926
0,0.9183796159520808,0.01774317123031915,0.06387721281759996
0,0.06342478750442797,0.010622060102244084,0.925953152393328
0,0.9308298224373122,0.012493622207739431,0.056676555354948456
0,0.5285248101147483,0.05819506762855783,0.41328012225669386
1,0.2539972965329756,0.06780028141028935,0.6782024220567351
0,0.5940632174956514,0.022942463468831758,0.38299431903551684
0,0.7500297996333013,0.029657110850514368,0.22031308951618422
2,0.32722094123137246,0.07460918977253088,0.5981698689960963
0,0.5746285884789206,0.06958678107698785,0.3557846304440916
0,0.9114484002362129,0.013000198533308038,0.07555140123047888
0,0.9236668462084499,0.012111631673700088,0.06422152211784996
2,0.923345379418136,0.013741086778251437,0.06291353380361249
0,0.9208464612892995,0.013321258809253151,0.06583227990144724
2,0.341140870869126,0.050640860256195734,0.6082182688746782
2,0.6659712608896988,0.04608843765930448,0.2879403014509966
2,0.10061295628337125,0.06232810153666567,0.8370589421799632
2,0.02685171240973396,0.012163204259893938,0.9609850833303721
0,0.8894680626395467,0.017894781547487033,0.09263715581296635
0,0.899551039826924,0.015699365975139854,0.08474959419793607
2,0.002245929253228523,0.002761080101140213,0.9949929906456312
2,0.43292714336424426,0.09042048636161915,0.47665237027413654
0,0.8302844049992207,0.02409292976539342,0.1456226652353858
0,0.9237939155854978,0.013533556482949028,0.06267252793155284
0,0.768752248844296,0.043096551331401126,0.18815119982430276
0,0.45691336047440967,0.07885474443902292,0.46423189508656754
0,0.623276839901757,0.05212808729359739,0.32459507280464567
0,0.8429786002633526,0.028769464442652694,0.12825193529399495
0,0.9276841453358909,0.01316134579562659,0.05915450886848257
0,0.8497332855560269,0.021465309946267334,0.12880140449770577
1,0.45333126981508276,0.1836971610844341,0.36297156910048295
0,0.3205695045923756,0.07676512041088687,0.6026653749967372
0,0.864346162210393,0.026553006536821976,0.10910083125278523
0,0.8161376312836109,0.03793795451893793,0.14592441419745114
2,0.036190809914201406,0.032416708232402405,0.9313924818533961
2,0.5449423671140721,0.06840065019720735,0.38665698268872045
0,0.7008379656089131,0.06365909584802065,0.23550293854306614
0,0.9286131615590423,0.011886792017380942,0.05950004642357677
2,0.4916241460912106,0.056779979145853726,0.4515958747629357
0,0.9220855858692696,0.014703624685050062,0.06321078944568004
2,0.0003115264797507788,0.0003333333333333333,0.9993551401869158
0,0.9221961622260832,0.01240288602639779,0.06540095174751871
2,0.8154694159986999,0.023958435622497207,0.16057214837880304
0,0.5475323182025682,0.06752092331252754,0.38494675848490423
0,0.41172122859431937,0.03425781869030971,0.554020952715371
2,0.006974610660973629,0.0014956490782601292,0.9915297402607661
0,0.9214463409638344,0.01445443345161995,0.06409922558454564
0,0.918452347134524,0.01456235558589354,0.06698529727958254
0,0.8377972923700036,0.02785398224771577,0.13434872538228063
2,0.19783500228743084,0.0887270766174435,0.7134379210951255
0,0.6677665471492996,0.025301690798921087,0.3069317620517793
2,0.1279154771130344,0.04785071129704906,0.8242338115899166
