target,prediction_0,prediction_1,prediction_2
2,0.028903415684621854,0.014005205227813919,0.9570913790875643
0,0.9497362039992684,0.018368424089744567,0.03189537191098657
0,0.9894646609317524,0.0035627258765847875,0.006972613191662884
2,0.14399255066523445,0.0798305334325634,0.7761769159022022
0,0.907487968510151,0.021361656945840964,0.07115037454400829
0,0.7725462901292494,0.01435101872778644,0.2131026911429642
0,0.8625131240972383,0.02559930906980034,0.11188756683296094
2,0.026044682008187645,0.012489156021006628,0.9614661619708056
0,0.915240410408847,0.03005201019349164,0.05470757939766129
1,0.324839493894911,0.040371306575574646,0.6347891995295145
2,0.04002880736037286,0.00956123322155263,0.9504099594180747
0,0.7601812378759755,0.016935433426441028,0.2228833286975839
0,0.9462186694942738,0.005312097971794367,0.04846923253393185
0,0.9018781466966042,0.0113291162788593,0.0867927370245368
0,0.9117256017073339,0.041381818427739796,0.04689257986492628
2,0.08541855559942431,0.04964797074955642,0.864933473651019
0,0.9249111650825594,0.011841106476753904,0.06324772844068688
2,0.6803917563477454,0.12264480850921576,0.19696343514303852
0,0.987722959725455,0.004714765443653239,0.007562274830891877
2,0.13053711618611896,0.05955038296135473,0.8099125008525266
0,0.967094909973137,0.006134474147841196,0.026770615879021877
1,0.4680930448609595,0.07738259312091399,0.4545243620181265
2,0.044429290727815006,0.005056911447037927,0.9505137978251472
0,0.9639204902747371,0.0027536123080416906,0.03332589741722142
0,0.608144895792049,0.05012919146120048,0.34172591274675074
0,0.9221084647931204,0.012417557677205543,0.06547397752967417
0,0.9892163825431756,0.0011582296281846172,0.0096253878286398
0,0.9781489714306735,0.0009683036403944907,0.020882724928932176
0,0.5467750196777303,0.054412042454942695,0.39881293786732713
0,0.9400101877001431,0.007861579231693831,0.05212823306816258
2,0.031416990321639957,0.011037852841205802,0.9575451568371545
2,0.18649281932577946,0.029122546367177204,0.7843846343070434
0,0.30225592791205275,0.15760661064025785,0.540137461447689
2,0.43568397293863154,0.04690252649981908,0.5174135005615492
0,0.7560966364806181,0.10519969381544308,0.13870366970393871
2,0.05323670043227629,0.007749925310466945,0.9390133742572568
2,0.24527232487142145,0.04850990771111904,0.7062177674174593
0,0.939620463641858,0.01847196933972727,0.041907567018414596
0,0.3632834951168899,0.12748809942248138,0.5092284054606288
0,0.7432481759963079,0.05394312061936774,0.20280870338432444
0,0.8067304350207662,0.01120097349423025,0.1820685914850035
2,0.07523090565436431,0.7194123988245751,0.20535669552106034
0,0.8518655565759335,0.01182056173528579,0.13631388168878034
0,0.9521055465301648,0.001125382327521829,0.04676907114231357
0,0.9627063227532339,0.0007222311758469709,0.036571446070919326
0,0.6807169121947969,0.09304821944812106,0.22623486835708204
0,0.8989839807619896,0.0070068411272562565,0.09400917811075385
2,0.7852213162846797,0.04167945159239464,0.1730992321229257
0,0.8374472753227485,0.009188332410445635,0.153364392266806
2,0.4460413820322531,0.1440016954752478,0.40995692249249915
0,0.9268080408523963,0.0492348642931175,0.023957094854486334
0,0.98779307911334,0.009786711092616718,0.002420209794043545
2,0.074310636372141,0.05135747729187506,0.8743318863359841
2,0.24805693034492993,0.028557620045557095,0.7233854496095128
2,0.22176869495741708,0.018639262603568497,0.7595920424390142
0,0.8329391469146082,0.01969958473904225,0.1473612683463493
0,0.8035566525559499,0.09410003646567716,0.10234331097837254
0,0.7363518700484701,0.048436275519537476,0.21521185443199237
0,0.9783682541702636,0.004727190099979757,0.016904555729756538
0,0.7574754010800454,0.07063477796708872,0.17188982095286595
1,0.8812757708431859,0.017303613457704488,0.10142061569910994
2,0.8323006122076787,0.02160410022886716,0.14609528756345444
0,0.971013229610575,0.006009304921587552,0.02297746546783744
2,0.12749522813385736,0.03468853648440717,0.8378162353817353
2,0.04407150566677917,0.09138312431624636,0.8645453700169745
2,0.012600429450563373,0.001267188117156052,0.9861323824322806
1,0.8757450543260654,0.010696030983764471,0.11355891469017015
2,0.2293415135432348,0.017842871453759453,0.7528156150030056
2,0.04716684314717097,0.1598243673129338,0.793008789539895
0,0.8910985629754655,0.017906121497775998,0.09099531552675841
0,0.9714578847795011,0.0019525254524668074,0.026589589768031885
0,0.7623546306884317,0.009413611731751736,0.2282317575798169
0,0.9409916710334157,0.005628796906134188,0.05337953206045017
0,0.9317994178959782,0.04072373663103087,0.02747684547299108
2,0.010052453738226854,0.00028382107590715607,0.9896637251858661
2,0.011292107174261315,0.022535079872509835,0.9661728129532289
0,0.9580402353016042,0.001410986287067243,0.04054877841132848
0,0.5875982481282338,0.03432359017889016,0.3780781616928761
0,0.9448214932989388,0.007077329097315826,0.04810117760374506
0,0.7522495349415051,0.013698408765784813,0.2340520562927099
0,0.8259095063821681,0.029978065057159522,0.14411242856067244
2,0.7492778726770085,0.019803615483305382,0.23091851183968623
1,0.6085488816327845,0.014047308024391468,0.3774038103428246
0,0.622862981355276,0.08020038853613637,0.2969366301085878
0,0.7684121531217402,0.010640601140005998,0.2209472457382539
2,0.696829016235177,0.03453115347724507,0.26863983028757793
0,0.9935698340788067,0.0007466232281291993,0.0056835426930639185
2,0.03498426850875791,0.05433641449730813,0.9106793169939335
0,0.990856515621719,0.002194832972241463,0.0069486514060395415
0,0.8836014381183505,0.018674221946580718,0.09772433993506896
0,0.8239385747279966,0.022625243168177683,0.1534361821038255
0,0.840078258124022,0.030223333912222414,0.1296984079637556
0,0.8939068366030645,0.04151605423196972,0.06457710916496576
0,0.990300715697721,0.005024447271064282,0.00467483703121459
0,0.9770747957256289,0.007689480421311843,0.015235723853059366
0,0.959406373574354,0.018801478398080794,0.021792148027563917
0,0.974590452877032,0.0020903232784621915,0.023319223844506166
2,0.024731665560213167,0.021757825937392502,0.953510508502394
0,0.9870677964652345,0.0009760475925612969,0.01195615594220432
0,0.5042789772817946,0.031821042281776686,0.4638999804364285
2,0.038626928950706574,0.0331529959386086,0.9282200751106848
2,0.012484223595730658,0.0023219816246156945,0.9851937947796535
2,0.013348117431682169,0.01616155474141293,0.970490327826905
2,0.035618362457424044,0.10054204703806453,0.8638395905045115
0,0.9596231338761113,0.024084931494186765,0.016291934629702357
0,0.9626186882732273,0.02531129358700869,0.012070018139764067
0,0.9710153399256148,0.005789264567963927,0.0231953955064215
2,0.5699240426680509,0.02525523673165991,0.4048207206002891
0,0.4103480659001125,0.03471765483791462,0.5549342792619727
2,0.18283585291628798,0.10952604582175447,0.7076381012619576
0,0.9594276012091932,0.008394180515728482,0.032178218275078274
2,0.12552482109088167,0.043344000561023194,0.8311311783480951
0,0.9336824277433314,0.0059009309907898785,0.060416641265879006
2,0.054181897948244184,0.009915194920716167,0.9359029071310396
0,0.9403906183693463,0.007166844091335068,0.05244253753931918
0,0.8402886748783229,0.0057156073375602655,0.15399571778411672
0,0.9390923938495656,0.010834101214473184,0.050073504935961126
0,0.9302174219867636,0.021660829169612917,0.04812174884362321
0,0.9647787383142461,0.017062310224041432,0.018158951461712532
2,0.543078573271176,0.058975836516151195,0.3979455902126729
0,0.8819668519633093,0.008074997078468548,0.10995815095822212
0,0.9584811652273483,0.011120424793079429,0.03039840997957153
0,0.7166746333011292,0.10640779625888429,0.17691757043998677
0,0.9772569676265213,0.0006563006283501911,0.022086731745128485
0,0.4203656129527674,0.01514416176537494,0.5644902252818577
0,0.6188595400773211,0.09157097201123535,0.2895694879114436
0,0.981181846590186,0.0015067070219857148,0.01731144638782833
0,0.9465358337040168,0.011546258111103496,0.04191790818487896
2,0.1275468787841043,0.11860406104067905,0.7538490601752167
0,0.9032175658400378,0.0270951064658673,0.06968732769409536
2,0.062210813587259356,0.0068771811359723874,0.9309120052767683
0,0.8862295426466694,0.02076461598486422,0.09300584136846682
2,0.008043082119500609,0.00011491479600426208,0.991842003084495
0,0.961952898931746,0.0042804183613860455,0.033766682706867994
2,0.6400724538661526,0.10563133686309877,0.2542962092707486
2,0.4596495913901342,0.020691429013494998,0.5196589795963708
0,0.7320536786674592,0.019491152104421334,0.24845516922811892
0,0.9761381928619274,0.004399386549846935,0.019462420588225417
0,0.9356328121614238,0.012935708622535702,0.051431479216040306
2,0.61339752461514,0.01823987295407904,0.36836260243078095
0,0.6384075149473497,0.08019933635577522,0.28139314869687554
0,0.36318160016503026,0.0997545024943881,0.5370638973405816
0,0.9015612691705281,0.020563934610930167,0.07787479621854168
0,0.6943645210227083,0.026355552810614292,0.2792799261666772
0,0.8201308710972578,0.015544190963014997,0.16432493793972713
0,0.8781392915936087,0.004055466042141809,0.1178052423642499
2,0.03772489960987309,0.0024613506404220654,0.9598137497497047
0,0.9624928402748143,0.011704574784237896,0.025802584940947827
0,0.9608954826068437,0.016641174218179906,0.022463343174976436
2,0.28131115394417167,0.19793593412024496,0.520752911935583
0,0.9471930042890581,0.003551166216894669,0.04925582949404731
2,0.6311906242859908,0.05860256146636694,0.31020681424764235
0,0.9798879329528973,0.0006538247169942253,0.01945824233010857
0,0.9483891649796639,0.004426415073592442,0.04718441994674366
0,0.3883816617330141,0.02083149057544944,0.5907868476915366
0,0.8814281409293042,0.006370236775331031,0.11220162229536515
2,0.02717026981732864,0.036573867794895215,0.9362558623877764
2,0.007231276515823979,0.0012916260238475287,0.9914770974603284
2,0.7605302778086585,0.009944883434056966,0.22952483875728424
0,0.946722881469687,0.006232481548036273,0.047044636982275824
0,0.04650454988916643,0.014740349900898495,0.9387551002099351
0,0.9650618476466054,0.003954728275960922,0.030983424077433392
2,0.7185777816326202,0.010386928068181148,0.2710352902991988
2,0.7680473563086656,0.023480340707996615,0.2084723029833377
0,0.9106966139571231,0.016463158770075044,0.07284022727280151
2,0.3835844818662222,0.09854858306282885,0.5178669350709489
0,0.9638813441268337,0.016804734280039833,0.01931392159312524
2,0.010911110723060474,0.00633679795176756,0.9827520913251723
2,0.8073961831413797,0.013249534423576697,0.17935428243504367
0,0.7292461718400044,0.007076186693562326,0.2636776414664332
0,0.7220338865374238,0.09742917529290306,0.18053693816967314
1,0.3168755428855105,0.043922987111424394,0.639201470003065
2,0.153516084828736,0.024965593121469266,0.8215183220497955
0,0.8591704460595748,0.025208122817714534,0.11562143112271042
2,0.11092262055216633,0.33956438858100135,0.5495129908668324
2,0.005986397115429374,0.0010555194122744427,0.9929580834722963
0,0.9683642451140704,0.01030423580015537,0.02133151908577452
0,0.12423109531556831,0.023571793867540748,0.8521971108168911
2,0.1257926755600649,0.05152940369885723,0.822677920741078
0,0.9230329259354133,0.0036651791289304893,0.0733018949356561
0,0.2710450851986082,0.0891153218633262,0.6398395929380654
0,0.5422190363476521,0.08123148934290667,0.3765494743094414
2,0.01118176220341654,0.0007354686844026575,0.988082769112181
0,0.9926927545994465,0.001969146484301999,0.005338098916251772
2,0.14487651356928175,0.038863922129192104,0.816259564301526
2,0.5621449949290054,0.046086817858351586,0.39176818721264317
1,0.3805844399153006,0.1783354791143295,0.44108008097036994
0,0.5605015945290477,0.05176237287076779,0.3877360326001846
2,0.2555705180589137,0.012458865406077846,0.7319706165350085
2,0.39232145237368266,0.06760076332316732,0.5400777843031499
0,0.6711815156526737,0.06389346833545638,0.26492501601186996
0,0.9687754392415421,0.002013370365712357,0.02921119039274533
0,0.8072464090711418,0.023239870163836683,0.1695137207650217
2,0.16712987639194726,0.015185757459622876,0.8176843661484301
2,0.3877090559950642,0.039293681834694005,0.5729972621702416
0,0.980587298935669,0.003377993929101548,0.01603470713522967
0,0.7414017895080919,0.04433517676946792,0.21426303372244043
0,0.9731468107928669,0.012343913492783872,0.014509275714348962
2,0.9333822345077082,0.0034268485504669417,0.06319091694182488
0,0.9313132322594999,0.01818502528789304,0.050501742452606406
0,0.940053875484398,0.004877116923312184,0.05506900759228938
0,0.9901615550988718,0.00076480415609947,0.009073640745028458
2,0.7530187003872721,0.011683381286804986,0.23529791832592278
0,0.9963221775038026,0.0015274867694515058,0.0021503357267458733
0,0.9039150941016604,0.05931900215442317,0.036765903743916487
0,0.13653605677673622,0.024410917497882198,0.8390530257253818
0,0.8266241835068616,0.00535036226679382,0.16802545422634468
2,0.572292270513403,0.04644062844270407,0.38126710104389283
0,0.9707641681043282,0.001537693249062304,0.027698138646609718
2,0.11456762694005973,0.014474262541895393,0.8709581105180448
0,0.9389436044870326,0.026490245584589303,0.034566149928378066
2,0.8481442983785284,0.035679666264862055,0.1161760353566096
2,0.06339539668244637,0.008412623288227285,0.9281919800293263
2,0.0259224553707097,0.004191988522921875,0.9698855561063684
0,0.5376078675706994,0.09749268781459051,0.3648994446147097
0,0.9029692170518768,0.011766647699489435,0.08526413524863355
0,0.9569515561305163,0.002764394293295574,0.04028404957618827
0,0.8785617081294983,0.025817576716263908,0.09562071515423792
2,0.5402030646840318,0.021314413617453534,0.43848252169851454
0,0.9884690908705128,0.0029803611235922167,0.008550548005894594
0,0.3202675165254223,0.17869777558559194,0.5010347078889857
0,0.9803375881627043,0.0030014155123891852,0.016660996324906627
2,0.9603678263738629,0.009920861517118173,0.029711312109019044
2,0.6985388694718051,0.036334632726706624,0.265126497801488
2,0.012150613471113727,0.002129380973495502,0.9857200055553907
0,0.9874534155599863,0.0029544073872540513,0.009592177052759533
0,0.9690642977958712,0.00554835892748123,0.025387343276648017
2,0.48117418023533026,0.06968057806888177,0.4491452416957881
2,0.02614930621145846,0.01602046867134244,0.957830225117199
2,0.029754241178959917,0.002819886020207634,0.9674258728008326
0,0.9239750999392989,0.010604074436077188,0.06542082562462416
2,0.11553164955630563,0.04018648873529741,0.8442818617083969
0,0.8260839026138039,0.032256280856658014,0.14165981652953802
0,0.9749255059445789,0.011728158623441702,0.013346335431979531
0,0.37871203274402204,0.09776262035746644,0.5235253468985118
0,0.6951595290344167,0.045078562943115436,0.25976190802246774
2,0.5983856821700149,0.01828471118166176,0.38332960664832305
2,0.7446954715234219,0.016114737572754518,0.23918979090382358
0,0.9900305140837216,0.0023829643039698775,0.007586521612308665
2,0.2052992718580753,0.05199251755447149,0.7427082105874533
2,0.0318795190994163,0.004198853214521908,0.9639216276860619
0,0.6797391873858156,0.013591798920626542,0.30666901369355787
0,0.8914532819861787,0.005467043046631081,0.1030796749671905
0,0.8807534968995475,0.007518074882673605,0.11172842821777897
0,0.794282164067778,0.01197757439253877,0.19374026153968285
2,0.013006546499974205,0.023245152698860468,0.9637483008011655
0,0.2445423188846532,0.061998121075175244,0.6934595600401712
0,0.8626202572564831,0.018512308328138678,0.11886743441537843
2,0.06430840838349436,0.003193094030050967,0.9324984975864548
0,0.8706674130194512,0.025043828498500863,0.10428875848204794
0,0.17304748914285242,0.1949700451966162,0.6319824656605316
2,0.06996074945076458,0.0070651255049341485,0.9229741250443012
2,0.018948070289101965,0.004474422119822753,0.9765775075910753
1,0.608625455339314,0.030198430507645927,0.3611761141530399
0,0.9914104993778139,0.0012239815250648539,0.007365519097121679
0,0.9466283361191847,0.0191457998305923,0.03422586405022249
2,0.16763602026050542,0.02377803741166466,0.8085859423278299
0,0.8650408156426908,0.0028797775235979753,0.13207940683371125
0,0.9498204820172548,0.003912930033457043,0.0462665879492881
1,0.13111851406869776,0.5950764412014344,0.2738050447298678
0,0.9113263679466757,0.005009259424178705,0.08366437262914557
2,0.44057065561834624,0.13977219952687706,0.41965714485477656
0,0.47278987362331054,0.05445257026947849,0.47275755610721104
0,0.9894829888150644,0.007045547570833052,0.0034714636141024457
2,0.2086343337273867,0.24613187314262228,0.545233793129991
0,0.3813951854080408,0.11084057052992652,0.5077642440620328
0,0.667944889389898,0.12587571492377925,0.20617939568632265
0,0.575923670957547,0.025619404045475826,0.39845692499697705
2,0.6811816956094525,0.06563280906435132,0.25318549532619616
2,0.0229180686028871,0.009240613043299489,0.9678413183538134
0,0.8499773668924234,0.07172950521665339,0.07829312789092355
2,0.12911124074260052,0.0097076381512182,0.8611811211061807
0,0.8910841297367702,0.003444833919500677,0.10547103634372881
2,0.2575623455676007,0.15057767483448695,0.5918599795979123
0,0.8840399836523923,0.010894045265168689,0.10506597108243879
0,0.7351831377022512,0.0364649918054371,0.22835187049231198
2,0.7927015370693825,0.011900377737276193,0.1953980851933412
0,0.6314350688250953,0.07351943022039993,0.29504550095450494
2,0.5490645553480976,0.09733977155216753,0.35359567309973494
0,0.9855679809590919,0.0022334728063106643,0.012198546234597178
2,0.978554991584129,0.0011530153522961695,0.020291993063574962
0,0.8903552714609568,0.025192009034690724,0.08445271950435204
0,0.9623963552122494,0.0029908577965879115,0.03461278699116248
0,0.7387671214827823,0.06964010214346533,0.19159277637375258
0,0.8872327849550956,0.00894519660029668,0.10382201844460788
2,0.0673094364595848,0.06939455086692431,0.863296012673491
0,0.6615544740681422,0.0466120101162729,0.29183351581558525
0,0.8610936610531262,0.005108914992097804,0.13379742395477576
2,0.02406301140706718,0.013580951889438765,0.9623560367034939
0,0.9846847201434648,0.01048726507397127,0.004828014782564015
0,0.9607060088366806,0.014080417209924699,0.025213573953394675
0,0.969652786027475,0.0036365972503428676,0.026710616722182254
2,0.02478997247276021,0.0027853592588105995,0.9724246682684291
2,0.002675481498229371,0.0031199112969730464,0.9942046072047978
2,0.18319853160333535,0.026333720874875077,0.7904677475217894
2,0.06739454051830164,0.03952798299628009,0.8930774764854184
2,0.17070205770503455,0.01629105217784969,0.8130068901171156
2,0.5804457778199535,0.035938511700808654,0.383615710479238
0,0.881189361636178,0.02159765055783924,0.09721298780598259
0,0.9637188751809352,0.0013817115336336346,0.03489941328543123
0,0.9533983304109703,0.0030319739909062397,0.043569695598123584
1,0.13249367766687825,0.7059226024065773,0.16158371992654452
1,0.916071937546536,0.015025793042340285,0.06890226941112385
0,0.869279147275928,0.008971792832271544,0.12174905989180006
2,0.047052257763366724,0.03859347660482483,0.914354265631809
2,0.54593443084782,0.02208374975161897,0.431981819400561
0,0.5815999279709693,0.13059553735564788,0.28780453467338263
0,0.9912978243756624,0.0013884529936327872,0.0073137226307051365
0,0.9565222313775219,0.018510014278211282,0.024967754344267113
2,0.07203236955267181,0.01781141910179552,0.9101562113455324
0,0.4581157303634697,0.01867182148444278,0.5232124481520875
0,0.7553892101027617,0.007986834093729456,0.23662395580350895
0,0.9415392330195795,0.005463226614389328,0.052997540366031326
2,0.5209129756914896,0.015114448360653525,0.46397257594785685
0,0.9816632898180789,0.002313367160964426,0.01602334302095664
0,0.982552309401583,0.005532055465257985,0.01191563513315905
0,0.6417944139881653,0.13854245125094106,0.21966313476089352
0,0.945814420147185,0.004468081784058488,0.04971749806875645
0,0.8971846371159731,0.013032697226738043,0.08978266565728892
2,0.541762747828776,0.15328467943655916,0.3049525727346649
0,0.9910239327591828,0.001809274048953755,0.007166793191863424
0,0.933046755513187,0.003459261966714768,0.0634939825200981
0,0.9779205525077685,0.006769994481856282,0.015309453010375675
2,0.7122251828190521,0.01797943551343853,0.2697953816675092
0,0.5969597747459335,0.025009176333834558,0.37803104892023187
0,0.7572763702172254,0.05522175292490828,0.1875018768578663
2,0.006334578466438116,0.0053379458276873615,0.9883274757058744
0,0.872185164395218,0.026879061889584076,0.10093577371519787
2,0.1452947734250633,0.0728347885275584,0.7818704380473781
2,0.6249899717248163,0.07610423675703117,0.29890579151815283
0,0.9293571226876707,0.005183961943831026,0.06545891536849822
0,0.9281605974521565,0.01920264787733777,0.052636754670505596
0,0.7799596665073639,0.025448136938203313,0.19459219655443247
2,0.4279135483756282,0.09883269479669873,0.47325375682767273
0,0.8042953608516414,0.08366452006835767,0.11204011908000071
2,0.9683732876992078,0.00557316693432417,0.02605354536646787
2,0.2294127898229605,0.05258336427689216,0.7180038459001475
0,0.9325588933716663,0.006569640701943296,0.06087146592639028
0,0.843019240056505,0.030745066215427944,0.12623569372806726
2,0.056156243739708435,0.17224300413541188,0.7716007521248797
0,0.6885493335620747,0.06970374367452997,0.2417469227633954
0,0.589908150477502,0.010557651436345935,0.39953419808615176
0,0.7372795087097163,0.020756315569528217,0.24196417572075593
0,0.9529079475825823,0.004262841936929171,0.04282921048048867
0,0.8202766530164918,0.0652439187952714,0.1144794281882369
2,0.1290782443720068,0.049742556230558066,0.821179199397435
0,0.9399244459061571,0.003009917858955689,0.05706563623488721
0,0.8789925865856685,0.029353309860312586,0.09165410355401854
1,0.3462333071920974,0.057410597031497736,0.5963560957764047
0,0.49750040734387907,0.022774248050092375,0.4797253446060282
2,0.17405427179441693,0.01650666450807191,0.8094390636975118
2,0.12552743005265704,0.060786602840862826,0.81368596710648
0,0.9720863189337399,0.010155516173681512,0.01775816489257867
0,0.9674995098386295,0.0028716492348429402,0.02962884092652777
2,0.021419358309953517,0.02363899420166098,0.9549416474883856
0,0.9213877859944655,0.007529734281623794,0.07108247972391055
2,0.029047161216247872,0.0040545822530726775,0.9668982565306795
0,0.9136453297043795,0.0048565918964278585,0.08149807839919243
0,0.8509351037238404,0.018134780340086584,0.13093011593607307
0,0.8297772588126856,0.021155192101375477,0.14906754908593886
0,0.9885476761635297,0.004684021996257239,0.0067683018402129305
2,0.3069031832005753,0.0456570940698282,0.6474397227295965
0,0.9853030857639942,0.001949772885066552,0.012747141350939266
0,0.9735146660946606,0.000956799721222529,0.025528534184116727
0,0.7845750007423523,0.010712915332139769,0.20471208392550766
0,0.8487197086578202,0.07342990512500765,0.07785038621717227
2,0.5853646587769221,0.028782660346953932,0.3858526808761237
0,0.7199214973750035,0.0643221364189577,0.21575636620603872
0,0.5963418358877369,0.0599529518549078,0.3437052122573552
0,0.823747186982055,0.02941447078012598,0.1468383422378193
0,0.8871724356137896,0.012245391582922606,0.10058217280328717
2,0.15630681367331622,0.02050320777295208,0.823189978553732
2,0.14370639738710203,0.013020657565884058,0.8432729450470138
0,0.5433400892285863,0.03156603443227528,0.4250938763391385
0,0.8882121998234533,0.004993673018729658,0.10679412715781711
2,0.3229951334973092,0.14728845737681392,0.529716409125877
0,0.8460401058305878,0.08025744389535569,0.07370245027405672
0,0.9829282192512262,0.0013267283332343044,0.015745052415539394
0,0.9571038130058594,0.003976333429918863,0.038919853564221805
0,0.9810954240681937,0.015781062263868596,0.0031235136679375586
0,0.9825527280501142,0.007663606817345171,0.009783665132540897
0,0.43567645323465487,0.01998833159454835,0.5443352151707967
2,0.026156729151262464,0.004368601540788937,0.9694746693079487
0,0.7172969937603717,0.0096586837099719,0.2730443225296563
0,0.8929894589960586,0.02870139624072345,0.078309144763218
2,0.19563357408586549,0.020203850878957326,0.7841625750351771
2,0.43557780297267634,0.028004217131412427,0.5364179798959114
2,0.2755927463074208,0.130933525515731,0.5934737281768483
0,0.4956564561612159,0.0233216370626308,0.4810219067761531
0,0.8087861840923023,0.018908380008243214,0.17230543589945452
0,0.9502989794544212,0.0058252316431720574,0.043875788902407
0,0.6858682832492822,0.025848772272181356,0.2882829444785366
2,0.7332733002781167,0.017715607775475307,0.2490110919464078
0,0.9753148316898905,0.0022702159041503365,0.022414952405959292
2,0.05428427951913932,0.036005142441429445,0.9097105780394311
0,0.9451197222519815,0.006460468977403552,0.048419808770614914
0,0.9500516600879695,0.0053117406647487,0.04463659924728159
0,0.4233829823924852,0.08759466495599193,0.48902235265152305
0,0.8624610560310461,0.004715273923745193,0.13282367004520873
2,0.7777390951316295,0.07656272798837196,0.14569817687999856
0,0.7898136855908745,0.06349614783819173,0.14669016657093345
0,0.7299590545468823,0.007493498485743902,0.2625474469673737
0,0.6133045033940707,0.020068529492479534,0.3666269671134498
2,0.8835923046256332,0.004387626249268274,0.11202006912509842
0,0.879847215456257,0.006740460759569268,0.11341232378417367
0,0.4384991920998244,0.14351562082153818,0.4179851870786371
1,0.10519334470319201,0.3877722697675916,0.5070343855292164
0,0.9731663072794646,0.006045082297802831,0.020788610422732327
0,0.9844852239659238,0.0019072608236575604,0.01360751521041899
0,0.9446530235668462,0.0057538710606310816,0.049593105372522636
0,0.9448516027290131,0.008040835779082205,0.047107561491903975
0,0.9589454706723081,0.010105055801833187,0.03094947352585784
0,0.9765174017629713,0.005128004725228826,0.01835459351179961
2,0.09098008015935723,0.01145481752183718,0.8975651023188056
2,0.2177008148122616,0.05798486129684341,0.7243143238908947
0,0.9663617363509726,0.0016830720061268762,0.03195519164290059
2,0.5684406753886485,0.05120900218301308,0.38035032242833855
2,0.22018179972812285,0.04211392933966701,0.73770427093221
0,0.8140624527330576,0.01808758197931321,0.167849965287629
0,0.9866026923502619,0.002181649940369417,0.011215657709368798
2,0.3289647743472756,0.04575710041647111,0.6252781252362533
0,0.5751111034699588,0.013306843633635441,0.41158205289640576
2,0.0960157573982188,0.0059609778172499345,0.8980232647845312
0,0.7447676530197779,0.03950618800314996,0.21572615897707195
2,0.09282250183933612,0.022588095569402077,0.8845894025912617
2,0.013944206322691683,0.008114036572615302,0.9779417571046929
2,0.0009783987154690504,0.0011572277895155658,0.9978643734950156
2,0.03392437726442548,0.014093261606162923,0.9519823611294117
0,0.967542239035539,0.004023016780209396,0.028434744184251678
0,0.8695115260324817,0.005140822766928134,0.1253476512005899
1,0.3311394018284695,0.039213964703782155,0.6296466334677481
2,0.045185513157176976,0.037435315596414026,0.917379171246409
0,0.9802490595201362,0.0029152922605082295,0.016835648219355914
2,0.43364092207015226,0.13400120872087606,0.43235786920897185
0,0.13844618769012573,0.03516327323662516,0.8263905390732489
0,0.8163270544129236,0.01787304707749117,0.1657998985095847
0,0.8584003170151091,0.039049560124460876,0.10255012286043036
0,0.9856943461224245,0.00108202819614588,0.013223625681429915
0,0.9096986369369867,0.001806148362806335,0.0884952147002068
0,0.15296816181131703,0.053430570653714905,0.7936012675349684
2,0.20521505009998392,0.07430400499108969,0.7204809449089266
0,0.9571288043036335,0.009019593226945889,0.03385160246942021
2,0.8887083560846611,0.011234514577352783,0.10005712933798595
2,0.0031385284413505783,0.009840933847785314,0.9870205377108645
0,0.992080812676344,0.002113169490784227,0.005806017832871704
0,0.9634140255352444,0.00926582927827222,0.02732014518648256
0,0.9860920926318838,0.0016408251336931883,0.012267082234423134
0,0.9601251563058342,0.012397655341688824,0.027477188352477224
0,0.9376627113368481,0.01249070034962695,0.049846588313524946
0,0.9966821562018245,0.0010245724391603293,0.002293271359015121
0,0.9609020077748345,0.012736632572163894,0.02636135965300146
0,0.976908047883536,0.002919093090390423,0.020172859026073683
2,0.0449701218932326,0.022042663640902266,0.9329872144658653
0,0.6713672123544865,0.10952746069626315,0.21910532694925022
2,0.08847626691143944,0.03592186204835363,0.8756018710402069
0,0.9258541438186834,0.008795358782501927,0.06535049739881492
2,0.11736394931518135,0.01927177894599229,0.8633642717388263
0,0.30700908627502954,0.5651384034443687,0.12785251028060174
2,0.005799942455560095,0.012297170482074163,0.9819028870623657
2,0.36874746095432115,0.15548388370324379,0.47576865534243484
0,0.9518401862269062,0.004023338519010002,0.04413647525408406
2,0.07537450614361295,0.007230158702766573,0.9173953351536205
0,0.9638538463340922,0.011606786445281052,0.024539367220626503
0,0.947225362588604,0.012302879955575186,0.04047175745581988
0,0.8831235263671722,0.0034748921470334412,0.11340158148579436
2,0.648482672121398,0.0426142866735793,0.30890304120502277
0,0.99639535202297,0.0010105041565730756,0.0025941438204568432
0,0.5182047217498279,0.026600296434165126,0.4551949818160071
2,0.10355289685391877,0.045434469303125405,0.8510126338429557
2,0.04317193119518244,0.15089978476245852,0.805928284042359
2,0.14302607490502342,0.020977397527903265,0.8359965275670734
2,0.028031190034503276,0.014062193370085116,0.9579066165954115
2,0.005254608515478081,0.023686319901230164,0.971059071583292
0,0.8352100023636246,0.02579801440820423,0.13899198322817116
2,0.004178647765858759,0.020087804558910207,0.975733547675231
2,0.5484641364259805,0.09806910746874953,0.35346675610526995
2,0.0,0.01367674952580613,0.9863232504741938
2,0.02182400468292563,0.0032240833131535526,0.9749519120039206
0,0.9505093667207529,0.00828484302982499,0.041205790249421836
2,0.8440465482397936,0.012473536745243709,0.1434799150149626
0,0.9495614457398729,0.01289050937359302,0.037548044886534036
0,0.9559766468057576,0.0026946335719701467,0.041328719622272324
0,0.9025191428658491,0.019897912843280522,0.07758294429087105
0,0.7144577725014374,0.030752662070452273,0.2547895654281103
0,0.6526018474368384,0.015091945362780282,0.3323062072003814
0,0.9865045403911711,0.005475582246580738,0.00801987736224816
2,0.04604771929597517,0.006525229614356027,0.9474270510896685
2,0.3487415521345396,0.024315181300352207,0.626943266565108
2,0.6330131469551991,0.0253227948034123,0.34166405824138857
2,0.06802567527045077,0.0032201284944183826,0.9287541962351309
2,0.06296564175953628,0.0008969672547084114,0.9361373909857551
0,0.9889398062489438,0.0034352473413606682,0.007624946409695294
2,0.0422500286619802,0.06397124852903842,0.8937787228089816
2,0.008651694569324157,0.008060410318562717,0.9832878951121132
0,0.9537007224366975,0.005936179272939637,0.040363098290363456
0,0.9694086988115838,0.0060846787152826175,0.024506622473133722
0,0.9343705592642045,0.005302314852677203,0.06032712588311834
2,0.0069698263654558714,0.003064795564795565,0.9899653780697487
2,0.04071024024912518,0.004671733091675368,0.9546180266591993
1,0.4405721320437756,0.4521216663037853,0.10730620165243884
0,0.05684520674845203,0.002158312176602725,0.9409964810749452
0,0.8290770612710294,0.008394233999854055,0.16252870472911662
2,0.6524677304113367,0.01994816175691928,0.3275841078317442
0,0.9401482620617873,0.02714113404841437,0.032710603889797435
0,0.617734269172932,0.07610673478686551,0.3061589960402025
0,0.9414156560357471,0.0007731430400725941,0.05781120092418043
0,0.6963815074131489,0.09230777957525699,0.21131071301159424
2,0.003468038148146183,0.002022063357706163,0.9945098984941475
2,0.0,0.023338585274598398,0.9766614147254017
2,0.06512318672264333,0.006621469577139452,0.9282553437002172
2,0.8674361240638366,0.0018237056403305636,0.13074017029583274
0,0.6016409289053385,0.05446901736223856,0.34389005373242265
0,0.6674968478280066,0.09880879272077123,0.23369435945122247
2,0.2380347030685488,0.024768799550943608,0.7371964973805076
0,0.9623715011754264,0.004236084164394206,0.03339241466017925
2,0.8617235339214395,0.0353180539898411,0.10295841208871906
0,0.9580739170100028,0.0031503216268037194,0.038775761363193675
0,0.8502330309596152,0.008054978524311942,0.14171199051607286
2,0.4569749199294777,0.09435555495729417,0.44866952511322805
2,0.7355489700306092,0.019576692423200093,0.24487433754619045
0,0.9846530343508424,0.006323623761925197,0.00902334188723244
0,0.5433180555912918,0.020108423575108038,0.4365735208336001
2,0.12354429074561496,0.05063034044178414,0.8258253688126007
1,0.570575027159613,0.04254727566885889,0.38687769717152826
0,0.8204825885127287,0.008945062391248692,0.17057234909602248
2,0.018798605236651264,0.031150482066339108,0.9500509126970096
0,0.9635272064512365,0.0027095810201722263,0.033763212528591165
0,0.07244695451316127,0.06087600511861965,0.8666770403682187
0,0.9422358602036076,0.0017138372240931706,0.05605030257229951
2,0.04588197765267311,0.010847614095261053,0.9432704082520658
1,0.3866569508748295,0.07959844624781645,0.5337446028773541
0,0.9579191332927919,0.010220644261759407,0.031860222445448574
2,0.19556479758774542,0.012950741439703664,0.7914844609725509
0,0.8436474805148965,0.0382305914940227,0.11812192799108086
0,0.9019489917456478,0.007758469115860947,0.09029253913849147
0,0.6468539892959554,0.03791660307421799,0.3152294076298261
1,0.7175143845992067,0.07777970344564357,0.20470591195514998
2,0.011267901732641288,0.005864092137766464,0.9828680061295921
2,0.21647547522799634,0.0984237574567516,0.6851007673152519
2,0.17405297435957595,0.025684291873018874,0.8002627337674049
2,0.10528374404654132,0.01700340961911566,0.8777128463343429
2,0.1338830773029349,0.07114247031001167,0.7949744523870534
0,0.9336932417720849,0.004019842944862149,0.062286915283053045
2,0.6472217449364099,0.030903992168095678,0.32187426289549437
0,0.7038085691408164,0.024327457892212523,0.27186397296697107
1,0.41994310012372277,0.12471194883588654,0.4553449510403906
2,0.023765161771383554,0.004123300993747115,0.9721115372348694
0,0.8493373665767554,0.05875182884945134,0.09191080457379322
2,0.03406713033114106,0.024386439357978573,0.9415464303108805
0,0.929111163354972,0.005661921532654738,0.0652269151123732
0,0.6996672379767545,0.051158487585996774,0.24917427443724882
0,0.9737067673234371,0.0038211839653887283,0.022472048711174104
2,0.04403751285931718,0.011215132220830665,0.9447473549198522
0,0.9740303963741321,0.003168073244330549,0.022801530381537413
2,0.10938099223074561,0.09617347423986701,0.7944455335293873
0,0.7641485631266539,0.014376483943623349,0.2214749529297224
0,0.9508394579157282,0.012721145072559448,0.03643939701171261
2,0.1650431470574275,0.09453255226802554,0.7404243006745468
2,0.025065577707873654,0.002400008346299906,0.9725344139458265
0,0.9037442000300195,0.019728955305045794,0.07652684466493517
0,0.9746233852047603,0.0006937274212723307,0.02468288737396727
0,0.993173565754805,0.0022079434057717296,0.004618490839423368
0,0.8839894032501612,0.0031436459027438407,0.11286695084709479
2,0.9721533979232135,0.0031053856038816955,0.024741216472904778
0,0.9807512320064854,0.0014590564012475938,0.017789711592266985
0,0.6723159972879326,0.0996495148613074,0.2280344878507598
0,0.5997468942012462,0.11796195562788755,0.28229115017086603
0,0.8065200617743387,0.03857793262570917,0.15490200559995201
1,0.4266495988637744,0.2530243673313696,0.32032603380485586
0,0.9965501490724912,0.0014162149323534755,0.0020336359951552557
0,0.2346548474993979,0.05101847532910667,0.7143266771714954
0,0.198159238727896,0.011827938517468472,0.7900128227546362
0,0.9007848511947077,0.006383682367906898,0.09283146643738543
0,0.18059876860462035,0.014923054455124143,0.8044781769402551
0,0.901418014334972,0.029141508204009556,0.06944047746101817
2,0.7435251630278406,0.0675313185824462,0.18894351838971357
2,0.07019689534913746,0.008757214380497992,0.9210458902703645
2,0.9754837907031836,0.00523104395875518,0.019285165338061103
2,0.1947329980636899,0.01556731962781314,0.789699682308497
2,0.977905561991845,0.0029454210714452817,0.01914901693670975
0,0.9882461552960199,0.004661336110666286,0.007092508593313449
2,0.2349345126702596,0.3091021274452936,0.45596335988444686
0,0.7340212953696031,0.04511334790523449,0.2208653567251623
0,0.9488663004609547,0.002200601267144101,0.04893309827190118
0,0.9731630942245031,0.001952928247405074,0.024883977528092117
0,0.9759115702565493,0.0021386851519986615,0.02194974459145226
2,0.006462099804615846,0.0017469694095851708,0.9917909307857989
2,0.8828971384841159,0.04903935214323729,0.06806350937264685
0,0.9805899063079684,0.001673882108769503,0.017736211583262173
1,0.25756734840764584,0.6004415791253132,0.14199107246704087
0,0.97768452799718,0.004858109225971247,0.01745736277684896
0,0.6728901260309874,0.04222473958607425,0.2848851343829383
0,0.9463164920485255,0.009740679240913678,0.043942828710560676
2,0.03420225993211392,0.009251197355865211,0.9565465427120207
0,0.9697302205984207,0.004578320303340275,0.025691459098238868
2,0.04943937532070404,0.010218931209714623,0.9403416934695816
2,0.6603854146639626,0.010979645642450556,0.3286349396935865
2,0.1311025248944084,0.046376359783899423,0.8225211153216919
0,0.12232142611593844,0.0290546858229559,0.8486238880611057
2,0.0,0.01367674952580613,0.9863232504741938
2,0.5127972637881084,0.11321850570225825,0.3739842305096334
0,0.9386971208529189,0.013097544723911784,0.04820533442317069
0,0.5280803429262498,0.04278980973037794,0.42912984734337223
0,0.9571913484158955,0.009027062508039547,0.03378158907606509
0,0.061819349120316565,0.03283182617063432,0.9053488247090493
0,0.9641273996231111,0.002496442366937381,0.033376158009951536
0,0.15693422706040658,0.022406536645508235,0.8206592362940851
1,0.22666795629899805,0.08811644721753381,0.6852155964834684
0,0.6601284084244524,0.01843869179274046,0.3214328997828068
0,0.9435381605145332,0.004729538907616061,0.05173230057785079
2,0.24634256083467027,0.052271919780888174,0.7013855193844417
0,0.41672320377316124,0.049807669681531115,0.533469126545308
0,0.9324637688205536,0.004822654080411458,0.06271357709903487
0,0.9813692308419655,0.007917898639943695,0.010712870518090889
2,0.9619846680041626,0.002661335746621992,0.03535399624921534
0,0.991090137188374,0.0005499852146631369,0.008359877596962753
2,0.15732206702056825,0.011285165532140788,0.831392767447291
2,0.6036061658391367,0.050225035269367856,0.34616879889149516
2,0.08681127799664853,0.07050325054049672,0.8426854714628548
2,0.01575590656188114,0.0005726023008656611,0.9836714911372532
0,0.9461804833147277,0.019840987488576035,0.033978529196696174
0,0.7991440786284484,0.015145272408055655,0.18571064896349584
2,0.0005913117829157449,8.960826667001552e-05,0.9993190799504142
2,0.31594367825501596,0.14241938550635427,0.5416369362386297
0,0.9267265432411188,0.021913776052503657,0.05135968070637797
0,0.9793427662005834,0.0020762367409146634,0.018580997058501973
0,0.7402362732383881,0.05068263398264071,0.20908109277897122
0,0.34835602602661647,0.09662253476550647,0.5550214392078773
0,0.6563139468791439,0.03983841525106399,0.3038476378697921
0,0.7456045143171163,0.008368553138146809,0.246026932544737
0,0.9881071591383717,0.001534767551054553,0.010358073310573564
0,0.8554250846994453,0.009323544464385354,0.1352513708361689
1,0.4047550370350662,0.3376845635116796,0.25756039945325415
0,0.37173609703918137,0.12591042783392825,0.5023534751268904
0,0.8886541662540279,0.01933198560418802,0.09201384814178426
0,0.8482848011173093,0.024642869455822423,0.12707232942686847
2,0.008520442000370115,0.0008995065179300613,0.9905800514816997
2,0.861672536987958,0.03185871666802164,0.10646874634402051
0,0.4710951949352019,0.03092855502334793,0.49797625004144996
0,0.982048342408076,0.00136109388558657,0.016590563706337342
2,0.14415791449144635,0.03945632702055503,0.8163857584879987
0,0.9422506952357822,0.017913819539047256,0.03983548522517096
2,0.0,0.01367674952580613,0.9863232504741938
0,0.9070859199043555,0.004262798607288377,0.08865128148835656
2,0.9736055833123177,0.002195355813445569,0.02419906087423667
0,0.6667259444966878,0.12525420701159692,0.20801984849171545
0,0.5470799966937862,0.04926304790146364,0.40365695540475016
2,0.0004986442373609391,0.0001531640360343914,0.9993481917266045
0,0.9374573668725307,0.0071106668976994285,0.05543196622976995
