target,prediction_0,prediction_1,prediction_2
2,0.024168009723476176,0.02140645276267255,0.9544255375138508
0,0.9675941140682599,0.01579453306169455,0.01661135287004576
0,0.987405739486358,0.0016153411341269942,0.010978919379514882
2,0.13238078739400091,0.04857318134752642,0.8190460312584726
0,0.9056954540190599,0.020434015573648434,0.07387053040729195
0,0.7787220252019433,0.009086145857493799,0.21219182894056304
0,0.8457016695560121,0.02931753717759145,0.12498079326639627
2,0.041081903311747825,0.006179867985253276,0.9527382287029987
0,0.9739139692467942,0.0026201617735374587,0.023465868979668698
1,0.3477626231061864,0.0420699430088019,0.6101674338850115
2,0.029467339921710904,0.012284329929216933,0.9582483301490721
0,0.7841441695023731,0.014823185399221702,0.20103264509840518
0,0.943669198828672,0.011739121156874638,0.044591680014452864
0,0.8902202260597744,0.014643881075399504,0.09513589286482638
0,0.9077431505003768,0.037844479220070844,0.054412370279552244
2,0.14789032199543845,0.0727147221419752,0.779394955862586
0,0.9018932272593871,0.013329785324095973,0.08477698741651672
2,0.6979021267660789,0.06510489887379295,0.23699297436012798
0,0.9657182858491073,0.013300452752190136,0.020981261398702353
2,0.1511869238900281,0.0651547187255267,0.783658357384445
0,0.9612589487700056,0.014171122814240098,0.024569928415753676
1,0.4507695738818773,0.12419099233006292,0.4250394337880598
2,0.04339406442619074,0.005767659242798262,0.9508382763310109
0,0.955432767278503,0.0035784506905214356,0.040988782030975876
0,0.5706780374357553,0.05170694827566701,0.3776150142885778
0,0.9211443440612421,0.017043874899128907,0.06181178103962878
0,0.978226380911434,0.002275853588607824,0.01949776549995851
0,0.9816177520929076,0.002261123857308287,0.016121124049784216
0,0.5351372809722018,0.036858839410925694,0.4280038796168723
0,0.9529228157526579,0.007813669970218762,0.039263514277123546
2,0.03980021452415764,0.008500343028880244,0.9516994424469621
2,0.20316430365115584,0.048063145997656154,0.748772550351188
0,0.2923595765044874,0.17495662688564365,0.5326837966098692
2,0.39990234342918657,0.06563469382804568,0.5344629627427677
0,0.7431598459895169,0.10610288905733836,0.15073726495314482
2,0.05425016444199969,0.005209947553419443,0.9405398880045808
2,0.19300250869805743,0.061759748281598074,0.7452377430203444
0,0.9487146961058222,0.015617999151784207,0.03566730474239369
0,0.3517427607184357,0.2082807857141887,0.43997645356737564
0,0.6628893275126043,0.08776893965026432,0.24934173283713132
0,0.8398888961761165,0.01129702303088846,0.1488140807929952
2,0.08630017981784295,0.7281675203203152,0.1855322998618417
0,0.8510168286252375,0.015812439163398112,0.1331707322113643
0,0.9651297102639932,0.0015064858079872005,0.03336380392801941
0,0.9654916250632184,0.0034151801564210552,0.031093194780360895
0,0.670905818821342,0.15536319433294246,0.17373098684571522
0,0.9009304482853737,0.005966417801156847,0.0931031339134693
2,0.7829141427381027,0.02501792431293182,0.19206793294896565
0,0.8624109119969104,0.022417328598475016,0.1151717594046143
2,0.4495661987573061,0.11002702418897703,0.4404067770537169
0,0.9021452181235629,0.07937518748896229,0.0184795943874746
0,0.9783345605026479,0.0027176962074228635,0.01894774328992959
2,0.07192702015557148,0.02546740391438213,0.9026055759300462
2,0.23606407662720458,0.04644555176838015,0.7174903716044151
2,0.17593351899671023,0.038676058673228986,0.7853904223300606
0,0.8211372636976088,0.0085601379541701,0.17030259834822095
0,0.8774216133225446,0.029661202090835583,0.09291718458661986
0,0.7760980285803923,0.0435076373973442,0.18039433402226346
0,0.9842810587524136,0.002768822925595624,0.01295011832199109
0,0.7268311384140511,0.0956713754322526,0.17749748615369654
1,0.8755464273502361,0.01471779618186527,0.1097357764678992
2,0.8383718101015154,0.026139178127332945,0.13548901177115172
0,0.9647027064190848,0.0038562405275674,0.03144105305334715
2,0.1279149211619759,0.011233912620703036,0.860851166217321
2,0.06766123767701147,0.05806984989391743,0.8742689124290712
2,0.004237583403053505,0.003751780319733951,0.9920106362772125
1,0.889662435556042,0.012338658244841923,0.09799890619911622
2,0.23316918122183578,0.02656906173291979,0.7402617570452444
2,0.05506385910656654,0.23394950288072444,0.710986638012709
0,0.9325094558324958,0.013957761731531959,0.0535327824359723
0,0.9842534792457733,0.0009451906802406339,0.014801330073985932
0,0.7693779956891481,0.011796952839094831,0.21882505147175713
0,0.9550402824195345,0.005010857593254101,0.039948859987211226
0,0.9432290129440818,0.022951148000548618,0.03381983905536969
2,0.002650381287275147,0.005222694431929329,0.9921269242807955
2,0.02522131624712416,0.006883964709763451,0.9678947190431125
0,0.9585650791455619,0.012902430521553862,0.028532490332884717
0,0.6251511180468983,0.02290091586733936,0.35194796608576234
0,0.9407827830707205,0.010122718545327775,0.04909449838395206
0,0.7611483556356335,0.013459540150706254,0.22539210421366007
0,0.7717245729268828,0.06920018239568904,0.15907524467742792
2,0.7754052380734991,0.02426003313300886,0.20033472879349207
1,0.6181886003430213,0.007574213747925739,0.37423718590905297
0,0.7819796739570409,0.016205906074991595,0.2018144199679673
0,0.7830139588357296,0.015739214856481297,0.20124682630778948
2,0.7049758877594358,0.045779760759020495,0.24924435148154345
0,0.9749057655063901,0.002330669822532449,0.022763564671077166
2,0.025452087303533936,0.04992875846819297,0.924619154228273
0,0.979657937845341,0.003184270491848203,0.01715779166281085
0,0.8755115849166638,0.03186719322314178,0.09262122186019421
0,0.8415763312894228,0.012977835552776347,0.14544583315780052
0,0.8059702574338806,0.029833578994937205,0.164196163571182
0,0.8850904226822769,0.041399296263385364,0.07351028105433792
0,0.9812927423413811,0.00254648664184066,0.01616077101677846
0,0.9871070920599484,0.0011991040017945848,0.011693803938257105
0,0.9793836928373555,0.006098106141090117,0.014518201021554543
0,0.9715030463193782,0.0022478004018905286,0.02624915327873125
2,0.04154797949118056,0.004335322046377093,0.9541166984624422
0,0.9768148743979108,0.002794913483263285,0.020390212118826096
0,0.4971925313822551,0.025445862600992054,0.4773616060167528
2,0.028326951623885398,0.035254452066523244,0.9364185963095912
2,0.002341728389231606,0.003959865443426701,0.9936984061673418
2,0.017986007362075528,0.012823209823549266,0.969190782814375
2,0.041969302802625646,0.06673392107735177,0.8912967761200223
0,0.9771803887313658,0.0024001001277510225,0.020419511140883324
0,0.9522159373155196,0.02144591123665315,0.026338151447827328
0,0.9629162919893673,0.003225837042184282,0.03385787096844846
2,0.4937023401259031,0.031642717587920276,0.47465494228617666
0,0.5175548212883165,0.033321937830310525,0.44912324088137295
2,0.1572572415214497,0.09708851613063295,0.7456542423479174
0,0.9651480850040776,0.006502334088103291,0.028349580907819003
2,0.16863893061326773,0.06063696300587986,0.7707241063808521
0,0.9231310028990315,0.010268581829760308,0.06660041527120816
2,0.05077298985624482,0.017879623244667492,0.9313473868990876
0,0.9501378357964753,0.004060470494556195,0.04580169370896827
0,0.7674137643155775,0.021137323320656494,0.2114489123637658
0,0.9558268822663095,0.00111731843575419,0.04305579929793629
0,0.9493834031932258,0.0047690174016940005,0.045847579405080316
0,0.9642198663955351,0.010416671917936585,0.025363461686528425
2,0.5363253882586769,0.0432725143859753,0.42040209735534767
0,0.8942346380647354,0.009572609214922015,0.09619275272034265
0,0.948898965840739,0.023183613807600437,0.027917420351660636
0,0.6638956486876684,0.17874837595527188,0.15735597535705972
0,0.9747875761442701,0.0026213248307101296,0.02259109902502
0,0.43027094627257423,0.02295762063797842,0.5467714330894474
0,0.6341796450747657,0.052873180015006384,0.3129471749102283
0,0.9595360339478249,0.004873077630595114,0.03559088842157967
0,0.9338187325564641,0.016799029838576094,0.049382237604959585
2,0.13552950964078234,0.061441284754627117,0.8030292056045905
0,0.8821061010242552,0.02322928425895592,0.09466461471678853
2,0.0811496672934062,0.011230338206279703,0.9076199945003144
0,0.8939540299982837,0.015840235554550972,0.09020573444716565
2,0.015578180773127824,0.003557533531335718,0.9808642856955365
0,0.9558475886942184,0.004147359055941332,0.040005052249840155
2,0.6705624753522955,0.11743004258700952,0.212007482060695
2,0.46929402308548984,0.030319392196824137,0.5003865847176858
0,0.7326080015143408,0.02251751972538606,0.24487447876027305
0,0.9840286986091218,0.0009445744244205179,0.015026726966457482
0,0.9517904173445296,0.017816181635482386,0.030393401019988303
2,0.5868853932375795,0.022547506606267843,0.3905671001561527
0,0.6173684172576336,0.08533625012264,0.29729533261972624
0,0.32951321291329577,0.10610575329692369,0.5643810337897806
0,0.9027147405814713,0.024025852902479956,0.07325940651604873
0,0.6839703265408054,0.02662709233778593,0.2894025811214088
0,0.8147245404770815,0.022714826856328616,0.16256063266659
0,0.9440976727925513,0.004010311863459809,0.05189201534398952
2,0.038128392197388956,0.0054612530202704755,0.9564103547823402
0,0.9338545041318712,0.03525943880558262,0.030886057062546168
0,0.9318113534337045,0.02292815715683476,0.04526048940946076
2,0.2659332821987559,0.14511356229415293,0.5889531555070916
0,0.9603881565987576,0.005074632452165399,0.034537210949076934
2,0.5928592825168071,0.06223960125149082,0.3449011162317023
0,0.9839993210876963,0.0013664400125040894,0.014634238899799753
0,0.913964664884118,0.012083286946350599,0.07395204816953137
0,0.3914124608142504,0.023616718847905317,0.5849708203378442
0,0.8773551468877283,0.013166391419326358,0.10947846169294534
2,0.014274977796771317,0.01576960738534285,0.9699554148178858
2,0.0252704629605388,0.0008455786453351882,0.973883958394126
2,0.7495579474964401,0.01404880871195748,0.2363932437916027
0,0.9509579881826136,0.004839130441665812,0.04420288137572086
0,0.042386976697643,0.00641026959215035,0.9512027537102067
0,0.9839052568707696,0.0029806172053010106,0.013114125923929439
2,0.7535248223239412,0.013983203328364181,0.23249197434769472
2,0.757921769287572,0.03721375951294517,0.20486447119948267
0,0.9263738604823014,0.008636950855982782,0.06498918866171587
2,0.4222490799196785,0.10843751443770211,0.46931340564261936
0,0.9832081133617838,0.006161399613037033,0.010630487025179228
2,0.011403303133412078,0.002936158333554239,0.9856605385330339
2,0.8131261376361562,0.020027227685581454,0.1668466346782626
0,0.8273865868571431,0.005685992145877468,0.1669274209969797
0,0.6947543087924505,0.06697105378427919,0.23827463742327026
1,0.24695190310889575,0.054107002922432944,0.6989410939686712
2,0.19464473385318665,0.03166110583050535,0.7736941603163083
0,0.8591170261873617,0.02546682826040362,0.11541614555223449
2,0.08270729271567773,0.2711308089245104,0.646161898359812
2,0.023491406538464574,0.008368201756070327,0.9681403917054648
0,0.9744620549122585,0.0018902105574421112,0.02364773453029958
0,0.07913111321231325,0.021793541097620543,0.8990753456900662
2,0.14828851067782775,0.02943985680622719,0.8222716325159449
0,0.9244192585594574,0.002733142064479616,0.0728475993760632
0,0.25080773286390107,0.09959237256630696,0.6495998945697921
0,0.5259551578425496,0.09476723354017635,0.3792776086172739
2,0.012986041775757259,0.006069028348579887,0.9809449298756628
0,0.986687587528524,0.0009801926490424395,0.012332219822433446
2,0.17383215114232517,0.05252533259759239,0.7736425162600824
2,0.4164953442865018,0.1015450260885673,0.48195962962493094
1,0.3797034761494489,0.26197844831202166,0.3583180755385294
0,0.5497068066798432,0.031014244276802525,0.4192789490433542
2,0.2054874749300369,0.018816662869160082,0.7756958622008029
2,0.3758408579288571,0.09438700461650465,0.5297721374546382
0,0.6721190034374175,0.061076587262787814,0.2668044092997947
0,0.9791195909714869,0.0038543957850418675,0.017026013243471208
0,0.8541996464956312,0.0183198079334243,0.12748054557094451
2,0.127358629275169,0.08116024807540999,0.791481122649421
2,0.3128695619870802,0.08218042882307405,0.6049500091898456
0,0.9750813814096732,0.0015132030424318168,0.023405415547894878
0,0.7167808132388929,0.06566441289089728,0.21755477387020994
0,0.9726613040167161,0.006792565793574871,0.020546130189709123
2,0.9339091758271516,0.007324429404902458,0.05876639476794618
0,0.9655885304425639,0.004680893974033195,0.029730575583403054
0,0.9446824076490101,0.003320615218665411,0.051996977132324596
0,0.9845792593968603,0.0022752609870335524,0.01314547961610609
2,0.7680089557302395,0.026523239261307847,0.20546780500845252
0,0.9847726849580044,0.002000600994284639,0.013226714047710496
0,0.904186990879401,0.014078916995068944,0.08173409212552996
0,0.16608248592401054,0.03166773104560038,0.8022497830303892
0,0.888729656251959,0.010172463626135476,0.10109788012190596
2,0.5077266922164848,0.06079026087799104,0.43148304690552386
0,0.9693378208655937,0.0038180903522378796,0.026844088782168367
2,0.06525279976161891,0.015555030222396873,0.9191921700159839
0,0.9219434420702027,0.03966847078208978,0.03838808714770734
2,0.8127072713206945,0.04094297955532472,0.14634974912398088
2,0.08496023752481074,0.01657126708457507,0.8984684953906144
2,0.023137821422739846,0.002489426255885074,0.974372752321375
0,0.5132527480507363,0.04954244885512544,0.4372048030941383
0,0.9201191208537345,0.013822008352172236,0.06605887079409321
0,0.9442152765306093,0.004719435302301196,0.05106528816708979
0,0.8566444811775487,0.08065611522200158,0.06269940360044979
2,0.6005922253805663,0.014824808542880291,0.3845829660765536
0,0.9858663013342623,0.0014794336840766923,0.012654264981660968
0,0.3121497267024783,0.10899391635335476,0.578856356944167
0,0.9856805059681397,0.0008466976205844621,0.013472796411275838
2,0.9500409311580574,0.006210626442009969,0.04374844239993255
2,0.696612525833917,0.043452424716229066,0.2599350494498539
2,0.02447861920709824,0.007390452725782943,0.9681309280671189
0,0.9838247702315056,0.0028478381310755316,0.013327391637419085
0,0.9599674990367696,0.007278757516866694,0.03275374344636389
2,0.4920733065639875,0.02756848489312607,0.48035820854288636
2,0.05026503567818722,0.005628505443747938,0.9441064588780648
2,0.03778956838365154,0.0034175046514515017,0.9587929269648969
0,0.9152136827935666,0.013228117638887371,0.0715581995675461
2,0.09601333735361468,0.0228439395790102,0.8811427230673747
0,0.8574031875271771,0.022897088201942438,0.11969972427087974
0,0.9700810857164164,0.019663268049599357,0.010255646233984303
0,0.40240086151038157,0.07307116609971959,0.5245279723898983
0,0.8154408492423899,0.04391167651586276,0.14064747424174728
2,0.5538415969838814,0.014441158435991645,0.4317172445801268
2,0.7947417272399695,0.0050730206230781665,0.20018525213695257
0,0.9816757253645491,0.002786183572360898,0.015538091063090051
2,0.16728341626975243,0.03856129031338903,0.7941552934168585
2,0.02946924705817639,0.0059609676519077354,0.9645697852899157
0,0.7429650154840052,0.010245396821541257,0.24678958769445358
0,0.9493834184856323,0.004027406303167693,0.04658917521120004
0,0.9100380411825028,0.004900233390630574,0.0850617254268667
0,0.8341922695702846,0.013016762624982647,0.15279096780473267
2,0.010170508111861811,0.030554669791773202,0.9592748220963648
0,0.22383980313954355,0.06803222390310523,0.7081279729573512
0,0.8599926358613554,0.027397802159898215,0.11260956197874618
2,0.042184752869732174,0.009859662583494777,0.9479555845467731
0,0.8401347567425985,0.007350211121084032,0.15251503213631737
0,0.1481505183119102,0.12111590785180863,0.7307335738362811
2,0.14180863012918296,0.02663839376916094,0.8315529761016558
2,0.01891472031340124,0.022686889694598332,0.9583983899920006
1,0.5771201239632373,0.04692812569946611,0.3759517503372967
0,0.9825106092357647,0.002261123857308287,0.01522826690692707
0,0.9581939920426991,0.00568459650142755,0.03612141145587368
2,0.1772900007211027,0.02247546716181576,0.8002345321170811
0,0.8635365610264887,0.00909871146827961,0.12736472750523195
0,0.9839328441595484,0.0008461759393960251,0.015220979901055526
1,0.11240614377283836,0.5701664259628944,0.31742743026426723
0,0.923087596243338,0.009463659038656811,0.06744874471800494
2,0.48910685939039866,0.1257477391982558,0.38514540141134557
0,0.4751943440038835,0.05631902722498383,0.4684866287711324
0,0.9720651753240691,0.004505552118882904,0.023429272557048034
2,0.2656718450554621,0.2253661627050033,0.5089619922395342
0,0.37686374229019837,0.1137384973981107,0.509397760311691
0,0.711414802757191,0.06122870587451557,0.22735649136829356
0,0.548915533736287,0.02701702246555357,0.42406744379815936
2,0.7208762628519136,0.044920323841861426,0.23420341330622466
2,0.10872647129104451,0.0036175991309071154,0.8876559295780485
0,0.8719368423233228,0.059154925194349804,0.06890823248232694
2,0.07082350564562255,0.021239933079037453,0.9079365612753403
0,0.8975521744348106,0.0063718983092353855,0.09607592725595389
2,0.3546727038325642,0.1898045050983535,0.45552279106908217
0,0.8889962060737949,0.00958470480191107,0.1014190891242939
0,0.7700577729810321,0.06942131574459258,0.16052091127437537
2,0.8032046187027448,0.013101995710860296,0.1836933855863951
0,0.5626726022190592,0.09702799488884645,0.34029940289209465
2,0.5434355256651998,0.05726487412040912,0.39929960021439104
0,0.9842721420651099,0.007328963265616215,0.008398894669273913
2,0.9535431649208196,0.004440521657697062,0.0420163134214837
0,0.8950188066303902,0.020197525602720853,0.08478366776688875
0,0.9584052787272328,0.002873853900943667,0.03872086737182384
0,0.7244188663824395,0.059545320635325624,0.21603581298223484
0,0.9277913782713455,0.008645844727696578,0.06356277700095797
2,0.0676156728381012,0.032226860136117884,0.9001574670257809
0,0.6617541184482013,0.05250552587784083,0.28574035567395767
0,0.8679759415715471,0.007970893283786204,0.12405316514466666
2,0.02877271585952429,0.003927251298746626,0.9673000328417292
0,0.963081083791514,0.02091325546730976,0.016005660741176174
0,0.9570134038590719,0.013553861211784935,0.029432734929143372
0,0.9378967262705901,0.01458162383166378,0.04752164989774603
2,0.03850553843874037,0.0031654726354640892,0.9583289889257952
2,0.012045446790971182,0.0009567692099200434,0.9869977839991089
2,0.15625538572553624,0.02937225217612072,0.8143723620983429
2,0.06419158584785917,0.03046765990714758,0.9053407542449933
2,0.19540780746037895,0.019289583780143425,0.7853026087594778
2,0.4834725102483603,0.0376436625236002,0.47888382722803946
0,0.882874605970715,0.029053060331651413,0.08807233369763348
0,0.9742689611596805,0.004599043413342642,0.021131995426976812
0,0.922526504272603,0.019070560276099803,0.0584029354512972
1,0.12534578089199938,0.7085202550328601,0.16613396407514053
1,0.8673811552192304,0.02236917426019381,0.11024967052057559
0,0.8627592658932065,0.01636613000205109,0.12087460410474249
2,0.05925372480556808,0.03082673530171879,0.9099195398927131
2,0.5451819006964325,0.01565315615934619,0.4391649431442213
0,0.6785620866019444,0.058323717292721,0.2631141961053347
0,0.9816613464154729,0.0024228243696570537,0.015915829214870145
0,0.958689100083321,0.008178485205525918,0.03313241471115304
2,0.031595420978013905,0.02481361902274463,0.9435909599992416
0,0.469949191429984,0.03582019390440905,0.49423061466560675
0,0.8034909807109624,0.020764078293821087,0.17574494099521662
0,0.9096611439179304,0.009191083939056394,0.08114777214301312
2,0.5143594595350988,0.017320325550923037,0.46832021491397813
0,0.9656740125623029,0.014133196555117031,0.0201927908825802
0,0.9629547262081082,0.008804728492141168,0.028240545299750893
0,0.6187308625486616,0.14882235915395145,0.23244677829738677
0,0.9401890393344109,0.005139366091189303,0.05467159457439989
0,0.9156755221003997,0.01111955905467975,0.07320491884492043
2,0.5357305601848933,0.1333047707260997,0.3309646690890068
0,0.97760176747543,0.00852879911557168,0.013869433408998382
0,0.9303340856441006,0.01181362643392146,0.05785228792197807
0,0.9711050573649846,0.005732985697838292,0.023161956937177187
2,0.6883807617466393,0.02070370536606014,0.2909155328873001
0,0.5482755787591461,0.04527790842689696,0.40644651281395705
0,0.7755947148845037,0.062128550622380666,0.16227673449311553
2,0.009093075497596803,0.016697188874758604,0.9742097356276447
0,0.8669053736945079,0.015281835888494074,0.1178127904169978
2,0.16607887143334615,0.11061051165725551,0.7233106169093982
2,0.5898534236574429,0.07553426419496433,0.3346123121475928
0,0.9422188435528278,0.003746204164251322,0.054034952282920774
0,0.936304249808228,0.01372001802109329,0.049975732170678716
0,0.8206308558992135,0.019569330328824186,0.15979981377196253
2,0.3938709135519024,0.1278385010132123,0.47829058543488545
0,0.8367876204156668,0.046546656421564636,0.11666572316276828
2,0.9518775231697222,0.005135575420972061,0.04298690140930588
2,0.19561730714948997,0.024487537841310244,0.7798951550091998
0,0.983194423887052,0.0006167112034837688,0.016188864909464366
0,0.8472651997793673,0.028677327133459645,0.12405747308717309
2,0.04395578659257522,0.1917980148105219,0.764246198596903
0,0.6611549742143839,0.06341656772646023,0.275428458059156
0,0.5656451640809269,0.010866102015079876,0.4234887339039931
0,0.7429363027540541,0.031155955533788523,0.2259077417121574
0,0.9313265255351302,0.0017316698605750363,0.0669418046042948
0,0.8568793161475626,0.019234605910253732,0.12388607794218359
2,0.08472554379483588,0.05061352739494868,0.8646609288102153
0,0.9687388508538108,0.0028393458411191787,0.028421803305069885
0,0.8391006226460471,0.04538508376967445,0.11551429358427835
1,0.33700094740866127,0.058977265447296215,0.6040217871440425
0,0.5426610214605758,0.02585478470105738,0.431484193838367
2,0.1615606500948462,0.01849849839760141,0.8199408515075524
2,0.1386576747041943,0.051020611294737325,0.8103217140010683
0,0.9101982987405615,0.054705977400442786,0.035095723858995634
0,0.9780054691980364,0.003254265360225743,0.018740265441737954
2,0.027745483958022687,0.011743946909390212,0.9605105691325873
0,0.9224291384407676,0.006141818258322198,0.07142904330091046
2,0.01049166310985623,0.010657772114597659,0.9788505647755462
0,0.9684485037932268,0.0005575512497898159,0.03099394495698328
0,0.8582483365738378,0.01877845205495398,0.12297321137120837
0,0.8210703616788056,0.033229648400890766,0.14569998992030364
0,0.9859777144541152,0.0008557522622419737,0.013166533283642812
2,0.2816000664445169,0.049184135708902066,0.6692157978465808
0,0.9802682015299163,0.004300824356470439,0.015430974113613136
0,0.9736654327061369,0.0028363447376097725,0.02349822255625363
0,0.7441130742225937,0.03389830351191988,0.22198862226548652
0,0.8758232306994933,0.02556150951104556,0.09861525978946109
2,0.5981835001399719,0.026008532959254798,0.3758079669007733
0,0.7918552582040772,0.05942244799804392,0.14872229379787882
0,0.4596873421737902,0.060042681174120476,0.48026997665208937
0,0.8279456708787666,0.023503934877298946,0.1485503942439346
0,0.8715833444501574,0.01691101766836453,0.11150563788147803
2,0.17214709162370878,0.04160217584944092,0.7862507325268502
2,0.14517299070110057,0.02789369641408913,0.8269333128848103
0,0.5558261958655526,0.035146525815235204,0.40902727831921176
0,0.9404584485970031,0.012987207037551516,0.04655434436544559
2,0.31900317897133157,0.11317623493592517,0.5678205860927432
0,0.8679532639688778,0.03252819947113114,0.09951853655999104
0,0.9702025951662809,0.0033873741720777803,0.02641003066164124
0,0.9543374102493758,0.004713492559559356,0.04094909719106504
0,0.9747091689744387,0.017098948891980267,0.008191882133581078
0,0.9792496526522196,0.00275618881063481,0.01799415853714565
0,0.523869392930381,0.022297585220637378,0.4538330218489816
2,0.024186649465316977,0.005870065461991137,0.9699432850726918
0,0.6873141364757394,0.029152863690142583,0.2835329998341182
0,0.8777513719151275,0.0323054038130058,0.08994322427186638
2,0.19667085441997534,0.030815540828464414,0.7725136047515604
2,0.4661196240539055,0.03960088012590229,0.4942794958201922
2,0.3591744361593931,0.10485734231953205,0.5359682215210746
0,0.4831518035346139,0.02958713597478503,0.4872610604906009
0,0.8081469889217426,0.0257573966805036,0.16609561439775383
0,0.9484716157283861,0.0067781772834037005,0.04475020698821045
0,0.7841416376892443,0.025592478833357392,0.19026588347739862
2,0.7455348375665293,0.023991324623039885,0.2304738378104308
0,0.9693329598505355,0.003504372611337045,0.02716266753812753
2,0.04213574095792499,0.004428769372393642,0.9534354896696815
0,0.9262071097432558,0.00927097798466143,0.06452191227208248
0,0.9359226776255599,0.005521521850837634,0.05855580052360222
0,0.4396552031763368,0.06549431288870941,0.4948504839349533
0,0.8593211524186996,0.018852622484504374,0.12182622509679597
2,0.8263611536401525,0.04812042116239777,0.12551842519744974
0,0.7782207756610969,0.05917933639947275,0.16259988793942995
0,0.73072110554113,0.006632913961075531,0.2626459804977944
0,0.6384051890683409,0.03365439652434894,0.32794041440731053
2,0.937400644871877,0.01130912221519432,0.0512902329129287
0,0.829488410818062,0.0143930826275901,0.15611850655434797
0,0.47954183416038154,0.13879449185216644,0.38166367398745216
1,0.09065425186423116,0.34704220317463874,0.5623035449611302
0,0.967926860209067,0.007358157745151861,0.02471498204578158
0,0.9801746101886435,0.001351285456006913,0.018474104355349494
0,0.9085478796629088,0.01518962810322834,0.07626249223386279
0,0.9226617098322137,0.008873286180577698,0.06846500398720866
0,0.9497830102471434,0.031046518437127545,0.019170471315729153
0,0.9764025299401569,0.002289053287633761,0.021308416772209494
2,0.17230138849817683,0.03042431827919441,0.7972742932226287
2,0.20616099384527606,0.06937656092710874,0.7244624452276152
0,0.9705821910492424,0.002253912603368839,0.02716389634738892
2,0.605699442107731,0.050076377666136054,0.34422418022613294
2,0.19058829810082004,0.0563978488677791,0.7530138530314009
0,0.8589320210153516,0.004206585132121797,0.13686139385252674
0,0.9775600146575911,0.001644270164720921,0.020795715177687864
2,0.33932236398257776,0.049148680197897705,0.6115289558195244
0,0.5549700787273137,0.02562357812894805,0.41940634314373826
2,0.1294721913040229,0.022989474591173464,0.8475383341048037
0,0.7232173968527488,0.03219127530292643,0.24459132784432497
2,0.16609915819266183,0.019594466907963074,0.8143063748993751
2,0.02691110680480631,0.014757255241846796,0.958331637953347
2,0.003922920092795481,0.006080972866317801,0.9899961070408867
2,0.014449566871969419,0.01817308647788169,0.9673773466501486
0,0.982007796011747,0.0010950330799023554,0.01689717090835068
0,0.8743868812339495,0.00659901767601261,0.11901410109003815
1,0.3475643554440748,0.03725516162383694,0.6151804829320882
2,0.028927067748333517,0.02808364737351275,0.9429892848781536
0,0.9735588005269837,0.0013793354198901608,0.02506186405312606
2,0.4496669171092113,0.12446147610076684,0.42587160679002184
0,0.15204475955599758,0.03430178172530144,0.813653458718701
0,0.8072479640652434,0.01363411323095777,0.17911792270379867
0,0.8584194776893951,0.024938760258176887,0.11664176205242807
0,0.9797376009125688,0.0034368333872452903,0.016825565700186094
0,0.9521988362850516,0.0025956663515965257,0.0452054973633519
0,0.1781705187948049,0.01785607769013751,0.8039734035150576
2,0.2040825666657421,0.09316730757099657,0.702750125763261
0,0.9616330562939713,0.007647717486509363,0.030719226219519703
2,0.9004021509779093,0.014440410826254966,0.08515743819583578
2,0.013848810940870829,0.010749861318961553,0.9754013277401677
0,0.9868699621926214,0.0012273291989716834,0.011902708608406833
0,0.977847338888843,0.004189899534744378,0.017962761576413088
0,0.9802834898369652,0.0036251552627608917,0.016091354900274045
0,0.9570066431810534,0.009829284065906592,0.03316407275303953
0,0.9594678927615494,0.005027247363810078,0.035504859874640304
0,0.9834302790873407,0.002861851148559152,0.013707869764100338
0,0.9817154194526998,0.009100084271195907,0.009184496276104218
0,0.9656983171722419,0.010350395772481707,0.023951287055276497
2,0.07046265211390633,0.037490104270296205,0.8920472436157976
0,0.5779514905383359,0.15923091875842882,0.26281759070323524
2,0.031258106815681676,0.007857697376794119,0.9608841958075242
0,0.922624308804344,0.013376978363462983,0.06399871283219286
2,0.18487599078728667,0.03294234578148177,0.7821816634312311
0,0.4100044565087097,0.47702582362025087,0.11296971987103945
2,0.006497654913667772,0.015670419479786653,0.977831925606546
2,0.3832369873663157,0.1782224609826856,0.43854055165099876
0,0.9378713479981726,0.005400638478200523,0.05672801352362684
2,0.1133708149107574,0.010476395741294414,0.8761527893479482
0,0.9594388702144196,0.014716700574981605,0.025844429210599214
0,0.9642152726055954,0.003175520161207862,0.032609207233196665
0,0.8739413355454703,0.01045963639384156,0.11559902806068809
2,0.564127683056071,0.05927559031007306,0.37659672663385596
0,0.983858164400113,0.0026667926095774964,0.013475042990309811
0,0.4519746762951606,0.04045268461873354,0.507572639086106
2,0.07002097890018136,0.059136550788591744,0.8708424703112267
2,0.045194937704366556,0.15064949325878468,0.8041555690368488
2,0.16519982744373748,0.01243758214069007,0.8223625904155724
2,0.027142987677948444,0.00664192856781352,0.966215083754238
2,0.012886361179265955,0.025363340784889894,0.961750298035844
0,0.8790548009977198,0.04874720107882823,0.07219799792345186
2,0.013064801669685176,0.005453105323568755,0.9814820930067458
2,0.6178226794457492,0.079990972914277,0.3021863476399737
2,0.0010781406200167868,0.017494033825815276,0.981427825554168
2,0.01183750089602507,0.000693000693000693,0.9874694984109742
0,0.9537072624122848,0.03826324246661216,0.008029495121103063
2,0.8508275256223102,0.015656039294713604,0.13351643508297634
0,0.9437501712441931,0.02407326188742894,0.032176566868377894
0,0.9276506140968366,0.009913726680826983,0.062435659222336626
0,0.916457967395167,0.02794400922495069,0.05559802337988204
0,0.6345491810641085,0.0405938355946137,0.32485698334127794
0,0.6306601369963204,0.013334222677262739,0.35600564032641685
0,0.9729910985952929,0.004981789142085273,0.022027112262621835
2,0.06614878204206998,0.03451602739251503,0.899335190565415
2,0.2195142550368925,0.05820946259015081,0.7222762823729566
2,0.6835759477958384,0.03180970930029653,0.2846143429038649
2,0.05786155856242019,0.0037579672870963836,0.9383804741504831
2,0.002252021148702266,0.0010644822560109417,0.996683496595287
0,0.9830794259590327,0.0017333951427723857,0.01518717889819494
2,0.03821202476025979,0.008966116962925045,0.9528218582768151
2,0.00419585458296292,0.00718360688744712,0.9886205385295901
0,0.9525152212926411,0.004387869073335435,0.043096909634023094
0,0.9637468149711097,0.0033516951410592867,0.03290148988783125
0,0.9349768747282398,0.007027961531744013,0.05799516374001646
2,0.01084439679592325,0.007483168939994483,0.9816724342640823
2,0.0453391342326925,0.0056132583478099825,0.9490476074194973
1,0.538384757889296,0.3337844337039,0.12783080840680444
0,0.05229691727675315,0.009063401010001089,0.9386396817132459
0,0.7885937059684608,0.021156655944282232,0.190249638087257
2,0.593157607190768,0.03283808575878003,0.37400430705045196
0,0.9552939899023926,0.014760947551750494,0.029945062545856608
0,0.602554300416704,0.07590381930283469,0.32154188028046127
0,0.9062656405664131,0.004405469561268136,0.08932888987231859
0,0.6707518790531005,0.09188425374768783,0.23736386719921154
2,0.012214676771776654,0.0030062935846428625,0.9847790296435803
2,0.0015539473810773751,0.015155188535180383,0.9832908640837422
2,0.08058682959450006,0.030980526023930293,0.8884326443815694
2,0.8930797793015575,0.00927395953436871,0.09764626116407396
0,0.6330742300383856,0.05641399400100677,0.3105117759606077
0,0.6887596512717442,0.0851218251106565,0.2261185236175997
2,0.20938968217458295,0.02261671734021293,0.767993600485204
0,0.953768299441047,0.007476568079930188,0.03875513247902285
2,0.863908723383076,0.02043032229251133,0.11566095432441237
0,0.9574844314853747,0.010188048869463597,0.03232751964516165
0,0.8615611736004531,0.01561530962523161,0.12282351677431488
2,0.4714027342877643,0.07635136619208667,0.45224589952014893
2,0.6090018197870546,0.019660827969605256,0.3713373522433402
0,0.9769640339033598,0.0049630846750466145,0.018072881421593658
0,0.4880862134831748,0.013017584075225299,0.4988962024415996
2,0.18566220326701258,0.04461677039502021,0.7697210263379672
1,0.5656247827558294,0.03941580346959118,0.3949594137745797
0,0.7724043231982592,0.009046213344578957,0.21854946345716178
2,0.016478262188921202,0.022907284105809014,0.9606144537052695
0,0.9083909516017419,0.0022758154728551084,0.08933323292540318
0,0.05526257092701377,0.09567900006910843,0.8490584290038778
0,0.956866578460201,0.001592029586709974,0.0415413919530887
2,0.0255709905975188,0.0037838581441119075,0.9706451512583694
1,0.42026385400411953,0.09863231209278947,0.4811038339030911
0,0.9573008538726969,0.004680677274703592,0.03801846885259982
2,0.18774548023300816,0.027516079375884447,0.7847384403911073
0,0.9016244337856854,0.006855594059968534,0.09151997215434636
0,0.9109543237367472,0.009181618900664832,0.0798640573625878
0,0.6409822935917917,0.037360391708851255,0.3216573146993572
1,0.686870778164167,0.10851166414263043,0.20461755769320264
2,0.003770001149165196,0.0014402551780847287,0.9947897436727501
2,0.2902492041308137,0.056240042742635686,0.6535107531265506
2,0.19624243742094444,0.05020793890725642,0.7535496236717991
2,0.10899952762727337,0.029613675166306353,0.8613867972064203
2,0.14490678433389828,0.09091070168074007,0.7641825139853616
0,0.9290755367978577,0.004182347531406732,0.06674211567073546
2,0.5380509230944381,0.0328718722088174,0.42907720469674454
0,0.6030794972151724,0.029100563760088523,0.3678199390247391
1,0.4333413136457615,0.11703584586417208,0.4496228404900665
2,0.03994716095325891,0.006023642745841598,0.9540291963008994
0,0.8572140044936815,0.03235843908132369,0.11042755642499506
2,0.05808876625233502,0.0,0.9419112337476649
0,0.8879782793791268,0.017938225559072058,0.09408349506180118
0,0.697552423742539,0.05574967442010609,0.24669790183735493
0,0.9392249211844806,0.03329865449185713,0.027476424323662298
2,0.039026503365781104,0.015779361267621535,0.9451941353665971
0,0.959079520053982,0.008634736384973788,0.03228574356104424
2,0.0920045333954924,0.05871460508543834,0.8492808615190688
0,0.8032951836537011,0.00783687078356912,0.18886794556272976
0,0.9630832307014348,0.006000030416268195,0.03091673888229765
2,0.17280869253253237,0.09914943812103193,0.7280418693464354
2,0.025849189053213706,0.011051875426696117,0.9630989355200902
0,0.9175798687598582,0.012935114455922408,0.06948501678421964
0,0.968066227927643,0.00283904026553758,0.029094731806818885
0,0.9843858449469325,0.00237900810077722,0.01323514695229051
0,0.8889051448378199,0.0038874304153237245,0.10720742474685638
2,0.962527369460755,0.008899247216603241,0.028573383322641765
0,0.9790710448231733,0.0026856265166750374,0.01824332866015183
0,0.6775407759535248,0.0985097054027152,0.22394951864375995
0,0.5735045051275623,0.12430246406005366,0.302193030812384
0,0.8183758602993807,0.04371005339221412,0.1379140863084049
1,0.4093391919287475,0.2626782495298087,0.3279825585414437
0,0.9847928432329117,0.0021956853316627174,0.013011471435424984
0,0.19534484277869793,0.04828614901506534,0.7563690082062371
0,0.1870266899702885,0.021254527853605616,0.7917187821761056
0,0.9237261623993626,0.006919013331837674,0.0693548242688
0,0.16491125078045438,0.02227414128622332,0.8128146079333227
0,0.8931731649613952,0.016455025333252212,0.0903718097053526
2,0.6911721574318481,0.04590548637648424,0.26292235619166765
2,0.0500473012854091,0.004931264735451439,0.9450214339791397
2,0.9617991972450319,0.010145839473927915,0.02805496328104027
2,0.1850084983378718,0.020889796629574957,0.7941017050325532
2,0.9421013218954484,0.011115424884396851,0.04678325322015465
0,0.9733591289912126,0.018216644375915202,0.008424226632872468
2,0.44034846502625746,0.2519688247243876,0.3076827102493549
0,0.6512558924568659,0.05236824394082055,0.2963758636023136
0,0.9610300889044031,0.0014136072578508074,0.037556303837745796
0,0.9705776343677818,0.0018584287947807185,0.027563936837437405
0,0.9655685906952107,0.004156821366327104,0.030274587938462178
2,0.0167005683822492,0.004079100836967938,0.9792203307807827
2,0.8910020713597102,0.030118481092591003,0.07887944754769878
0,0.9787714628595273,0.003968465497824769,0.017260071642647968
1,0.2582841313122729,0.5632608704061643,0.1784549982815626
0,0.9695273647776403,0.013628448625359234,0.016844186597000533
0,0.6877446819822607,0.02915091318206915,0.28310440483567023
0,0.916726946336062,0.04437637307660342,0.03889668058733472
2,0.015873749242328306,0.00653710015912784,0.9775891505985438
0,0.9351665827058239,0.0021162771652050295,0.06271714012897102
2,0.06001523400410758,0.017325687290388886,0.9226590787055033
2,0.7418111219391629,0.0170237781848316,0.24116509987600532
2,0.13126826049237586,0.07621948710583044,0.7925122524017938
0,0.13351436585765175,0.02551303203886207,0.8409726021034859
2,0.0009538256564004176,0.021984806698612226,0.9770613676449873
2,0.5466798622117759,0.08479389439850052,0.3685262433897238
0,0.9338105814244386,0.011417790881720298,0.054771627693841377
0,0.5414828104059695,0.03396072934712124,0.4245564602469092
0,0.9414737737903925,0.006549993305606867,0.05197623290400054
0,0.05897085913847284,0.029070632886955657,0.9119585079745715
0,0.9725116137438368,0.004563982251207281,0.022924404004955913
0,0.2068145760728604,0.028960371938947235,0.7642250519881923
1,0.212464416346587,0.11152087996315158,0.6760147036902611
0,0.6150598211545868,0.014857737784860242,0.370082441060553
0,0.931061277054959,0.0091078462970561,0.059830876647985004
2,0.22817144727110697,0.05478965423255167,0.7170388984963413
0,0.4112395910458594,0.05018860476282421,0.5385718041913166
0,0.9221747863612471,0.008196190961831048,0.06962902267692209
0,0.966520351707309,0.0031495819185471874,0.030330066374143837
2,0.9550135861180823,0.008930426950601391,0.036055986931316585
0,0.9703093591128016,0.016929153129642736,0.012761487757555772
2,0.16217366888527096,0.013492789048486642,0.8243335420662424
2,0.5843787281351344,0.062935366878563,0.35268590498630237
2,0.0660623731155149,0.05491353780981918,0.8790240890746659
2,0.018250960868155978,0.009974217488050574,0.9717748216437938
0,0.9251906147420565,0.01506532595865544,0.05974405929928821
0,0.8982109639251608,0.0002736726874657909,0.10151536338737345
2,0.002204658436532674,0.0009567692099200434,0.9968385723535473
2,0.34072546865147396,0.13831445039628143,0.5209600809522447
0,0.9434689679730262,0.011755322285057735,0.04477570974191667
0,0.9738058181751407,0.002867169546297485,0.023327012278561942
0,0.7082576502905333,0.020982787892843805,0.2707595618166226
0,0.3737656699213211,0.1143660232973061,0.5118683067813725
0,0.6439013220071835,0.0394263163232213,0.31667236166959545
0,0.7333262693994025,0.014110350279069993,0.2525633803215276
0,0.9867097623866579,0.0008027231082456735,0.012487514505096492
0,0.835490942857833,0.012291608262737544,0.15221744887942945
1,0.33714801850883536,0.36592871526844695,0.29692326622271786
0,0.3880615212574316,0.10363461370553385,0.5083038650370344
0,0.9240313311597275,0.014176668436173859,0.06179200040409835
0,0.8546535115410896,0.023453684439035536,0.12189280401987475
2,0.005367348500591674,0.00945816529370187,0.9851744862057064
2,0.9049153626969755,0.03370318668531116,0.061381450617713294
0,0.4391559664491949,0.034010432661515634,0.5268336008892894
0,0.9626405645053389,0.002237161210525176,0.035122274284134974
2,0.11750581766472062,0.045407888585479325,0.8370862937497996
0,0.9651127752064416,0.0018902105574421112,0.032997014236116444
2,0.0003513784582085385,0.015517224473218506,0.984131397068573
0,0.9026959347963778,0.006222519583368379,0.09108154562025388
2,0.9810458411122338,0.00112487586422334,0.017829283023542603
0,0.6330482096611108,0.11078730718770247,0.256164483151187
0,0.5336750062826766,0.053042982626649325,0.4132820110906737
2,0.008788663192269366,0.003812224992454642,0.987399111815276
0,0.9181183705694593,0.009284531441314353,0.07259709798922627
