target,prediction_0,prediction_1,prediction_2
2,0.016807976438360826,0.0718545126248202,0.9113375109368189
0,0.8827316236263812,0.013326305149629684,0.10394207122398927
0,0.9425010713598283,0.012259675682823913,0.04523925295734787
2,0.15003816504970535,0.09898193984258086,0.7509798951077139
0,0.7943241066736507,0.015778613068886307,0.1898972802574631
0,0.8294661869440922,0.014976431656421688,0.155557381399486
0,0.877684028841174,0.020570667316854377,0.10174530384197165
2,0.009063031005416855,0.02795006314439686,0.9629869058501861
0,0.9225669903043424,0.006457794650747722,0.07097521504490993
1,0.38444715971037385,0.06718867487165316,0.5483641654179731
2,0.025828067849228746,0.04990321926357382,0.924268712887197
0,0.7198671927626944,0.017545066755092563,0.2625877404822128
0,0.8526026245810784,0.01962342678666311,0.12777394863225858
0,0.8264288804560137,0.004433560302859629,0.16913755924112622
0,0.9173416549133738,0.02213726146500703,0.06052108362161912
2,0.20181046731022617,0.09969727214664435,0.6984922605431295
0,0.8829440737764024,0.020471951007284588,0.09658397521631311
2,0.5901596398085327,0.12163232281398646,0.2882080373774808
0,0.9365996209758429,0.012392826693985793,0.05100755233017147
2,0.2817891507646332,0.057135481018015064,0.6610753682173515
0,0.8566192351437596,0.019485532957121517,0.12389523189911919
1,0.5707810303201479,0.08922133948757156,0.33999763019228046
2,0.26846284523139985,0.016851618552491933,0.7146855362161082
0,0.9447843895603824,0.008445996816978675,0.0467696136226391
0,0.45013893800048255,0.06061276082461612,0.4892483011749012
0,0.9103238457052706,0.0143450180255884,0.07533113626914119
0,0.9487302516937849,0.009732928137193989,0.04153682016902129
0,0.9444677250369644,0.011139627949418801,0.04439264701361701
0,0.6020525893196336,0.07728633969688165,0.32066107098348473
0,0.9374980248666539,0.007533249916537647,0.0549687252168083
2,0.09691033738544708,0.07423199868802832,0.8288576639265244
2,0.1851451063586923,0.049182347767551135,0.7656725458737565
0,0.30584253805156225,0.09565331889892854,0.5985041430495094
2,0.3340078113213973,0.053144618265767024,0.6128475704128356
0,0.7074967126888873,0.06109481360926494,0.2314084737018477
2,0.08734138210883072,0.027807001088269244,0.8848516168029001
2,0.5713559219729386,0.03087417513296822,0.3977699028940932
0,0.8899621636807197,0.024732634584601326,0.08530520173467893
0,0.612871122633176,0.03945381271593217,0.3476750646508918
0,0.6077987524881997,0.029995723979352944,0.3622055235324471
0,0.9156893982826484,0.017433015903606613,0.06687758581374473
2,0.14345290178911846,0.265531932117777,0.5910151660931043
0,0.8628723089582685,0.01612196307877702,0.12100572796295404
0,0.9524537974023354,0.0069591345923642935,0.040587068005300424
0,0.9479926931226247,0.009469509904995801,0.042537796972379464
0,0.7169615407234544,0.034524379386383655,0.24851407989016172
0,0.8511018014954846,0.004681501419242469,0.14421669708527302
2,0.8015603337373599,0.01864435584108771,0.17979531042155192
0,0.7849851853684301,0.01231148433801358,0.20270333029355625
2,0.497591335661372,0.11942417382649875,0.38298449051212935
0,0.9126717673452468,0.025507410288839072,0.06182082236591398
0,0.947256354277899,0.01095955099560746,0.041784094726493685
2,0.09622580072600163,0.02603318170329251,0.8777410175707058
2,0.29436468819393985,0.06044468717925023,0.64519062462681
2,0.24704334379466622,0.03923438698153045,0.7137222692238032
0,0.888926208792373,0.009554911550548339,0.10151887965707859
0,0.6985350511595163,0.07641334356840117,0.2250516052720826
0,0.6560876917519173,0.076064995415302,0.26784731283278085
0,0.9374952867457083,0.009847144447111076,0.05265756880718091
0,0.8090792070118197,0.0790777628560731,0.11184303013210734
1,0.7390353572763566,0.06585663911317499,0.19510800361046807
2,0.8251373711327739,0.020557416680881947,0.15430521218634413
0,0.8531680164301733,0.03188297302183603,0.11494901054799084
2,0.2455263035365857,0.027331498851144397,0.72714219761227
2,0.09698161632605963,0.0178238987373967,0.8851944849365438
2,0.0066006065316553866,0.009206562521218833,0.9841928309471257
1,0.8778768421704354,0.012354988944579875,0.10976816888498493
2,0.48097250118511437,0.030630925955721776,0.4883965728591638
2,0.042594895422123545,0.05877230428701136,0.8986328002908647
0,0.8181789558735761,0.028675321457402737,0.15314572266902096
0,0.9457966795532702,0.008729422675365209,0.0454738977713647
0,0.8595163487326443,0.023517705354820454,0.1169659459125353
0,0.9472515254937605,0.008824708444063377,0.0439237660621763
0,0.9350182661949321,0.021656626668361597,0.04332510713670587
2,0.0032476557346345627,0.0005299444517206118,0.9962223998136446
2,0.013855279053099358,0.020921372318421283,0.9652233486284795
0,0.9479519334130125,0.008005433145623438,0.04404263344136418
0,0.3525870024736937,0.04353228749511216,0.6038807100311938
0,0.87075721186144,0.013581662997632428,0.11566112514092756
0,0.8105428318034403,0.00810921390345399,0.18134795429310546
0,0.5123658527834628,0.039629118328725434,0.4480050288878118
2,0.7002969511315891,0.03790381537764978,0.2617992334907612
1,0.749177764150699,0.010450318556736844,0.24037191729256396
0,0.7888100105152305,0.048782685355651965,0.16240730412911766
0,0.8065796006212091,0.019368660136791685,0.17405173924199924
2,0.6491698884113406,0.04992709392490875,0.3009030176637506
0,0.9540562437851242,0.00805964422845254,0.03788411198642346
2,0.01592773005132306,0.027390777246696345,0.9566814927019804
0,0.9460236729114412,0.01054944623257916,0.043426880855979594
0,0.773492910815665,0.018851824583054386,0.20765526460128064
0,0.8243510783631961,0.005647754324685375,0.17000116731211842
0,0.6283997273078251,0.06502145314644046,0.3065788195457343
0,0.79342840104107,0.03952769095822915,0.16704390800070076
0,0.9512274867945479,0.009619708586928743,0.03915280461852314
0,0.953251103750966,0.011591321558306316,0.03515757469072786
0,0.941365367928306,0.010616586449984297,0.048018045621709284
0,0.9447414123158231,0.008719443101884416,0.04653914458229259
2,0.015625247435445546,0.0480856345611427,0.9362891180034117
0,0.891336156008314,0.024123554993883967,0.08454028899780207
0,0.42141154577342416,0.02714536784954532,0.5514430863770304
2,0.020904812208716164,0.024838316015567366,0.9542568717757166
2,0.001022272781310214,0.005354639486908839,0.993623087731781
2,0.015396708968602454,0.012701814359821524,0.9719014766715759
2,0.015788886114020222,0.04533539806682719,0.9388757158191526
0,0.9507503718652636,0.008490252091453104,0.040759376043283564
0,0.9535824688102529,0.008248470801093154,0.038169060388654
0,0.9297343847798146,0.024743638763298666,0.045521976456886944
2,0.5377803906177997,0.06749142054449186,0.39472818883770844
0,0.6536652856706741,0.04088998168911857,0.30544473264020755
2,0.18933854129623418,0.10602766037976358,0.7046337983240022
0,0.9280683397031978,0.018141241592069833,0.05379041870473249
2,0.20658541433689248,0.05447113912649558,0.7389434465366118
0,0.8187394095806759,0.021539789860411176,0.15972080055891286
2,0.060815896794233174,0.07329871928661041,0.8658853839191564
0,0.9364712193055726,0.008062276900371923,0.055466503794055676
0,0.6010481188417365,0.0234084920818353,0.37554338907642826
0,0.9343383572726727,0.011963078356736379,0.0536985643705909
0,0.947396979793347,0.009685278890930217,0.042917741315722936
0,0.9470181201267118,0.010256297858550121,0.04272558201473797
2,0.785340957373,0.016370612901297404,0.1982884297257024
0,0.8753116109918486,0.006638222142914952,0.11805016686523631
0,0.934166308793966,0.013960174901704921,0.05187351630432881
0,0.8139913936510763,0.021455735843551045,0.16455287050537257
0,0.9428184365855424,0.008814757715143156,0.0483668056993144
0,0.7615038504053058,0.03153779997627209,0.20695834961842202
0,0.4751161819913213,0.07199279532743014,0.4528910226812484
0,0.8722541282502715,0.011303680618737454,0.1164421911309911
0,0.8764830599326722,0.014879822828891578,0.1086371172384364
2,0.15351623470800116,0.07086487940191794,0.775618885890081
0,0.8498799873087475,0.032266119174293714,0.11785389351695828
2,0.18938990904232136,0.038969698370148666,0.77164039258753
0,0.7517681546794494,0.033100601348210267,0.21513124397234043
2,0.012156515509773909,0.02072570446064118,0.967117780029585
0,0.9246645464459026,0.014838574186345172,0.06049687936775259
2,0.6118411677181703,0.09844743739751084,0.2897113948843189
2,0.5734776517802639,0.05243451423897443,0.3740878339807617
0,0.6764848907840235,0.06252538772239633,0.2609897214935802
0,0.9527173813703365,0.008503664590425116,0.03877895403923848
0,0.938407162446267,0.013433758873117046,0.048159078680616065
2,0.7228603240086997,0.015890249499660267,0.26124942649164007
0,0.5823395391292483,0.09462210153790697,0.32303835933284486
0,0.31912806438880176,0.06630145025783168,0.6145704853533663
0,0.811279890183382,0.02021397174245689,0.16850613807416132
0,0.3829747796854794,0.04844508345170098,0.5685801368628194
0,0.7778991146215276,0.04474725774036731,0.17735362763810553
0,0.8975219611645715,0.0026066734369295072,0.09987136539849889
2,0.11468768462237978,0.04444508723849024,0.84086722813913
0,0.9215693428921895,0.008693956013099458,0.06973670109471113
0,0.8746375695612935,0.026090864662929113,0.09927156577577725
2,0.23660678805260144,0.06768821570452621,0.6957049962428724
0,0.937823335443976,0.008623990815729147,0.05355267374029482
2,0.4584372030309808,0.07745364624065537,0.4641091507283638
0,0.955651148348142,0.006598757717045019,0.03775009393481295
0,0.8257008859578308,0.006529111881930636,0.16777000216023896
0,0.4633903320661881,0.025794675529028307,0.5108149924047836
0,0.8405802840580574,0.014544792630145038,0.14487492331179777
2,0.009897358625969677,0.007691834156915535,0.9824108072171148
2,0.05795892417246634,0.018848161804199064,0.9231929140233344
2,0.8043747374435467,0.009241308848752775,0.1863839537077008
0,0.9284744244283116,0.01214995455597867,0.05937562101570895
0,0.0849411561802728,0.08699237656045004,0.8280664672592774
0,0.9556549292827391,0.00722360030866436,0.0371214704085968
2,0.8480972724764746,0.01690769349729342,0.13499503402623209
2,0.798856155092664,0.024404847391698202,0.17673899751563776
0,0.8302212406722221,0.015145040618150942,0.15463371870962692
2,0.42303427368098107,0.132050301835862,0.4449154244831569
0,0.94996806796988,0.01076908449221794,0.03926284753790158
2,0.03385699126633807,0.0069716606116522325,0.9591713481220092
2,0.7894164308630737,0.024173359689909888,0.18641020944701653
0,0.939351941498302,0.00912627285767328,0.05152178564402446
0,0.5058707591079779,0.13870722867773996,0.355422012214282
1,0.3409382984362133,0.05474566725339868,0.604316034310388
2,0.25591849527829685,0.07050718356614577,0.6735743211555573
0,0.7677156407886325,0.040190111149570225,0.19209424806179723
2,0.21083588322229524,0.1786892083275122,0.6104749084501927
2,0.07394173021502458,0.03882035480813179,0.8872379149768437
0,0.9484597063371756,0.012055889509478808,0.03948440415334589
0,0.16870003832407618,0.09407412924631253,0.7372258324296114
2,0.18638948485930165,0.055797373096747926,0.7578131420439502
0,0.940152175200332,0.009687585276711212,0.050160239522956784
0,0.38911797416692223,0.09061258111899562,0.5202694447140821
0,0.5488349285805141,0.07440921673096818,0.3767558546885175
2,0.009877258610787261,0.025118967322480264,0.9650037740667324
0,0.9434682332689353,0.00911688141305081,0.04741488531801401
2,0.36300907558758727,0.12719439090926904,0.5097965335031437
2,0.4222827303231529,0.04043353289445102,0.5372837367823959
1,0.3923392423909687,0.06991363576656304,0.5377471218424682
0,0.3346938306338785,0.07539667251670552,0.589909496849416
2,0.6369957269714913,0.019020603238064843,0.3439836697904441
2,0.2190326956537548,0.12224152963496235,0.6587257747112828
0,0.6517308024900232,0.06756108409311376,0.280708113416863
0,0.9415769306451249,0.014283431293048902,0.04413963806182635
0,0.7364967640238457,0.032089112207725576,0.23141412376842885
2,0.3555533244978461,0.08601774318178639,0.5584289323203674
2,0.3510789520906916,0.07351996009890806,0.5754010878104006
0,0.9323210796275639,0.00819159234993352,0.05948732802250223
0,0.668502914043663,0.057268334755029196,0.2742287512013079
0,0.9449065930446068,0.013571550222226033,0.041521856733166926
2,0.8343182350947173,0.013259299631670683,0.15242246527361195
0,0.9446565740203887,0.010686833754549771,0.044656592225061145
0,0.9263533531414245,0.006899075029148076,0.06674757182942742
0,0.9345330397591133,0.008883774770065241,0.056583185470821515
2,0.5864119962833587,0.10719753707560814,0.3063904666410332
0,0.95377552874866,0.009518882487450737,0.03670558876388951
0,0.8179120482269406,0.01688625714952833,0.1652016946235313
0,0.2252357121442828,0.046449431912784896,0.7283148559429324
0,0.8895618040490418,0.005179164089089065,0.1052590318618689
2,0.32225451821864576,0.05648972132185286,0.6212557604595014
0,0.9552768917586503,0.010283883737334989,0.03443922450401491
2,0.2454133979628944,0.015100629479437345,0.7394859725576681
0,0.9433797947951417,0.01596315931255184,0.040657045892306766
2,0.8108854826700242,0.04598422146368874,0.143130295866287
2,0.0939204454714533,0.08240266652191401,0.823676888006633
2,0.1375706089762039,0.04160262606982973,0.8208267649539663
0,0.5676127708872019,0.09372332275966133,0.3386639063531368
0,0.8292744448603859,0.032611429417478806,0.1381141257221353
0,0.947761767343067,0.00819076598862263,0.04404746666831053
0,0.8613231777987218,0.02370323356963128,0.11497358863164707
2,0.8777468956480837,0.007357289833944738,0.1148958145179717
0,0.9379239921342177,0.010226928087586096,0.05184907977819629
0,0.3440727524776988,0.11921358512694544,0.5367136623953557
0,0.9094353610716869,0.014959918100774898,0.07560472082753844
2,0.9296557751533103,0.011014473712678018,0.05932975113401165
2,0.3829747796854794,0.04844508345170098,0.5685801368628194
2,0.011014885535031426,0.10975918511188283,0.8792259293530856
0,0.9426496206769442,0.007492834086912632,0.0498575452361433
0,0.9275394635086889,0.012163310438497024,0.060297226052814124
2,0.40101725274185324,0.10653134822944443,0.4924513990287023
2,0.07970167902844276,0.024338277228072174,0.8959600437434851
2,0.1409720404551371,0.09714441014489565,0.7618835493999674
0,0.8496126668156467,0.021417079044598025,0.1289702541397551
2,0.2736021534607046,0.011645400390683576,0.7147524461486119
0,0.8470114142959613,0.048831532255640894,0.10415705344839807
0,0.9296741726173091,0.007707914467799917,0.06261791291489101
0,0.32435993071824437,0.052527723443257866,0.6231123458384977
0,0.7559922884055875,0.038343696311642285,0.20566401528277034
2,0.6860225766714335,0.016289209890995197,0.29768821343757135
2,0.8740627545364454,0.005111243569828186,0.12082600189372615
0,0.9434512109895546,0.009185600216607316,0.04736318879383808
2,0.3979159701716522,0.026760233686526393,0.5753237961418213
2,0.07126475486396057,0.0369406481714322,0.8917945969646073
0,0.9357826716171824,0.011304749330430618,0.052912579052386964
0,0.9568006069772933,0.006376581520985861,0.03682281150172076
0,0.9527733652785656,0.0070614229283116345,0.040165211793123025
0,0.7683747390760005,0.014285406933674555,0.217339853990325
2,0.03981880321032953,0.019919169159703123,0.9402620276299675
0,0.4744883777440466,0.07155266634449024,0.4539589559114629
0,0.8330680489622311,0.028451325324209253,0.13848062571355968
2,0.2729936144526044,0.043540230668895306,0.6834661548785004
0,0.927959589013642,0.01122807881546692,0.06081233217089135
0,0.14203733260027598,0.08138840372006396,0.7765742636796601
2,0.24134434478531194,0.046894836022596,0.7117608191920919
2,0.03324672562844364,0.057263327025886976,0.9094899473456695
1,0.5396344330267709,0.03889341384038046,0.4214721531328485
0,0.9517730841287122,0.008588585257816765,0.03963833061347124
0,0.8032683603577957,0.011291597362858003,0.18544004227934638
2,0.2015257718673635,0.07509738672495363,0.7233768414076827
0,0.8562674816531706,0.007698555258978651,0.13603396308785073
0,0.9411954834037861,0.006757403256530653,0.052047113339682975
1,0.14657264236934206,0.1444648412755714,0.7089625163550864
0,0.8125206091672013,0.02336987097005003,0.16410951986274874
2,0.2351610112818091,0.05889483870089419,0.7059441500172968
0,0.2011186981809274,0.084092142873735,0.7147891589453378
0,0.9530461761843698,0.009218130607751488,0.03773569320787886
2,0.1939940859579767,0.11938471009909547,0.6866212039429279
0,0.5713287794596306,0.03226772171385904,0.3964034988265104
0,0.56683393685593,0.08082845480505021,0.35233760833901995
0,0.6457394974400323,0.024998446382812834,0.32926205617715476
2,0.6245736399096047,0.11401489310389393,0.26141146698650136
2,0.23488570708256667,0.036549160612814505,0.7285651323046188
0,0.7600470709280693,0.07491467808446024,0.16503825098747044
2,0.13272621800379591,0.020320243385021895,0.8469535386111822
0,0.9411272997676056,0.010229759590386234,0.04864294064200831
2,0.283855007673441,0.19747378282486597,0.5186712095016931
0,0.8311608354477438,0.010760358625881865,0.15807880592637427
0,0.5393197400714485,0.09859069263902014,0.3620895672895313
2,0.8307595108072711,0.02598444108369149,0.1432560481090372
0,0.6343787869652244,0.10935280340760158,0.25626840962717384
2,0.5705411863094308,0.03627541598861336,0.39318339770195593
0,0.948871281964333,0.006334049664275571,0.04479466837139135
2,0.950474422950111,0.007301297179648013,0.042224279870241015
0,0.8789050940556,0.02533207991205556,0.09576282603234443
0,0.9520792286272924,0.007364021279624774,0.04055675009308301
0,0.6062121023049865,0.08968712725899673,0.30410077043601697
0,0.9449330015745031,0.010423439539784177,0.04464355888571261
2,0.12271985368486488,0.11692476379649157,0.7603553825186435
0,0.7330897779558858,0.03505300406785829,0.23185721797625586
0,0.7778752135564851,0.009797806997896806,0.21232697944561815
2,0.09311949755936372,0.031570638951070075,0.8753098634895662
0,0.9517335311847246,0.01138137627583838,0.036885092539437135
0,0.9347902503672497,0.012479837345693544,0.052729912287057035
0,0.8391949164832795,0.04076797608852965,0.12003710742819089
2,0.08618290751730034,0.052232331453494193,0.8615847610292052
2,0.021584772893085802,0.0015140792900700261,0.9769011478168441
2,0.2842765419857813,0.022421039208017992,0.6933024188062006
2,0.13155695264743375,0.05185488524586004,0.8165881621067063
2,0.5449751212381891,0.02063928305338624,0.4343855957084246
2,0.5404353856957105,0.08920691383841231,0.37035770046587724
0,0.8589083429542572,0.015045433517279862,0.12604622352846315
0,0.9368307746678841,0.010019308603326437,0.05314991672878953
0,0.9450731138818748,0.0068223760822021,0.048104510035923115
1,0.39258290638768284,0.11706913410179186,0.4903479595105253
1,0.781736547555461,0.018759910700291794,0.19950354174424736
0,0.8831921532811069,0.019189454134084002,0.09761839258480919
2,0.025289518931248985,0.04398242752062087,0.9307280535481302
2,0.8213822264848218,0.007866872332316675,0.17075090118286165
0,0.5597457389588725,0.10097901955596991,0.3392752414851576
0,0.940409798067814,0.009861095400055897,0.049729106532130335
0,0.922715843040121,0.010144326463097682,0.06713983049678103
2,0.11031235892860124,0.020591147323857823,0.8690964937475409
0,0.4220716870419427,0.09081666356270932,0.48711164939534785
0,0.8877431320057785,0.015830989161591934,0.0964258788326299
0,0.8951562741964648,0.01514165451199731,0.08970207129153744
2,0.7334319954561005,0.030489227438227497,0.23607877710567182
0,0.9356863076795204,0.015077126179239743,0.04923656614123989
0,0.9530926918815948,0.010231852009346728,0.03667545610905852
0,0.6905667994848701,0.08094859988322121,0.22848460063190876
0,0.9202868816644798,0.010789786650881684,0.06892333168463874
0,0.8453487045167586,0.02078949965721536,0.13386179582602623
2,0.587867662510145,0.11210014326140892,0.3000321942284458
0,0.9456004569323814,0.00726257695040268,0.04713696611721593
0,0.8512174382895942,0.043975865017686244,0.10480669669271986
0,0.925834499398322,0.009849861362728892,0.06431563923894917
2,0.6393801269394602,0.037950411435324065,0.32266946162521587
0,0.3700871471596687,0.054861697490541046,0.5750511553497902
0,0.7053573981889024,0.04704112791743673,0.24760147389366094
2,0.01933638544799356,0.024870915453198673,0.9557926990988078
0,0.840083638191242,0.015812043146408893,0.14410431866234916
2,0.12717374492658415,0.11739084446578281,0.7554354106076331
2,0.6232294321168319,0.055674942259568226,0.3210956256235999
0,0.9323487555159425,0.011469814295411239,0.056181430188645916
0,0.7696903563735333,0.07075597381648009,0.15955366980998667
0,0.7514338392741671,0.02097105462449446,0.2275951061013383
2,0.3680325908710991,0.08763787738480269,0.5443295317440981
0,0.8745423265294296,0.039431457871703025,0.08602621559886749
2,0.8230123945538396,0.026020928307353672,0.15096667713880638
2,0.45819028910743403,0.0347675986357608,0.5070421122568053
0,0.9381764652421919,0.008323588837892295,0.05349994591991585
0,0.8027419032400942,0.04777320875706687,0.14948488800283902
2,0.048977681296774274,0.1140150249577266,0.8370072937454992
0,0.6769969700686598,0.05041394775729651,0.27258908217404365
0,0.6577254985405787,0.009550486754207136,0.3327240147052143
0,0.5967020588797916,0.03657659484760549,0.36672134627260294
0,0.942426094509822,0.011208082438878117,0.04636582305129987
0,0.5472678708948854,0.018812411993882092,0.4339197171112325
2,0.04839051547867245,0.019571478813341835,0.9320380057079857
0,0.9471787227376731,0.008013189146681437,0.044808088115645434
0,0.6518182002611942,0.04735280620503328,0.3008289935337731
1,0.4253885547881124,0.09519798219443404,0.47941346301745386
0,0.5644209434323645,0.00400529725339662,0.4315737593142389
2,0.3200289685306057,0.027284119450414084,0.6526869120189804
2,0.16252562573588275,0.08165890801629953,0.7558154662478178
0,0.8286156417679087,0.006919877934519367,0.1644644802975721
0,0.9385810226732009,0.009515471972547764,0.05190350535425157
2,0.02313046754906708,0.010205169080197033,0.9666643633707359
0,0.9332367763807403,0.009765614185944257,0.05699760943331507
2,0.04580332256091478,0.04597420002138063,0.9082224774177045
0,0.9497817191711774,0.006881084784815957,0.043337196044006494
0,0.752801999668911,0.08287641096322436,0.1643215893678645
0,0.7561603681562064,0.03824299157804928,0.205596640265744
0,0.9484058376426002,0.007106671014203144,0.04448749134319674
2,0.38132219708198295,0.0697733485717797,0.5489044543462372
0,0.9504461165201313,0.005420778348300935,0.04413310513156778
0,0.8786886435925841,0.016233037851386918,0.10507831855602905
0,0.8402852436908872,0.016092360541229915,0.14362239576788297
0,0.9336637904462922,0.014295645800718392,0.05204056375298947
2,0.6324908271269469,0.026698327590892752,0.34081084528216027
0,0.7976825263832458,0.06652265249566534,0.13579482112108907
0,0.31244040595210987,0.05615598063617455,0.6314036134117158
0,0.6996886333338613,0.0394448508391559,0.26086651582698284
0,0.8499494100061182,0.029396536074133558,0.12065405391974766
2,0.19045339612288334,0.058202345124828025,0.7513442587522887
2,0.25325426266012097,0.048419078026556935,0.6983266593133223
0,0.4970772505495163,0.02543760617806268,0.47748514327242114
0,0.8647520178261159,0.023666796825945597,0.11158118534793858
2,0.6622054903299583,0.06678754037849458,0.2710069692915471
0,0.839344511768548,0.044342416011747904,0.11631307221970402
0,0.9536654319956333,0.009373554773455677,0.036961013230911124
0,0.9424360861244973,0.009584586790698017,0.04797932708480463
0,0.9503432451663673,0.008131145688373963,0.04152560914525908
0,0.9540551128898144,0.010635300296190663,0.03530958681399542
0,0.4629774593606187,0.022886864552502443,0.5141356760868787
2,0.029894739367191305,0.04148645168437337,0.9286188089484354
0,0.7837709599351625,0.017652994158096867,0.1985760459067407
0,0.7980985759177438,0.02404099892753294,0.17786042515472333
2,0.38033374508442763,0.0349704442441829,0.5846958106713894
2,0.3693256499889457,0.04338644238958376,0.5872879076214705
2,0.48877606528989465,0.05041435578879199,0.4608095789213133
0,0.4350776228898015,0.06988488254631935,0.49503749456387897
0,0.8044597489975903,0.03290501165645835,0.16263523934595125
0,0.9510172550922132,0.007223179277105233,0.041759565630681623
0,0.5271368396782019,0.11906118644828324,0.35380197387351475
2,0.6708238517007798,0.010062002890057853,0.3191141454091622
0,0.9442507557167186,0.013454651179114771,0.04229459310416671
2,0.023865614532837753,0.06342195277187555,0.9127124326952863
0,0.8830840969381827,0.01635636782037598,0.10055953524144134
0,0.8953784308756894,0.016970084270471236,0.0876514848538392
0,0.3744210552826232,0.07324020643069772,0.5523387382866791
0,0.7739520685125708,0.018495130419687086,0.2075528010677421
2,0.6103204691698638,0.07339356466823765,0.31628596616189864
0,0.720724515647132,0.05749977731364788,0.22177570703922006
0,0.9025174892834068,0.01060111392431823,0.08688139679227495
0,0.5829630513932629,0.05870081776480432,0.3583361308419329
2,0.9592910284332322,0.006478001399282007,0.034230970167485913
0,0.8167436809067488,0.0126976707000725,0.1705586483931788
0,0.5130409765736698,0.0954602816121124,0.39149874181421795
1,0.09501905219354129,0.1739434181869091,0.7310375296195497
0,0.8756412304520993,0.016657637237848598,0.10770113231005192
0,0.9495175254829625,0.008431988624734944,0.04205048589230251
0,0.8705053878853404,0.008449857393591961,0.12104475472106763
0,0.8719309241621321,0.01580027427070762,0.11226880156716001
0,0.9425760198898581,0.009693832624571493,0.04773014748557035
0,0.9411154027997991,0.0073178322713812515,0.05156676492881969
2,0.1497910037865072,0.019236778215398098,0.8309722179980946
2,0.39006602099298077,0.11226431705574662,0.4976696619512729
0,0.9236292584855437,0.014544379978464491,0.061826361535992136
2,0.36238016605152035,0.07089778527673533,0.5667220486717442
2,0.37856947643591526,0.09171810224067692,0.5297124213234079
0,0.8687661749450918,0.00424021705487674,0.12699360800003154
0,0.9273960478779862,0.014114776359658894,0.05848917576235517
2,0.3535735791749883,0.06040074055693003,0.5860256802680816
0,0.7375548550480999,0.040781163833094415,0.22166398111880586
2,0.30670661886978406,0.08209801870213111,0.6111953624280848
0,0.6167411720757543,0.0846596267199673,0.29859920120427863
2,0.061850806642161735,0.029375686238281636,0.9087735071195565
2,0.027146928292438095,0.011557112815750677,0.9612959588918115
2,0.01545638294429618,0.018473968479322575,0.966069648576381
2,0.018782262703538687,0.013808353540424805,0.9674093837560364
0,0.9479038431125493,0.009196323737829989,0.04289983314962083
0,0.8679085014085322,0.002530432464146778,0.12956106612732107
1,0.3568335194629287,0.07709295184071692,0.5660735286963542
2,0.015271790073667647,0.0703843936338766,0.9143438162924559
0,0.9322641758316401,0.015254489076794803,0.05248133509156495
2,0.5519860542796773,0.050525652142775775,0.397488293577547
0,0.23579450109064018,0.03526092641793921,0.7289445724914208
0,0.7570557246758574,0.02438609231047197,0.21855818301367066
0,0.8670202871113029,0.028131141307042397,0.10484857158165468
0,0.9563751448275664,0.0076843745958037986,0.03594048057663
0,0.9228077242021022,0.006973211191373202,0.07021906460652469
0,0.548452258040433,0.025671639591920502,0.42587610236764645
2,0.1377171178194966,0.07540617899654725,0.7868767031839563
0,0.9520546703901931,0.007881967184017551,0.040063362425788986
2,0.8383787251590158,0.004880981665193255,0.15674029317579097
2,0.014992402263260486,0.014701613793913248,0.9703059839428263
0,0.9533118893257897,0.009566065281926404,0.03712204539228393
0,0.9582840077649438,0.008532458319996515,0.033183533915059044
0,0.9487724635241955,0.010897671857904396,0.040329864617900196
0,0.9411163149486349,0.014164574322455672,0.04471911072890965
0,0.8893229398160565,0.013677115697041897,0.09699994448690165
0,0.9440061744689746,0.012484388298544744,0.04350943723248076
0,0.8343792844132384,0.03520170118562239,0.1304190144011392
0,0.9445627232694276,0.00922927776014819,0.046207998970424165
2,0.17367899177110402,0.08681778511938078,0.7395032231095149
0,0.8345892296161312,0.015184691448313917,0.15022607893555473
2,0.09249211159671271,0.0391129143174196,0.8683949740858677
0,0.86278170518899,0.016242890214822638,0.12097540459618719
2,0.1969855334181436,0.021478089907956504,0.7815363766739001
0,0.8781744869704898,0.0447997774421319,0.0770257355873781
2,0.056531392123494936,0.02240033877215057,0.9210682691043547
2,0.5049819925902376,0.06349517584047751,0.4315228315692848
0,0.89236896614365,0.013163024742412219,0.09446800911393795
2,0.20348093614552243,0.05880715629590487,0.7377119075585729
0,0.9534734684362085,0.007693299288216276,0.038833232275574774
0,0.885352622921362,0.013045645042784094,0.10160173203585424
0,0.8314537728913062,0.004707649465087961,0.16383857764360618
2,0.5953446360648591,0.1106941913192469,0.293961172615894
0,0.9448498675450308,0.012699720734660512,0.04245041172030897
0,0.4507556708005008,0.09681804871291967,0.4524262804865795
2,0.19244165091892282,0.1135106220519808,0.6940477270290965
2,0.041346863799662785,0.08471288380796993,0.8739402523923672
2,0.09495021398727715,0.039802891734792636,0.8652468942779299
2,0.041867635768722315,0.009309068111073782,0.948823296120204
2,0.002069939672305776,0.00912414195352279,0.9888059183741716
0,0.8306921472825342,0.016908112742055885,0.15239973997541018
2,0.026358217113835014,0.04557796681769811,0.9280638160684669
2,0.47276531886003026,0.05882901750846732,0.46840566363150227
2,0.0023183029672585453,0.006362344996914015,0.9913193520358276
2,0.10307132237200317,0.021444677888773665,0.8754839997392232
0,0.821033307527206,0.023610776520815863,0.15535591595197806
2,0.8085843312353178,0.01420740528821671,0.1772082634764656
0,0.850045510310295,0.04524427412001321,0.10471021556969179
0,0.9399682945366596,0.009955155978448942,0.05007654948489141
0,0.879697413732765,0.018520573939692288,0.10178201232754287
0,0.5785351992316238,0.05821858219588878,0.3632462185724875
0,0.5262542614408374,0.0269092600643717,0.44683647849479097
0,0.9596980844512953,0.008620224519906907,0.03168169102879783
2,0.07178140338605637,0.13140224647520904,0.7968163501387346
2,0.4341364480278109,0.08111410323050484,0.4847494487416843
2,0.6488446892734486,0.029028405833698617,0.32212690489285284
2,0.17651367280961647,0.06074603077364976,0.7627402964167338
2,0.010109811743075353,0.006455054936417982,0.9834351333205068
0,0.9583222179111811,0.008815610620948842,0.032862171467870196
2,0.18922030597924575,0.06541779135289229,0.7453619026678618
2,0.005661876465155291,0.03054476246276393,0.9637933610720808
0,0.939155784537524,0.009296321003622165,0.05154789445885381
0,0.8795169746233817,0.019039992007814165,0.10144303336880398
0,0.8463900979923913,0.016170417236881764,0.13743948477072693
2,0.015526182559532607,0.017512683545702824,0.9669611338947645
2,0.16394144110469583,0.022737484239951852,0.8133210746553524
1,0.7548430365860677,0.032518774211541694,0.21263818920239103
0,0.1815531460099047,0.03133909301181192,0.7871077609782835
0,0.8231744549511828,0.008052014983382658,0.16877353006543466
2,0.5746549892180366,0.03387718789828809,0.3914678228836752
0,0.9338691661521622,0.015988985502660646,0.050141848345176626
0,0.2778950569395006,0.09853592639143476,0.6235690166690647
0,0.924812716109457,0.005790934968385641,0.06939634892215717
0,0.5520694513913772,0.08201297923293618,0.3659175693756865
2,0.023656325066673534,0.02585078190451059,0.950492893028816
2,0.005433357217645518,0.03425127820511922,0.9603153645772354
2,0.05802572571224547,0.03440190219652952,0.907572372091225
2,0.8511336679742411,0.002334459371926903,0.14653187265383225
0,0.5999156343754181,0.04471700802749678,0.35536735759708526
0,0.2610374398445192,0.12397284917461775,0.6149897109808631
2,0.6666497880251382,0.025631159804743786,0.30771905217011813
0,0.8510653338121196,0.025233216347984325,0.123701449839896
2,0.7916501089515594,0.01211655805123721,0.19623333299720358
0,0.8896695735731652,0.009372213922800392,0.10095821250403456
0,0.6868315198730062,0.020619744240356133,0.29254873588663755
2,0.5340480564300556,0.04748048338501234,0.4184714601849322
2,0.7058388358562323,0.03370168842612064,0.260459475717647
0,0.9377231426163672,0.01628635845224775,0.0459904989313853
0,0.6085128079249118,0.03268425056188724,0.3588029415132009
2,0.2719946762823479,0.044765115230332005,0.68324020848732
1,0.30238709556317367,0.07747644447929979,0.6201364599575266
0,0.8682547625035185,0.009566575166402658,0.12217866233007887
2,0.005297089041043406,0.006687186302835222,0.9880157246561214
0,0.8749848971150905,0.006763159521478767,0.11825194336343042
0,0.19452079524049945,0.05678996195422696,0.7486892428052736
0,0.9444101706863997,0.006180274533018979,0.04940955478058137
2,0.03864894253017042,0.025148009583495372,0.9362030478863341
1,0.5161429043528308,0.10159430206415887,0.38226279358301035
0,0.9471821916160985,0.010579392935601523,0.042238415448300155
2,0.1964367886479819,0.0382977766004584,0.7652654347515597
0,0.8815534907691814,0.00539476935975227,0.1130517398710663
0,0.9077754946877418,0.013307646984570709,0.0789168583276876
0,0.6794895599965468,0.029677946952294833,0.2908324930511582
1,0.6794962802436578,0.08872245545112828,0.23178126430521384
2,0.006452067192532762,0.019601626302493305,0.9739463065049737
2,0.34780251731246165,0.1103919869405065,0.541805495747032
2,0.25658734875331535,0.05717073269950854,0.6862419185471761
2,0.1714137663393443,0.031455573400867534,0.7971306602597882
2,0.14776879370926757,0.09386881901086377,0.7583623872798688
0,0.9455823963041482,0.009136638176208123,0.04528096551964377
2,0.5846585480688659,0.018580757032280352,0.3967606948988537
0,0.40471378687421133,0.04305656682302094,0.5522296463027676
1,0.3856695394532362,0.10173931138545315,0.5125911491613108
2,0.09648648401507265,0.03158743979968259,0.8719260761852444
0,0.8536847831627608,0.043335165552516514,0.10298005128472275
2,0.13382144274980232,0.06534627986431663,0.800832277385881
0,0.870567044328336,0.027694269607648835,0.10173868606401516
0,0.6568628286153776,0.07867094193895106,0.26446622944567144
0,0.9100281568498205,0.01659318309585309,0.07337866005432662
2,0.07682793234721438,0.13662872273739496,0.7865433449153905
0,0.9522187096339961,0.007715817224653046,0.04006547314135078
2,0.42041040748253267,0.036722463392847564,0.54286712912462
0,0.9444121337295868,0.008257036196242828,0.047330830074170646
0,0.8689193764285759,0.0257951257793818,0.10528549779204238
2,0.12850857699971036,0.11474965210059303,0.7567417708996965
2,0.15275720254203148,0.0299507714753071,0.8172920259826614
0,0.7341842569018724,0.0577221007615611,0.20809364233656613
0,0.9119820133687012,0.02906410563466886,0.05895388099662999
0,0.9522639180314865,0.011509613600041617,0.036226468368472084
0,0.8766268915067806,0.0035734399057588194,0.11979966858746072
2,0.9278138121904176,0.008444621394496435,0.063741566415086
0,0.9446651592318644,0.014068008279329712,0.04126683248880573
0,0.5243895845125256,0.11240980405492322,0.3632006114325511
0,0.5081707003563257,0.1407650358122156,0.35106426383145883
0,0.7500641609801996,0.014610185092989291,0.23532565392681085
1,0.49636572144534596,0.09121895763696625,0.4124153209176878
0,0.9522401050121823,0.008703018604586978,0.03905687638323084
0,0.4577202476141426,0.08893581894050301,0.4533439334453545
0,0.23816063621061656,0.05644343336694005,0.7053959304224433
0,0.927671371083897,0.009403590849960586,0.06292503806614244
0,0.2266228642947393,0.04946176255777049,0.7239153731474904
0,0.886059999929407,0.019966904051604627,0.09397309601898828
2,0.4335561721012808,0.037566527734583105,0.5288773001641361
2,0.18690871178217028,0.059398422569847675,0.753692865647982
2,0.8866970458604148,0.0156337233532559,0.09766923078632915
2,0.10012122300389209,0.058079935828809034,0.8417988411672989
2,0.8457218572995667,0.03359421214310324,0.12068393055732987
0,0.9546530998345892,0.009707445442577336,0.03563945472283362
2,0.48302441254249195,0.0479358748874746,0.46903971257003335
0,0.5994454427505777,0.06795376067998503,0.3326007965694375
0,0.950518667120744,0.006453253038532087,0.04302807984072405
0,0.9307851437380738,0.012228547370276672,0.05698630889164948
0,0.9389777425249538,0.007914405531188556,0.05310785194385746
2,0.021539135052574748,0.023617391231015097,0.95484347371641
2,0.8111443524629977,0.055305593798669526,0.13355005373833304
0,0.9493768656140418,0.007566484549088733,0.04305664983686947
1,0.6258721760285181,0.11125218963577511,0.26287563433570676
0,0.9467058700977086,0.010226799145367465,0.04306733075692425
0,0.6542888676995374,0.049708427548092946,0.29600270475236945
0,0.9405110339948161,0.009039050428489645,0.050449915576694294
2,0.23614994098369077,0.02795486598653602,0.7358951930297731
0,0.9408635401681597,0.012796238154704312,0.046340221677135925
2,0.25299635716130536,0.03212150171536744,0.714882141123327
2,0.7870911639069169,0.013065274173986017,0.19984356191909708
2,0.1076220510428815,0.0885850291200808,0.8037929198370377
0,0.24747976259945367,0.046770270095930176,0.7057499673046159
2,0.002635554407300902,0.017677204421546293,0.9796872411711528
2,0.5382198578763643,0.1318140337005195,0.32996610842311613
0,0.9024902153042469,0.016963880254842887,0.08054590444091016
0,0.4584296617522922,0.06487275530743311,0.47669758294027476
0,0.945840077862275,0.01055446377090384,0.04360545836682109
0,0.13317775759104936,0.030295813345354597,0.8365264290635962
0,0.9444766516655494,0.006628277195601477,0.04889507113884899
0,0.45322046256807624,0.03674734044877853,0.5100321969831452
1,0.16693415431119474,0.10974769107285352,0.723318154615952
0,0.5830723007433318,0.013498334515098754,0.4034293647415694
0,0.785884091053417,0.031083500534423453,0.18303240841215956
2,0.21529354692592154,0.07481892765963619,0.7098875254144422
0,0.43166039969316783,0.08449554879091878,0.4838440515159133
0,0.8594409937087405,0.0031185146422980296,0.13744049164896133
0,0.947549793921283,0.006994187170836567,0.04545601890788045
2,0.9512980751355997,0.010774849684026628,0.03792707518037362
0,0.9522187096339961,0.007715817224653046,0.04006547314135078
2,0.22332302334734278,0.044319984509522174,0.7323569921431352
2,0.7126687758501732,0.051825392402679644,0.2355058317471469
2,0.06801780672682974,0.17624458815030083,0.7557376051228697
2,0.016708054700281593,0.08802485099079947,0.895267094308919
0,0.8558894358015925,0.018386938448853505,0.12572362574955417
0,0.9363597570235813,0.0054485516309468,0.05819169134547191
2,0.001208369075808307,0.0037939441139403663,0.9949976868102512
2,0.4206065302529842,0.10374973550474173,0.4756437342422742
0,0.8806879270283767,0.016049602312048723,0.10326247065957446
0,0.9285302072864574,0.009109819185201639,0.06235997352834089
0,0.721240447389416,0.03153407714991783,0.2472254754606661
0,0.5336439618930475,0.09601825336767865,0.3703377847392739
0,0.27390082390314946,0.08945560615010437,0.6366435699467463
0,0.7711241683829173,0.02214556345460739,0.20673026816247544
0,0.9604966751324869,0.008377623206222847,0.031125701661290427
0,0.8202005095836207,0.0188094519894864,0.16099003842689288
1,0.5425871551001792,0.1429184150956232,0.3144944298041976
0,0.19706917577545868,0.0745929649922845,0.7283378592322567
0,0.9054160381897117,0.026961999885113982,0.0676219619251742
0,0.7558141106979597,0.0497391345245841,0.19444675477745646
2,0.0022634844908946904,0.0031099334484682682,0.9946265820606373
2,0.6477270781499948,0.08726905164942575,0.2650038702005796
0,0.406313308735824,0.061311555683054915,0.5323751355811212
0,0.9356555389957898,0.0066201532598882985,0.05772430774432199
2,0.1173968004559045,0.05131011345496909,0.8312930860891262
0,0.9514354337439703,0.008271056233151886,0.040293510022877836
2,0.0005370285348581604,0.0,0.9994629714651418
0,0.939072161162995,0.008077840393588677,0.05284999844341657
2,0.8834727656930904,0.015610291520335244,0.10091694278657419
0,0.5023354165455418,0.11104469721045622,0.38661988624400206
0,0.3409047942675624,0.060365836477771447,0.5987293692546664
2,0.0040890330477897936,0.004378303588435492,0.9915326633637747
0,0.9484968273737484,0.009025314201430296,0.04247785842482146
0,0.9421334200145937,0.009635998815952805,0.04823058116945358
0,0.8449875860124157,0.026181808356471773,0.12883060563111254
2,0.018190789788666416,0.03946986531557931,0.9423393448957543
