target,prediction_0,prediction_1,prediction_2
2,0.026166879950476733,0.029111364196220884,0.9447217558533023
0,0.9354293820603258,0.03225139475390066,0.032319223185773356
0,0.9903665626974074,0.0032299481220220473,0.006403489180570739
2,0.16434326307907932,0.0897775950889614,0.7458791418319592
0,0.9013295432990706,0.02190901083686571,0.07676144586406332
0,0.7622945334856824,0.011774733894974947,0.2259307326193426
0,0.9195646202309785,0.009683718075781177,0.07075166169324035
2,0.03902991837161028,0.0028219857311713847,0.9581480958972179
0,0.9501625155726978,0.0031133307256432214,0.04672415370165936
1,0.29657438217489546,0.050750827199464346,0.65267479062564
2,0.05039881423192245,0.004487464267647883,0.9451137215004293
0,0.7662117020262148,0.014187562235564022,0.21960073573822106
0,0.9433718395351536,0.017622715290769343,0.03900544517407699
0,0.8713423190044767,0.022468452259116943,0.10618922873640645
0,0.8992818985218894,0.032128568470183645,0.06858953300792728
2,0.15750952964128176,0.0744686276728728,0.7680218426858455
0,0.904481244271247,0.027743423086663405,0.06777533264208983
2,0.7255605673010433,0.08611614918587407,0.18832328351308272
0,0.970620225823106,0.015050747853200213,0.014329026323694035
2,0.1407215419760832,0.04518047896806909,0.8140979790558474
0,0.9601105630176133,0.008022006176914976,0.03186743080547175
1,0.4431009205824309,0.09530240939031587,0.46159667002725324
2,0.021646543367614318,0.0010414484978588986,0.9773120081345268
0,0.9582325204195553,0.003134419744312643,0.03863305983613255
0,0.6176111563587662,0.05500465308655539,0.32738419055467843
0,0.9648902615150547,0.005059618658202748,0.03005011982674238
0,0.9813833838713881,0.001288113872873147,0.01732850225573902
0,0.9911325580742552,0.0009032569760037093,0.007964184949741042
0,0.501817248939493,0.05489721813503673,0.44328553292547035
0,0.9307240158088542,0.008623481496537286,0.0606525026946084
2,0.024352116440958072,0.0032256601337128737,0.9724222234253291
2,0.2134359607304779,0.04151267181302881,0.745051367456493
0,0.28892830448697354,0.1677003481778621,0.5433713473351643
2,0.43832833846258723,0.05028450845623858,0.5113871530811739
0,0.8050320928174346,0.06998621548017861,0.12498169170238696
2,0.0271326311695581,0.003902651784814569,0.9689647170456274
2,0.2548433212453414,0.05863833465729246,0.6865183440973659
0,0.9526335540933564,0.020317226687658792,0.02704921921898476
0,0.3778152190997804,0.15903055700554625,0.4631542238946732
0,0.7022465363403155,0.06658208362640805,0.23117138003327667
0,0.8612430210866697,0.010362093543091897,0.1283948853702384
2,0.04477172150447548,0.8043146406151334,0.1509136378803911
0,0.7944849031785776,0.08364836237781294,0.12186673444360945
0,0.9575622154041623,0.0009061463723567285,0.04153163822348112
0,0.9435843837373987,0.01053695327361648,0.04587866298898468
0,0.6078700673760958,0.16930063348727128,0.22282929913663277
0,0.8923418399187328,0.004996720422703539,0.10266143965856374
2,0.7981579831785993,0.02340591360365524,0.17843610321774606
0,0.9029149805611508,0.010635590026186588,0.08644942941266257
2,0.4474013995519863,0.12152559114779687,0.43107300930021675
0,0.889659253711338,0.09536857049819884,0.0149721757904633
0,0.9895741741125685,0.00544975627447804,0.004976069612953709
2,0.15075166844057053,0.06089946984926207,0.7883488617101674
2,0.26802281489474017,0.03011245130652776,0.701864733798732
2,0.20999626155344728,0.01247059596164289,0.7775331424849095
0,0.8228812445342841,0.01709684693598273,0.1600219085297332
0,0.8008981353737201,0.11322469091061571,0.08587717371566424
0,0.7110275570549953,0.08722941610178779,0.2017430268432169
0,0.9851910020078949,0.003392253391250933,0.011416744600854343
0,0.7537595312137072,0.08798369971267321,0.15825676907361966
1,0.889843058706877,0.010181109498681364,0.0999758317944413
2,0.820485792693736,0.02731885365703779,0.1521953536492264
0,0.9593390775027582,0.021721862063170366,0.018939060434071498
2,0.1564537865155297,0.022509696677505204,0.8210365168069645
2,0.06094940343111066,0.15364511351991184,0.7854054830489773
2,0.042218590142368354,0.00035503956991169143,0.95742637028772
1,0.8820794296023571,0.008370199302389681,0.10955037109525298
2,0.2425672617635129,0.021282081587924172,0.7361506566485633
2,0.055646911122413684,0.18669486935710633,0.7576582195204804
0,0.9328333582891826,0.024240608660269527,0.04292603305054771
0,0.989634083995789,0.00036889985656201685,0.0099970161476491
0,0.7351555222574864,0.020806704810978287,0.24403777293153558
0,0.9739884163946078,0.0006325234703818525,0.025379060135010602
0,0.930354988324481,0.03076079474706141,0.03888421692845707
2,0.02455687838868168,0.0,0.9754431216113182
2,0.013292619520505065,0.025139890939634306,0.9615674895398607
0,0.9387952126901812,0.0037574928232858877,0.057447294486533185
0,0.5869786242609092,0.024739643590778074,0.388281732148313
0,0.9497118011923654,0.002953613207831067,0.047334585599803726
0,0.7840468522467041,0.0049879940961040994,0.2109651536571917
0,0.8319047904639583,0.03910126216102985,0.12899394737501188
2,0.7604241225489181,0.01762355700338462,0.221952320447697
1,0.6322610827892268,0.012374813606182051,0.35536410360459103
0,0.7652475375035368,0.017072665073690787,0.21767979742277244
0,0.75103329928567,0.013684543627029477,0.23528215708730038
2,0.6446401095402303,0.04065943874594487,0.314700451713825
0,0.9896644757178767,0.007298363440738166,0.0030371608413850937
2,0.04217076207355055,0.044926813723202196,0.9129024242032472
0,0.9898449169288378,0.00204647815876488,0.008108604912397434
0,0.8562452094001164,0.014069008057137634,0.1296857825427462
0,0.8437454580709218,0.003828206618475172,0.152426335310603
0,0.8346415680811246,0.027166747757287255,0.1381916841615879
0,0.8860840596572377,0.06277232437083466,0.05114361597192744
0,0.9790520760439015,0.002601339500143677,0.01834658445595482
0,0.9767243441195328,0.0036779654283442095,0.019597690452123312
0,0.9728316322314593,0.005858075329278925,0.021310292439261726
0,0.9785087285177171,0.0018681407240577538,0.019623130758225096
2,0.018524033275343892,0.007649584894236505,0.9738263818304194
0,0.9665241699416431,0.0069109015250099085,0.02656492853334696
0,0.5166278775116746,0.039482809049618955,0.44388931343870625
2,0.08032182959598323,0.03281726504156576,0.886860905362451
2,0.00030321406913280777,0.00010107135637760258,0.9995957145744896
2,0.03360576737690344,0.008558524664037346,0.9578357079590585
2,0.05194420169794103,0.11740849875662256,0.830647299545436
0,0.9754277933183625,0.00993415618113597,0.014638050500501387
0,0.9434358022781283,0.030471844127482012,0.026092353594390022
0,0.9730250987494241,0.008670271135681803,0.01830463011489425
2,0.48041401124714966,0.028041790925653627,0.4915441978271966
0,0.4480078545178387,0.0426374997740942,0.5093546457080669
2,0.15847266278981892,0.11639367399746486,0.7251336632127167
0,0.9678548078288896,0.0047819424788541325,0.027363249692256134
2,0.12297653848639364,0.028188110886377148,0.8488353506272294
0,0.8862462478922438,0.010303144484773905,0.1034506076229824
2,0.04160179075608811,0.007313489724837011,0.9510847195190746
0,0.9470913644307475,0.003487299759820355,0.04942133580943229
0,0.8776514675768697,0.009239036051359503,0.11310949637177072
0,0.9337566721306794,0.008900747825669414,0.05734258004365049
0,0.9479216289578549,0.009781855660696823,0.042296515381448
0,0.9513576180352251,0.019924416136287308,0.028717965828487332
2,0.5663790656140805,0.05995909677846052,0.37366183760745914
0,0.8917703408727709,0.016699088005793363,0.09153057112143557
0,0.9632013572282587,0.011960745226942165,0.024837897544799138
0,0.6735945624673811,0.12704336072663142,0.1993620768059874
0,0.980096523606409,0.001184809838687223,0.018718666554903854
0,0.4273966442642247,0.02139245735696008,0.5512108983788151
0,0.6734074022896335,0.046166693643158785,0.28042590406720797
0,0.9583261117640902,0.003428728751950555,0.038245159483959235
0,0.9329263622084094,0.012169139734775224,0.054904498056814965
2,0.14173525676199433,0.08022346373802951,0.7780412794999755
0,0.8994865968703317,0.021164180182276587,0.07934922294739145
2,0.07233465889957706,0.002754409859237051,0.924910931241186
0,0.8960073594349897,0.022981783590268992,0.08101085697474131
2,0.0068175787156735616,0.0017343359367616524,0.991448085347565
0,0.967584222915929,0.01712174706025623,0.015294030023814801
2,0.6742410166253907,0.0869831902314223,0.2387757931431868
2,0.46457577538108363,0.03952396961868792,0.49590025500022844
0,0.7514354604476005,0.028063572806673143,0.22050096674572642
0,0.9904175757879823,0.00028877165143381174,0.009293652560583999
0,0.9319560584393626,0.038235732296425066,0.02980820926421226
2,0.6200935472986614,0.02804406195874418,0.351862390742595
0,0.6605410503264968,0.10907753125457342,0.23038141841892976
0,0.30492256306645876,0.09318311524520566,0.6018943216883356
0,0.8940852250620849,0.02627548029338082,0.0796392946445345
0,0.7640639904297921,0.019081523235601548,0.21685448633460624
0,0.8306871374857702,0.02861856426414121,0.1406942982500886
0,0.8949223126575867,0.0037899892768739375,0.10128769806553936
2,0.048988705178756066,0.0017112170914983487,0.9493000777297456
0,0.9656844165895615,0.010386245130220444,0.023929338280217732
0,0.9147945210265565,0.03703043157851561,0.04817504739492791
2,0.31041369220546605,0.18075678628017328,0.5088295215143608
0,0.9442570847806018,0.0078047140947182375,0.047938201124680016
2,0.563745823277994,0.07735877906603983,0.3588953976559662
0,0.9858911034600466,0.0006497568554796081,0.013459139684474318
0,0.8932647487268979,0.009728029370814413,0.09700722190228772
0,0.3877594811583675,0.023576146481516538,0.5886643723601159
0,0.8565415384494163,0.02422257018723782,0.11923589136334632
2,0.04264977523075561,0.022541522982567137,0.9348087017866771
2,0.01605084791756954,0.0009592094817894366,0.9829899426006413
2,0.7602317006974125,0.009961683973331869,0.2298066153292552
0,0.9406427281237684,0.007689823031498169,0.051667448844733344
0,0.039570979401717006,0.020700107122495898,0.9397289134757869
0,0.9632800007085928,0.014497661240071387,0.02222233805133605
2,0.7075390696607691,0.029753452700639147,0.2627074776385918
2,0.759214698915239,0.027484257703109704,0.21330104338165096
0,0.9007001971884904,0.016291772606206956,0.08300803020530209
2,0.41088133638949115,0.11937956743426767,0.46973909617624127
0,0.9632433415550444,0.02260456720111538,0.014152091243840285
2,0.012488874271802881,0.00292845611795943,0.9845826696102377
2,0.8204702883966366,0.01598812633574153,0.1635415852676223
0,0.7364185290667155,0.007647479579417838,0.25593399135386696
0,0.7565008729712869,0.07485294794254933,0.16864617908616403
1,0.2724820274725612,0.0634722395373474,0.6640457329900912
2,0.17245066313403434,0.019921522411794467,0.8076278144541712
0,0.7508691679679286,0.03642625835595446,0.21270457367611684
2,0.11323015454284238,0.2760187921328571,0.6107510533243005
2,0.018534879604580175,0.0037781124403734045,0.9776870079550466
0,0.9719632699766425,0.009232708046801569,0.01880402197655565
0,0.11702131236692427,0.043456994378407825,0.8395216932546677
2,0.1124793233090707,0.024889168285540567,0.862631508405388
0,0.8936664627885292,0.015075226753157433,0.09125831045831334
0,0.22823091434522338,0.10313470219961411,0.6686343834551627
0,0.5637274951700808,0.08014845003714123,0.35612405479277814
2,0.027998386570901933,0.0007601724900486511,0.9712414409390495
0,0.9771493755053872,0.008598108839122973,0.014252515655489947
2,0.13709107816347407,0.05940681679061037,0.8035021050459153
2,0.4428940979539827,0.07101155521577554,0.4860943468302416
1,0.3664120264889193,0.21772127957079163,0.4158666939402889
0,0.597846848741512,0.016364460981029897,0.3857886902774582
2,0.2149776094515357,0.01359914316184157,0.7714232473866227
2,0.4038443429606324,0.0977593436309499,0.49839631340841756
0,0.7400443053389136,0.04495770395389604,0.21499799070719003
0,0.9703329680633432,0.002384331185942556,0.02728270075071383
0,0.8487983435780164,0.01870389760827204,0.13249775881371118
2,0.13671360923106063,0.010718680686971706,0.852567710081968
2,0.29528191605839593,0.05813553186643871,0.6465825520751652
0,0.9887070500418685,0.00019324833858205365,0.011099701619549606
0,0.7404277683627617,0.052021468819969045,0.20755076281726956
0,0.9741365226599236,0.012963775028925338,0.012899702311150747
2,0.9256073600824837,0.01975029913709806,0.05464234078041836
0,0.9607730408524014,0.009179425212755502,0.030047533934842982
0,0.9294978397708257,0.005566565645846134,0.06493559458332826
0,0.9836014275214838,0.0017117810518730368,0.01468679142664261
2,0.7747791969246979,0.018002118296218755,0.20721868477908326
0,0.993024749961022,0.002034445886211475,0.004940804152766563
0,0.8920723975351371,0.03393159344378716,0.07399600902107578
0,0.1161924909445254,0.0669747681929215,0.8168327408625531
0,0.8387106132840082,0.010829742624966028,0.1504596440910257
2,0.5063750790067846,0.0832454340281977,0.4103794869650178
0,0.9702601681108887,0.004428258200873956,0.025311573688237308
2,0.117770524414937,0.02631840380919037,0.8559110717758726
0,0.9315738381360715,0.02704045870061421,0.04138570316331438
2,0.8524239890846002,0.033057935048611924,0.11451807586678772
2,0.035226988002166774,0.008970678715232262,0.9558023332826003
2,0.045601828660503746,0.010874290553745992,0.9435238807857507
0,0.5357606551512322,0.09078321858053207,0.3734561262682357
0,0.9066242848280492,0.022447942022684717,0.0709277731492657
0,0.9539585716417188,0.002575464413082816,0.04346596394519834
0,0.9174089364203045,0.023473082329108514,0.059117981250586926
2,0.5756858362252939,0.022152648405694485,0.4021615153690115
0,0.9909103019928622,0.0020024044726717604,0.0070872935344664595
0,0.3154438055128226,0.18862876883490118,0.49592742565227615
0,0.9797418020624822,0.0011125093196836752,0.019145688617834306
2,0.9647102731338429,0.004597566125555935,0.030692160740601205
2,0.7168360556714769,0.031052903946876372,0.2521110403816466
2,0.02552756032666052,0.002447616669634519,0.9720248230037049
0,0.985417564923129,0.0009251632594402153,0.01365727181743059
0,0.9748353689538704,0.006225220803147471,0.01893941024298244
2,0.5175985146355537,0.048452035142620954,0.43394945022182524
2,0.05094380025391924,0.0034447089652347874,0.9456114907808462
2,0.06491695832769025,0.005511789403798295,0.9295712522685111
0,0.9267028081354044,0.009263642277486231,0.06403354958710945
2,0.10829407047198321,0.0746779654998872,0.8170279640281296
0,0.8839093454261749,0.026077615430836407,0.0900130391429888
0,0.9715428117026481,0.008390820233542009,0.020066368063810205
0,0.26964433227860324,0.12462750221874497,0.6057281655026518
0,0.6893134779780037,0.03403612225390225,0.27665039976809425
2,0.5695099149676204,0.014563702511625266,0.4159263825207545
2,0.7847711978095016,0.008092795178433433,0.20713600701206517
0,0.9919513529672975,0.0007923318705127542,0.007256315162189625
2,0.19552668793884528,0.039537461536834004,0.7649358505243209
2,0.046986974622610984,0.00207760641169476,0.9509354189656944
0,0.718482302755757,0.002330608709669345,0.27918708853457364
0,0.8840633806508957,0.009270439790230787,0.10666617955887299
0,0.8603826089163026,0.006472775172949467,0.13314461591074817
0,0.8887003463020167,0.015702182898633305,0.09559747079935026
2,0.03227524333530684,0.017435096504090145,0.9502896601606029
0,0.28650162717553823,0.05178774470970642,0.6617106281147551
0,0.8986080286880361,0.01448333162931177,0.08690863968265168
2,0.07002444632485813,0.007360939119937443,0.9226146145552044
0,0.8717537803376527,0.006787301396142179,0.1214589182662053
0,0.17033455958596286,0.14818615214255235,0.6814792882714843
2,0.07096523468839767,0.008537187690865786,0.9204975776207366
2,0.013623917047866326,0.0036351785101192474,0.9827409044420143
1,0.5409424772829271,0.0307211005027371,0.4283364222143359
0,0.9921826905341822,0.000961344869535457,0.0068559645962822805
0,0.9401165476247872,0.00939725740345691,0.05048619497175555
2,0.19514752493877693,0.016239777694845654,0.7886126973663774
0,0.8802346731360498,0.009593945826308247,0.1101713810376417
0,0.9795761082954085,0.0004242730064473619,0.019999618698144143
1,0.11980229538207293,0.5726900362464026,0.3075076683715247
0,0.9525162514584745,0.005056392729097031,0.042427355812428486
2,0.4104434394287786,0.1666586842844898,0.4228978762867318
0,0.469620282170412,0.0659370691787874,0.4644426486508005
0,0.9643428142347429,0.02484687120872753,0.010810314556529716
2,0.38594270319484214,0.12006677079341418,0.49399052601174365
0,0.37748879975052546,0.11894345473026384,0.5035677455192104
0,0.7839299915854894,0.08542462704191074,0.13064538137259982
0,0.5888089235131592,0.029908680820183792,0.3812823956666572
2,0.6545890874497486,0.054539107451589006,0.29087180509866234
2,0.03229821618994186,0.002589379092048433,0.9651124047180099
0,0.9008109359361034,0.06570589171370012,0.03348317235019658
2,0.11763242593862491,0.01680243285877961,0.8655651412025952
0,0.8911473454378313,0.003908946001715897,0.1049437085604529
2,0.29633076833232597,0.15877453399011812,0.5448946976775557
0,0.8909828017608,0.00380666108383975,0.1052105371553603
0,0.7316119613421471,0.05768262577610368,0.21070541288174952
2,0.7530809098262654,0.02081594377438252,0.22610314639935228
0,0.5705279539426257,0.12533653042717527,0.30413551563019914
2,0.5057084417311409,0.055559156439845804,0.43873240182901324
0,0.9805649640264299,0.0022507304815874616,0.017184305491982233
2,0.9518121437818159,0.006344393874059333,0.041843462344124685
0,0.8925068706539276,0.016685851751098935,0.09080727759497385
0,0.9482983231022089,0.010118618846782373,0.04158305805100881
0,0.7081361213725494,0.05438043692455333,0.2374834417028977
0,0.9179065925286354,0.008882035260264612,0.07321137221110012
2,0.08077870713711756,0.047838857558853976,0.8713824353040279
0,0.6656163072533656,0.026453041532756755,0.30793065121387775
0,0.878725526778075,0.0025361374470999794,0.11873833577482493
2,0.032222628503173596,0.013931713300713505,0.9538456581961128
0,0.9788065332793005,0.013159372881191818,0.008034093839507924
0,0.9417913975500143,0.01503263238685849,0.04317597006312721
0,0.9223472065475949,0.009851538785156313,0.06780125466724891
2,0.05020856685295585,0.0063743849719327715,0.9434170481751114
2,0.0019346272697467481,0.008095652613865353,0.9899697201163878
2,0.13749806525761088,0.04015266948699536,0.8223492652553938
2,0.06580451460555119,0.019191475120821512,0.9150040102736273
2,0.18535837446936446,0.012289707449298805,0.8023519180813368
2,0.559522762487063,0.040018844531860796,0.40045839298107605
0,0.8970348009366992,0.02635710058426673,0.07660809847903365
0,0.9434896178650427,0.0009004948019052933,0.05560988733305167
0,0.9455205338249411,0.004536569455175122,0.04994289671988369
1,0.17750540993310904,0.6514356449326915,0.17105894513419925
1,0.8974087300954695,0.01675057282275473,0.08584069708177611
0,0.8636498004395168,0.028903078177278697,0.10744712138320467
2,0.06641363964657215,0.043501789862220586,0.8900845704912071
2,0.576825684127045,0.03982874642326057,0.3833455694496944
0,0.6136940936493825,0.12120400109386141,0.26510190525675575
0,0.9907319903138248,0.0009844179250651935,0.008283591761110135
0,0.9843250063155795,0.0014854115939519053,0.014189582090468628
2,0.028665331633732565,0.025091332943615145,0.9462433354226523
0,0.452386083832948,0.010542777870388705,0.5370711382966635
0,0.793292809813147,0.009708732538948021,0.19699845764790494
0,0.9415847590035553,0.005874668258276589,0.052540572738167896
2,0.5012038932495464,0.010356326844052278,0.48843977990640125
0,0.9770625296423228,0.003097094977908602,0.019840375379768762
0,0.9443272036698832,0.03780208411245849,0.01787071221765823
0,0.5769293841280351,0.24184514248938077,0.18122547338258405
0,0.945636939320563,0.0011363957361398558,0.0532266649432972
0,0.9074142032272331,0.007606164627174914,0.084979632145592
2,0.5302753435230232,0.14108358908936333,0.32864106738761323
0,0.9892629428652541,0.0010495716784084557,0.009687485456337044
0,0.9531006731944541,0.0058230427643670615,0.0410762840411791
0,0.9597244220078945,0.006692000362297165,0.03358357762980822
2,0.709163871900208,0.016047749335670845,0.27478837876412104
0,0.5414508627171232,0.014058571321364984,0.44449056596151176
0,0.7739860999405749,0.061948536096720457,0.16406536396270424
2,0.005283814100121339,0.0032359214773387394,0.9914802644225397
0,0.850978392917529,0.021609879560616337,0.1274117275218549
2,0.13459601984239059,0.0820460203272359,0.7833579598303737
2,0.6291747369589773,0.056487113492536344,0.3143381495484867
0,0.9538127450110301,0.0017627622536018832,0.044424492735368165
0,0.9196110910734443,0.01260417159081799,0.06778473733573735
0,0.7934931290338014,0.02686573140325807,0.17964113956294062
2,0.42346238129180674,0.12868903246471122,0.4478485862434817
0,0.7624959198081795,0.04626273192577123,0.19124134826604927
2,0.9424618679685162,0.018683983355055424,0.03885414867642847
2,0.2163373866044994,0.027469711247131025,0.7561929021483701
0,0.924961931326577,0.008200188535890888,0.06683788013753197
0,0.8344909218385977,0.0445473101074774,0.12096176805392467
2,0.054532396107261204,0.21518830997248947,0.730279293920249
0,0.6605647010874806,0.06602976593013328,0.2734055329823863
0,0.6222039124224389,0.007319591113639482,0.37047649646392206
0,0.7347223225296058,0.02614996884182565,0.23912770862856852
0,0.9481852645515765,0.00803644250221309,0.043778292946210356
0,0.8196502625651592,0.019906331948857894,0.1604434054859831
2,0.0795105023638829,0.052918725533673,0.8675707721024442
0,0.9701949145313793,0.003683544126416257,0.026121541342204492
0,0.8817837427929822,0.02941228773146299,0.08880396947555451
1,0.33525721919678,0.05270258350937679,0.6120401972938433
0,0.5450726982622571,0.016607967790965485,0.4383193339467773
2,0.16751028970725654,0.008376536958106015,0.8241131733346373
2,0.1182234614492546,0.05486951716514182,0.826907021385603
0,0.9785145182883374,0.003247130664436567,0.018238351047226247
0,0.9838762674067191,0.0009268609029192957,0.015196871690361598
2,0.023137278322799677,0.02625373286417485,0.9506089888130256
0,0.920412651934768,0.004376244983349748,0.07521110308188178
2,0.022008620697131574,0.007185642693998271,0.9708057366088698
0,0.9130128538593366,0.000504401211575567,0.08648274492908778
0,0.7734204420374413,0.02641486813465375,0.20016468982790495
0,0.8201026873180726,0.025271134474709495,0.15462617820721794
0,0.9902689339433067,0.000504401211575567,0.009226664845117815
2,0.2962895652458234,0.045691386077589886,0.658019048676587
0,0.9650055741103144,0.006405922995794536,0.02858850289389056
0,0.9901307638677138,0.0017063704916829977,0.008162865640603338
0,0.7856984851068084,0.010571333852770454,0.20373018104042118
0,0.9314997427415754,0.008484415255466123,0.06001584200295844
2,0.6175927775841097,0.020581820160630038,0.3618254022552607
0,0.7463022299226469,0.05583957872819104,0.19785819134916158
0,0.5050452710503227,0.05279920344076607,0.4421555255089113
0,0.8193891029066147,0.031012346278828384,0.14959855081455722
0,0.8914519655426131,0.013960787781001816,0.09458724667638502
2,0.14368034719204537,0.026607477426957155,0.8297121753809975
2,0.13782515036247886,0.01937832100669672,0.8427965286308241
0,0.5284499296436111,0.020846905973535997,0.45070316438285307
0,0.9142286394657753,0.012174924426858759,0.07359643610736596
2,0.36991806156921697,0.1755475747591241,0.4545343636716587
0,0.8972154139314602,0.029356847963483257,0.07342773810505658
0,0.9791568994346399,0.0020027152098489416,0.01884038535551115
0,0.9488536328888866,0.009004769061050551,0.04214159805006289
0,0.9975897437057365,0.0007090610531164511,0.0017011952411471079
0,0.9853125816200777,0.0034293158330480455,0.011258102546874165
0,0.4925295328517852,0.02138780327581284,0.4860826638724021
2,0.011794314442739852,0.0009583407520194175,0.9872473448052407
0,0.7377334502237785,0.02739960602150401,0.2348669437547173
0,0.888379629665206,0.025947589881208172,0.08567278045358603
2,0.21729181187893234,0.01562684107793632,0.7670813470431312
2,0.47482372368379716,0.0330585409018034,0.4921177354143994
2,0.3909319712832397,0.09589703706694734,0.5131709916498127
0,0.46217449627444873,0.020555253091829834,0.5172702506337213
0,0.8332366012404971,0.01827605513068201,0.14848734362882132
0,0.9362132009824203,0.01035507915190902,0.05343171986567048
0,0.7629392339137223,0.0287332699967668,0.20832749608951087
2,0.7189217784282874,0.04043480456088669,0.24064341701082587
0,0.9519700775861324,0.01831052752607961,0.029719394887787895
2,0.07524770975030369,0.04042623911204644,0.8843260511376501
0,0.9361744552612205,0.01106545233300526,0.05276009240577406
0,0.9472978095864988,0.007473644595069564,0.04522854581843155
0,0.41644254547803927,0.16513911444760707,0.4184183400743538
0,0.8754363151973834,0.014933400025437683,0.10963028477717893
2,0.8159242186312865,0.057517589682921685,0.1265581916857917
0,0.7840698545691754,0.0735102065056028,0.14241993892522203
0,0.7320159598401225,0.007945636770506996,0.2600384033893706
0,0.6504020053471661,0.03291102489886258,0.3166869697539716
2,0.8879398630738465,0.005699686254096012,0.10636045067205681
0,0.8461854334432061,0.010642480638027562,0.1431720859187656
0,0.494171342011359,0.13692767010933685,0.36890098787930425
1,0.11483583063352633,0.33909749435616127,0.5460666750103124
0,0.9854885779348933,0.003585232702078607,0.010926189363028204
0,0.9745276692609783,0.003154268727457204,0.022318062011564537
0,0.9247668124505337,0.009334683793432821,0.06589850375603334
0,0.9449029728425978,0.005985120434155607,0.04911190672324679
0,0.9645030603072609,0.002621956603440945,0.032874983089298204
0,0.9886153457098764,0.0016508532541071959,0.009733801036016333
2,0.1436150986168364,0.010200731529794779,0.8461841698533682
2,0.19956109533401958,0.07597344727145447,0.7244654573945255
0,0.9738903030266475,0.0034119545043709413,0.022697742468981538
2,0.5941680970174577,0.03258220640690253,0.37324969657564017
2,0.14550284466028282,0.09111462186057359,0.7633825334791436
0,0.8270618385382376,0.016294069872108394,0.15664409158965406
0,0.9775564810659537,0.001959825543014562,0.020483693391031763
2,0.3347398536125487,0.06347874749028172,0.6017813988971695
0,0.5759861057920767,0.01727293406331542,0.4067409601446079
2,0.10718201743310861,0.005908740483177213,0.886909242083714
0,0.7341396277261711,0.03370547969617258,0.2321548925776562
2,0.11625883272321412,0.015172834872873764,0.8685683324039122
2,0.008546386011497292,0.01230065905947391,0.9791529549290288
2,0.013920992359386701,0.0011568217442428851,0.9849221858963704
2,0.02151824511150633,0.014528429958461408,0.9639533249300322
0,0.9743103824093424,0.0016577904760861789,0.024031827114571403
0,0.8606997792440638,0.0052483087881473964,0.1340519119677886
1,0.33929604537963354,0.05527162967924497,0.6054323249411215
2,0.05585136475286282,0.045170018633059916,0.8989786166140771
0,0.9713689698385432,0.002511199168656856,0.026119830992799742
2,0.44901440753239363,0.13582535616132385,0.41516023630628235
0,0.16257900345872595,0.02830902861292738,0.809111967928346
0,0.8173579452785805,0.008176739841628021,0.17446531487979214
0,0.8909936754814453,0.033395304834622865,0.0756110196839319
0,0.9806020297130023,0.0014204430989698013,0.017977527188028333
0,0.9254085849837878,0.002654603104891596,0.07193681191132022
0,0.1617820815395461,0.028713651331506797,0.8095042671289474
2,0.1793008319371194,0.08945325229282743,0.7312459157700536
0,0.9649160926156518,0.006611821503969381,0.02847208588037858
2,0.9012773307428175,0.006469370567285667,0.09225329868989693
2,0.008639909685166983,0.00016025641025641026,0.9911998339045767
0,0.9962489156385839,0.00028877165143381174,0.003462312709982502
0,0.9576872708102869,0.012951293923881899,0.029361435265831588
0,0.9685075005274585,0.008889358174372433,0.022603141298169323
0,0.928795175667362,0.037168692984009,0.03403613134862919
0,0.939939056500787,0.016399231521301925,0.043661711977911175
0,0.9855172966162403,0.0018200924813588687,0.012662610902400966
0,0.9493531547471311,0.01616172376986303,0.03448512148300625
0,0.9664964819950981,0.0025072196137107977,0.030996298391190946
2,0.04806017554413447,0.029584697149490025,0.9223551273063753
0,0.6601451763280025,0.0985072886069566,0.24134753506504064
2,0.038731617382861155,0.042566807079603794,0.9187015755375352
0,0.9309574462986507,0.006325039741704956,0.06271751395964385
2,0.2059029223708216,0.01081552611514009,0.7832815515140381
0,0.3211364562566865,0.5338655374804835,0.14499800626283021
2,0.029148416669875138,0.005211864406779661,0.9656397189233452
2,0.4308244302689183,0.20971883756862164,0.35945673216246005
0,0.9330222847450869,0.0048731792059396265,0.06210453604897383
2,0.09749170488001506,0.014875867887863789,0.887632427232121
0,0.9643934908038563,0.011772498574106862,0.02383401062203696
0,0.9626516376791364,0.0054300568222279315,0.03191830549863564
0,0.8430441913924694,0.019676923762481664,0.13727888484504885
2,0.6657449300555556,0.0629121185231158,0.27134295142132875
0,0.9931994225373443,0.0019460917399691082,0.004854485722686853
0,0.48521712750184337,0.02854610032178595,0.4862367721763708
2,0.09003559361506275,0.08110838838610272,0.8288560179988349
2,0.053244925249136085,0.1353334430615165,0.8114216316893474
2,0.143510842243731,0.02571888019436839,0.8307702775619009
2,0.03384923919488356,0.0054330050443170425,0.9607177557607992
2,0.03260105163129164,0.01918125559961016,0.9482176927690982
0,0.8335333412497291,0.019978337711268675,0.14648832103900253
2,0.004254165919057817,0.0036673989867116756,0.9920784350942303
2,0.5700067531767102,0.09710925266420062,0.3328839941590892
2,0.000348432055749129,0.009296973205702204,0.9903545947385486
2,0.0404202885755849,0.0037629186895432147,0.9558167927348713
0,0.9421610717125712,0.02087867179686086,0.03696025649056788
2,0.8796111287039243,0.007108040643152002,0.11328083065292359
0,0.9264797610645784,0.020135873278004007,0.05338436565741793
0,0.9292957466802442,0.005584362224913227,0.06511989109484255
0,0.9087609297672901,0.021337864131168095,0.0699012061015419
0,0.6559847050014643,0.04353558240607624,0.30047971259245954
0,0.621942508894607,0.01763819273195135,0.36041929837344155
0,0.9742158932807807,0.003757038836994713,0.02202706788222444
2,0.06170822115410134,0.026192737755126455,0.9120990410907721
2,0.22343540193665665,0.07554381974651919,0.7010207783168243
2,0.6942618313305634,0.03379616584208712,0.271942002827349
2,0.07367386803316961,0.005626289669355157,0.9206998422974754
2,0.06402955236660944,6.744328855656456e-05,0.9359030043448339
0,0.9884368467921882,0.003375054472097028,0.008188098735714728
2,0.04373635446146619,0.05930807634542038,0.8969555691931133
2,0.00035211267605633805,0.0018158677991703058,0.9978320195247734
0,0.9604573027334019,0.0025042613050362456,0.03703843596156195
0,0.9833437106431404,0.002303039030074275,0.014353250326785326
0,0.9246012922676694,0.0038007409932624627,0.07159796673906854
2,0.004875259884194818,0.0008520322790541498,0.9942727078367511
2,0.021823563450982183,0.025616326278577933,0.9525601102704402
1,0.5253784331356588,0.3105042966795601,0.16411727018478098
0,0.03688206830058549,0.0033577048192586995,0.9597602268801558
0,0.8085200812422335,0.013939286552166126,0.1775406322056002
2,0.6255582712978727,0.03448439897163651,0.3399573297304908
0,0.9555075972482422,0.013432035337667327,0.031060367414090257
0,0.6269808267431394,0.07272100103613832,0.3002981722207221
0,0.917192031818209,0.0041576483891684135,0.07865031979262266
0,0.6628654049613548,0.08975930033708884,0.24737529470155617
2,0.0027560876248743362,0.00042358139373064745,0.9968203309813951
2,0.000348432055749129,0.009199221495047268,0.9904523464492035
2,0.0835429192367309,0.015972283799540382,0.9004847969637286
2,0.8970633730957073,0.0037791829853753276,0.09915744391891747
0,0.6546748207106614,0.028233543531133713,0.3170916357582049
0,0.7049883446341185,0.11473836435623434,0.1802732910096471
2,0.21568658579992797,0.018595498921954185,0.7657179152781177
0,0.9704480906573663,0.007882331093470439,0.02166957824916306
2,0.8363246333822829,0.01638454249591381,0.14729082412180314
0,0.943696047874401,0.009578084668690952,0.046725867456908134
0,0.8145736252275606,0.016965026039121183,0.1684613487333184
2,0.45467105785584,0.09869608772520873,0.44663285441895106
2,0.7383390104126148,0.01634004005856778,0.24532094952881775
0,0.99016825274795,0.0021803107498020386,0.007651436502248076
0,0.5297739307466468,0.00770446252135147,0.4625216067320017
2,0.15478977241148814,0.0658354987109019,0.7793747288776101
1,0.5744135231465957,0.042013682233993294,0.38357279461941135
0,0.7866597123703771,0.022540110633433263,0.1908001769961897
2,0.06285211267605634,0.03974047830059138,0.8974074090233521
0,0.9414314504459679,0.0034819954248506515,0.05508655412918127
0,0.07040666890303711,0.04479133062822511,0.8848020004687375
0,0.9523881204155972,0.003957419019671844,0.04365446056473118
2,0.03480574355549369,0.0044802472178604065,0.9607140092266458
1,0.38784458496356694,0.12166299019630476,0.4904924248401283
0,0.9628675778566521,0.005287823523747154,0.031844598619601094
2,0.22369359820624568,0.020028454036264638,0.7562779477574897
0,0.8785774781398582,0.019505429877971856,0.1019170919821696
0,0.920580352284372,0.008650584961582063,0.07076906275404594
0,0.6133073195561336,0.045385536353780384,0.3413071440900858
1,0.7497270672354377,0.07500689288974409,0.17526603987481792
2,0.005212307875212234,0.00037212081703607127,0.9944155713077517
2,0.2236232258670142,0.0878066961272954,0.6885700780056903
2,0.21416005505922817,0.041476889198498075,0.7443630557422737
2,0.10547333082483097,0.010357852277548428,0.8841688168976205
2,0.14975308424905062,0.09360725643314129,0.7566396593178084
0,0.9309836019525246,0.0034989692567551313,0.06551742879072005
2,0.5151659399814054,0.05216899293438503,0.43266506708420965
0,0.6348117473003833,0.025659010716082398,0.33952924198353446
1,0.39798657461996373,0.14809601645762502,0.45391740892241145
2,0.03614115580234979,0.0031679819172951945,0.9606908622803548
0,0.8350685990923914,0.05556903766901358,0.10936236323859506
2,0.053322137298652136,0.019672444576915138,0.9270054181244327
0,0.9232263423930811,0.013785401954635573,0.06298825565228308
0,0.6920847201219283,0.05153319422751929,0.2563820856505525
0,0.9606001574418108,0.007268391948863891,0.03213145060932526
2,0.0599215890760672,0.014164463050276611,0.9259139478736562
0,0.9762155645014573,0.0018651291057373098,0.02191930639280511
2,0.07851254922465155,0.14018340061489035,0.7813040501604582
0,0.8067588403578826,0.009655252659826396,0.18358590698229083
0,0.9642976310409463,0.009249109419892189,0.026453259539161677
2,0.24576212933650518,0.09513292631079516,0.6591049443526995
2,0.026143472065165197,0.0038082341256474917,0.9700482938091874
0,0.883913407728706,0.016393400931015458,0.09969319134027817
0,0.9689986743105822,0.0009678462605792313,0.030033479428838696
0,0.9942172556525124,0.001183899386835029,0.004598844960653061
0,0.8650352743868299,0.005984062567049791,0.1289806630461205
2,0.965440856860215,0.0052985665282626465,0.029260576611522204
0,0.9646678446808756,0.0012729772882760448,0.03405917803084816
0,0.7185914170669134,0.08235016868193376,0.19905841425115287
0,0.6639707361652781,0.10881163284143336,0.22721763099328848
0,0.871421293133093,0.023775826952695818,0.104802879914211
1,0.4170224699705397,0.25107993492129693,0.33189759510816363
0,0.9961101689522552,0.001496876179166871,0.0023929548685780733
0,0.1911236429703609,0.08312254271400546,0.7257538143156337
0,0.20681771177607797,0.01715455239248636,0.7760277358314355
0,0.9227192505454272,0.007700633119730281,0.0695801163348422
0,0.14465399276937982,0.011872437910065297,0.843473569320555
0,0.881343468563737,0.02914728940474284,0.08950924203152057
2,0.6796171018930958,0.05448690533021386,0.2658959927766904
2,0.07361517355789819,0.025065774385352787,0.9013190520567488
2,0.952687583500035,0.014369012264800057,0.032943404235165105
2,0.13465234729358927,0.01131711020296697,0.854030542503444
2,0.9531180216777071,0.007099991582906121,0.03978198673938694
0,0.9800322687595564,0.006121682418110073,0.013846048822333585
2,0.3084113327489063,0.2602096860080265,0.4313789812430671
0,0.7006028663162536,0.05491395885375513,0.24448317482999132
0,0.923123636879081,0.0011589189042787323,0.07571744421664041
0,0.9817236226094248,0.0005927559635753936,0.0176836214269998
0,0.9609166877626498,0.0023664643173234865,0.03671684792002646
2,0.002041801910588622,0.0005838378039870577,0.9973743602854244
2,0.8720409319461689,0.04083601800427577,0.08712305004955541
0,0.9774238649206126,0.0017277851083021794,0.020848349971085423
1,0.2482569128494786,0.5904868631302465,0.16125622402027473
0,0.9788690740471505,0.010860643825961021,0.010270282126888478
0,0.6965359834785322,0.04812662177744887,0.25533739474401906
0,0.9085023513071223,0.014088431126831424,0.07740921756604639
2,0.004400582642667897,0.0012189494270225761,0.9943804679303095
0,0.9651233635554535,0.0024466575957047556,0.03242997884884129
2,0.04858358246260062,0.00204685860346548,0.9493695589339338
2,0.7035578994177336,0.010651111213421651,0.2857909893688448
2,0.07622962096614762,0.07872900224202915,0.845041376791823
0,0.1007791082608499,0.010767470823689087,0.8884534209154611
2,0.0006172492600502042,0.006168918464744237,0.9932138322752055
2,0.5274563729353032,0.06369903353978129,0.4088445935249156
0,0.9445381565433127,0.009189240770560008,0.04627260268612729
0,0.5645193477070609,0.029324769784096462,0.4061558825088427
0,0.9515485505906075,0.0045782697593861315,0.04387317965000654
0,0.042365078998452634,0.03131682579564424,0.926318095205903
0,0.9596227255039513,0.001801124417603631,0.03857615007844475
0,0.21812360420620258,0.029260857197859803,0.7526155385959375
1,0.26619458829667647,0.11220838335562214,0.6215970283477014
0,0.5830735151922194,0.03952157096729573,0.3774049138404851
0,0.9537671797157377,0.004284784318220534,0.04194803596604195
2,0.221686448566443,0.04028371952513649,0.7380298319084205
0,0.3948468271730101,0.05732606721072065,0.5478271056162691
0,0.919977987278795,0.005913062327536685,0.07410895039366841
0,0.9296053656199952,0.021500371927714004,0.04889426245229076
2,0.9552756222658382,0.005686544029398643,0.03903783370476322
0,0.9843689517350823,0.001810160011704332,0.013820888253213363
2,0.13769884302594892,0.010763613605387828,0.8515375433686633
2,0.5865161208406932,0.06389680565582463,0.34958707350348234
2,0.08796269053724659,0.08075239093611145,0.831284918526642
2,0.04154729790956553,0.00010107135637760258,0.9583516307340569
0,0.9061738929730807,0.006544461579364319,0.08728164544755494
0,0.8441376928909365,0.021246332019362647,0.1346159750897006
2,0.0005960528446876824,0.00017312745946900196,0.9992308196958435
2,0.33147103701347874,0.1428814081307322,0.5256475548557888
0,0.9147849274520164,0.013650850928239986,0.0715642216197436
0,0.9794642746789233,0.0017073891917284104,0.018828336129348252
0,0.7738851006231822,0.0119101655933312,0.21420473378348662
0,0.4569956942151681,0.13913960698397343,0.40386469880085857
0,0.6748731024245243,0.05482310524606201,0.2703037923294136
0,0.7536425602650988,0.01237286684604279,0.23398457288885846
0,0.9845092432373161,0.003607016077872374,0.011883740684810743
0,0.8876072916441038,0.0035837937074233964,0.10880891464847231
1,0.3372466220235014,0.4285031385846004,0.23425023939189812
0,0.3626516705396994,0.11929939935772375,0.5180489301025768
0,0.9488231844167326,0.008933463685638196,0.04224335189762906
0,0.8690327417407748,0.03205175735172728,0.09891550090749765
2,0.00030321406913280777,0.044218718415201134,0.9554780675156661
2,0.840702489158131,0.044141236226189214,0.11515627461567994
0,0.4956669169572776,0.023202607123504332,0.48113047591921787
0,0.9809121096832113,0.0008162893077524115,0.018271601009036364
2,0.15149518556160083,0.01624467531094134,0.8322601391274579
0,0.9613006108121087,0.0062172065580325085,0.03248218262985884
2,0.000348432055749129,0.010263435059260832,0.98938813288499
0,0.8969898804858726,0.0040523730748312,0.09895774643929622
2,0.9657929509753205,0.0010098579464165934,0.03319719107826307
0,0.6749468176549671,0.1149965845506142,0.21005659779441868
0,0.6818105804825364,0.024761709661042207,0.2934277098564214
2,0.0008204636343275496,0.00021936819081199886,0.9989601681748604
