target,prediction_0,prediction_1,prediction_2
2,0.028352240826942758,0.014538206194133848,0.9571095529789235
0,0.9266434133212506,0.008098413097143665,0.06525817358160574
0,0.9676373945117452,0.004044865684123473,0.02831773980413121
2,0.1702426332513367,0.038736084073877984,0.7910212826747852
0,0.8987505817636248,0.0074611708874190935,0.09378824734895624
0,0.8332001385907,0.010704917782595358,0.1560949436267047
0,0.8517959253789952,0.01988284201140141,0.1283212326096034
2,0.019659095575185696,0.008278216750718893,0.9720626876740953
0,0.9752022428531394,0.00298853010775217,0.021809227039108463
1,0.415503437579504,0.02534357364323784,0.5591529887772582
2,0.04010774980230866,0.006051486265172336,0.953840763932519
0,0.6827039569717126,0.011005971371091876,0.3062900716571955
0,0.9230890422858078,0.007816367096486112,0.06909459061770609
0,0.8743160548043731,0.008110579016897127,0.11757336617872968
0,0.9137905438041104,0.030586776772547244,0.0556226794233423
2,0.18713481546851915,0.08102176600838897,0.731843418523092
0,0.9181752850842906,0.007498362295607917,0.07432635262010162
2,0.6669340602720399,0.10583223877095288,0.2272337009570071
0,0.9802047150765899,0.0037831961889367065,0.016012088734473427
2,0.146668484477356,0.05247913045034065,0.8008523850723034
0,0.9449937691428609,0.007277337884686595,0.04772889297245256
1,0.5038724938087976,0.06076123569499351,0.4353662704962088
2,0.047119866101745164,0.003975554114453839,0.948904579783801
0,0.9405533333499131,0.006335350942558812,0.05311131570752822
0,0.5130909996175513,0.09119133380984946,0.39571766657259927
0,0.8785141385439477,0.016197334509078704,0.1052885269469735
0,0.9791970322571698,0.003759492229662278,0.017043475513167906
0,0.9755179764148579,0.0037031773342213674,0.02077884625092065
0,0.623191983770181,0.02630530469546763,0.3505027115343512
0,0.8861729786486077,0.011079938188309307,0.10274708316308298
2,0.04752063501151067,0.014223179388509788,0.9382561855999796
2,0.1974280789363476,0.03062932810258681,0.7719425929610656
0,0.3382565351135477,0.07675464515068246,0.5849888197357699
2,0.49277430655308996,0.04671851544310745,0.46050717800380253
0,0.7941974088400072,0.06118640359804964,0.14461618756194303
2,0.09673000321133583,0.01098874955264227,0.8922812472360219
2,0.2357464062130109,0.046629448858102315,0.7176241449288868
0,0.9347637670672538,0.014458905199539735,0.05077732773320632
0,0.4116865497789472,0.16198499738854688,0.426328452832506
0,0.693711628797011,0.0711934920496155,0.23509487915337357
0,0.8669354187901582,0.008029958507049144,0.12503462270279248
2,0.054218877813851624,0.7970625942102124,0.14871852797593596
0,0.8773865911993923,0.009015370731096928,0.11359803806951083
0,0.9555881000706907,0.004339853916577284,0.04007204601273199
0,0.9639917542076634,0.003936832910439546,0.03207141288189719
0,0.6313444249155441,0.16337638664951698,0.2052791884349388
0,0.89959858402082,0.009963736319939964,0.09043767965923993
2,0.7783354110051695,0.023252214228747275,0.1984123747660833
0,0.8734838101544612,0.010637196978979606,0.11587899286655937
2,0.4409910283028246,0.0918975373455287,0.4671114343516466
0,0.9217159499778782,0.03671943614870784,0.04156461387341403
0,0.9889202681489323,0.0016955463667312994,0.009384185484336368
2,0.08762629511572417,0.006639242500029625,0.9057344623842462
2,0.2644532079478783,0.02817765453823381,0.7073691375138879
2,0.20765322871330763,0.014584969987829781,0.7777618012988625
0,0.8823736863762123,0.008642142529138218,0.1089841710946496
0,0.9071358434464905,0.03494478324132374,0.057919373312185767
0,0.8031992637140823,0.057014066715602094,0.13978666957031552
0,0.9861858497177691,0.0026829876022296927,0.011131162680001194
0,0.790900017800946,0.06249044715640927,0.14660953504264476
1,0.8918180407590408,0.013089304944791028,0.09509265429616827
2,0.8478225580035385,0.02628257206183251,0.12589486993462903
0,0.9476781766656907,0.006952075457402872,0.04536974787690647
2,0.19013418178061978,0.02145505524964968,0.7884107629697306
2,0.12934486300447537,0.08721999166796483,0.7834351453275599
2,0.025456345010066307,0.0031293951492599244,0.9714142598406738
1,0.7786357357719411,0.01735360830100801,0.20401065592705078
2,0.2571147079098082,0.014718799735880621,0.7281664923543112
2,0.025360332334788106,0.1266540063078524,0.8479856613573595
0,0.942914685656516,0.004267039666274833,0.0528182746772092
0,0.9658970802712112,0.0054606684051466715,0.028642251323642186
0,0.7582344688717986,0.005700056966784003,0.23606547416141746
0,0.94206577140811,0.004763833390861372,0.05317039520102855
0,0.9394962157651395,0.02865730928896325,0.031846474945897194
2,0.026833028896408817,0.0036510000405537623,0.9695159710630373
2,0.05515007981165523,0.00976542642146098,0.9350844937668837
0,0.9463892311787687,0.0057515481049578215,0.047859220716273285
0,0.654647717128468,0.0196774847953929,0.3256747980761391
0,0.942140423913287,0.007651728431612989,0.05020784765509999
0,0.8067146004945265,0.009319569450793588,0.1839658300546799
0,0.7630373488188292,0.08425166367765756,0.15271098750351317
2,0.717419233824033,0.01086888996979773,0.2717118762061692
1,0.5847048835422419,0.014230539869410678,0.4010645765883474
0,0.7105106025440663,0.017026695684059043,0.2724627017718746
0,0.7610791510807062,0.023708312288356025,0.21521253663093784
2,0.6739161075871295,0.03362936318433982,0.2924545292285306
0,0.9474346244538332,0.006954412126117339,0.0456109634200495
2,0.037806857777857916,0.01852278242231683,0.9436703597998253
0,0.9811928306091001,0.0020464525884770325,0.016760716802422835
0,0.8763203980511624,0.008962017875898108,0.11471758407293955
0,0.8205459766998473,0.012134276596168303,0.1673197467039843
0,0.8387365552785343,0.03412806405905734,0.1271353806624083
0,0.9230864008374592,0.016934384775450294,0.0599792143870906
0,0.9710849532759391,0.004419346218849973,0.024495700505210844
0,0.9596048185329052,0.0046944576814766424,0.03570072378561794
0,0.9354214524567477,0.007935454288349268,0.056643093254903076
0,0.9676751469579206,0.004092115164816956,0.028232737877262326
2,0.009166465248230287,0.004635002389461421,0.9861985323623084
0,0.9828909194412814,0.0028959865033103536,0.01421309405540832
0,0.5645147895737591,0.02331313052719703,0.41217207989904375
2,0.04659974812194014,0.028773464927000184,0.9246267869510597
2,0.06669659400846698,0.008083808991624374,0.9252195969999087
2,0.04790825934495631,0.04270722768941613,0.9093845129656276
2,0.0654122705392879,0.041598458214780844,0.8929892712459313
0,0.9638271153354192,0.007107431634450396,0.02906545303013017
0,0.9515624206326271,0.01417155052328367,0.034266028844089365
0,0.9554343722430162,0.003766974370649522,0.040798653386334434
2,0.5266827320925528,0.025617299713048505,0.4476999681943987
0,0.4158634347609099,0.025217553818304567,0.5589190114207856
2,0.21625580139676723,0.03592092550180897,0.7478232731014237
0,0.9627016510826076,0.004541135682267305,0.032757213235125184
2,0.147006775004634,0.038269994603575386,0.8147232303917906
0,0.9312880171556343,0.009288636542540064,0.059423346301825684
2,0.05859200456529849,0.015821018098641438,0.9255869773360601
0,0.9499971009930013,0.003860668580174616,0.046142230426824055
0,0.7872514291060114,0.015568587155782052,0.19717998373820653
0,0.9659457914730682,0.003088967663686273,0.03096524086324544
0,0.961619835146134,0.003298249545359091,0.035081915308506836
0,0.957680029000409,0.011210560901755897,0.031109410097835098
2,0.492387488777156,0.033995883943114376,0.47361662727972953
0,0.89751489715606,0.0051309649208705075,0.09735413792306957
0,0.9571192296641341,0.004816856183387386,0.03806391415247852
0,0.690950758191385,0.0855970661193865,0.22345217568922857
0,0.9650815751042625,0.002880142876720274,0.03203828201901727
0,0.5058388831042095,0.019188595941964176,0.4749725209538263
0,0.7110075245169318,0.05004420815385852,0.23894826732920968
0,0.9705501245544722,0.0029906045179890835,0.026459270927538678
0,0.9576446667684343,0.004125425851525887,0.03822990738003995
2,0.14583272280625728,0.05276051455704453,0.8014067626366983
0,0.8823375217503159,0.007781192508240292,0.10988128574144368
2,0.06628637196439296,0.005611156136251055,0.928102471899356
0,0.9094469614973806,0.007472536386780854,0.08308050211583848
2,0.04889096580808463,0.006572278096194363,0.944536756095721
0,0.9583888678145883,0.003929884706327042,0.03768124747908467
2,0.6379276561526951,0.08564939453388568,0.2764229493134194
2,0.4772984908053198,0.023694603803649322,0.4990069053910308
0,0.8046320845419719,0.014319436014968333,0.1810484794430599
0,0.9675700971568297,0.003757107391432827,0.0286727954517374
0,0.9359150563876927,0.017214152466890027,0.04687079114541718
2,0.5888255216813576,0.009619559120942357,0.4015549191977001
0,0.6557937676173662,0.05296739048266542,0.29123884189996846
0,0.30568515403656954,0.1089025214374915,0.5854123245259389
0,0.8790987192357326,0.022883436915922834,0.09801784384834461
0,0.7278482752060207,0.02001197615768578,0.2521397486362935
0,0.8106830649302948,0.05709765376111051,0.13221928130859467
0,0.933820287568446,0.00608020396400523,0.06009950846754869
2,0.060572691387902534,0.005694972333895002,0.9337323362782024
0,0.963808538512674,0.007523944549341151,0.02866751693798497
0,0.9133009597850854,0.04012967731301447,0.04656936290190014
2,0.2698395572685714,0.11075711452742866,0.6194033282039999
0,0.9524610698337598,0.0038225573677179506,0.04371637279852209
2,0.5427976336683025,0.045023890159092333,0.41217847617260517
0,0.9607049082199415,0.004699839401515852,0.0345952523785427
0,0.9314152492958154,0.00532036333759882,0.06326438736658585
0,0.3867051450270326,0.019001945285012856,0.5942929096879545
0,0.8651565478020253,0.009574751953908774,0.1252687002440658
2,0.017538610008828497,0.00536680910553557,0.9770945808856359
2,0.025457362284616893,0.003089558672493891,0.9714530790428892
2,0.7680964796123017,0.0099581806569818,0.22194533973071645
0,0.9524001413570441,0.0067074816597857655,0.04089237698317006
0,0.061220755739900996,0.011033242481704621,0.9277460017783945
0,0.958474892726219,0.005396325026137595,0.036128782247643286
2,0.7498002820277159,0.007204144656460782,0.2429955733158233
2,0.7740100635548878,0.036478545101481456,0.18951139134363076
0,0.9287759890845938,0.006622527492567968,0.06460148342283825
2,0.38805559840007076,0.06856194699544021,0.5433824546044891
0,0.9304107785486178,0.015751995174386007,0.053837226276996365
2,0.034595207471912,0.0038245461816093385,0.9615802463464788
2,0.8600665674524411,0.008018370816829977,0.13191506173072887
0,0.9022158561715854,0.007274900220889644,0.09050924360752492
0,0.7360340533956412,0.07628335079822629,0.18768259580613247
1,0.2975417823046903,0.05057226848626101,0.6518859492090486
2,0.1640218888614803,0.031226324071188402,0.8047517870673313
0,0.8511617223257487,0.02126772710518665,0.12757055056906458
2,0.13085497567040918,0.1135701565139948,0.755574867815596
2,0.05747979754377335,0.009543201340360982,0.9329770011158657
0,0.9674399509109284,0.006021777250539476,0.026538271838532003
0,0.10558931462271416,0.023350128869902034,0.8710605565073838
2,0.1366734114179167,0.026292833386302,0.8370337551957814
0,0.9571524102703799,0.003884907509862426,0.03896268221975781
0,0.26413095245134255,0.06016654682774584,0.6757025007209116
0,0.47513133046476774,0.07301398893674658,0.4518546805984856
2,0.026767281295791145,0.006092303121843953,0.9671404155823649
0,0.9673342833798844,0.0038918172355112348,0.028773899384604375
2,0.23413799478546607,0.027171487669147114,0.7386905175453868
2,0.3952497288150936,0.07346667792054193,0.5312835932643645
1,0.4502676181835297,0.15293335008766082,0.39679903172880937
0,0.49638318673191817,0.02087053963170319,0.4827462736363785
2,0.2168754413142577,0.005890246645933482,0.7772343120398089
2,0.4532396255169022,0.07553415286307112,0.47122622162002653
0,0.7018624099810208,0.028802464552474913,0.2693351254665042
0,0.9715687772827534,0.010214975259387655,0.01821624745785895
0,0.8091014688189381,0.02422367655977831,0.16667485462128373
2,0.15450967462857867,0.020484581936083837,0.8250057434353376
2,0.39806797577795905,0.10166988643459157,0.5002621377874493
0,0.9651559620188568,0.003826876604530519,0.03101716137661265
0,0.7367862286793849,0.025396713222820583,0.23781705809779455
0,0.9594668000917006,0.009219097650914058,0.03131410225738539
2,0.9362136356499926,0.005230042874914544,0.05855632147509285
0,0.9464412062045227,0.005388230625191376,0.04817056317028594
0,0.918618011078791,0.007612592361699055,0.0737693965595099
0,0.978067605058616,0.0035085003874041,0.018423894553979928
2,0.7443328466034479,0.014107689878364884,0.24155946351818716
0,0.9474346244538332,0.006954412126117339,0.0456109634200495
0,0.9205937289718131,0.014888247551589186,0.06451802347659776
0,0.17221346382083416,0.050615031106176586,0.7771715050729893
0,0.9175383281925107,0.0023966354535471033,0.08006503635394219
2,0.5373208747152993,0.05754377859805604,0.40513534668664464
0,0.9719425727833775,0.003774381933874805,0.024283045282747648
2,0.09187005863923231,0.008945826743670891,0.8991841146170969
0,0.9412115775483769,0.01694389949123908,0.04184452296038395
2,0.8447973591240757,0.02249008605519548,0.13271255482072875
2,0.04620984530635854,0.014213517153528855,0.9395766375401126
2,0.0397071174697003,0.002532507267169425,0.9577603752631303
0,0.5852217610907691,0.04177208823761039,0.3730061506716206
0,0.9275218390712812,0.009410727555342491,0.06306743337337627
0,0.9451704736513972,0.005758445916579273,0.049071080432023524
0,0.9176845202015437,0.010445848949993326,0.07186963084846301
2,0.6307767031041732,0.014743840261557777,0.3544794566342689
0,0.9579074088922264,0.005407191498531176,0.03668539960924252
0,0.27904801800965173,0.14752155056731442,0.5734304314230338
0,0.9675221290530776,0.0038064969732062733,0.028671373973716184
2,0.9526359864389347,0.00480739841386756,0.042556615147197885
2,0.68598804329621,0.05629175706046614,0.25772019964332393
2,0.049020734088328764,0.015290337435930893,0.9356889284757403
0,0.9747414607444741,0.0034486087384449186,0.021809930517081015
0,0.9502381517440315,0.010715333923954419,0.03904651433201419
2,0.6142819485798854,0.034439006754814296,0.3512790446653004
2,0.042396984443771345,0.006511215629466196,0.9510917999267624
2,0.07355649674199906,0.013451815300698743,0.9129916879573021
0,0.9310181232619132,0.006091199497732853,0.06289067724035385
2,0.0876197927192939,0.0198096056633022,0.8925706016174039
0,0.8767307291677252,0.016733126408752252,0.10653614442352259
0,0.9629681280624647,0.009071538359098198,0.027960333578437038
0,0.49024303233729294,0.08779475920843922,0.42196220845426774
0,0.53032076236355,0.07829879373648152,0.39138044389996857
2,0.5682756351441803,0.015858055238808972,0.41586630961701065
2,0.778724239391323,0.007892783894702335,0.21338297671397463
0,0.9714992693764597,0.0037721849530228963,0.024728545670517573
2,0.208511257739878,0.016292982625418655,0.7751957596347032
2,0.03582206197442117,0.010738659179256406,0.9534392788463224
0,0.7364636490837464,0.011721739329463984,0.2518146115867896
0,0.9485677830560317,0.004640463688351063,0.04679175325561714
0,0.9509944463735823,0.009196134224983391,0.039809419401434225
0,0.8394664259314674,0.010009672235404955,0.15052390183312772
2,0.02166326752876206,0.014741320982876666,0.9635954114883613
0,0.3083800252522843,0.061681198042676924,0.6299387767050388
0,0.9146491382952914,0.005215692031485482,0.08013516967322312
2,0.09557950253763135,0.009640894663138335,0.8947796027992302
0,0.8745555996600068,0.01286466200445536,0.11257973833553767
0,0.2163493811715591,0.0766687596455351,0.7069818591829058
2,0.20498275190390694,0.01515299014763824,0.7798642579484548
2,0.04975920049613262,0.005722110504609472,0.944518688999258
1,0.6118886929435051,0.015460658287993832,0.3726506487685011
0,0.9725517174130279,0.00390516498307608,0.023543117603895998
0,0.953045678147313,0.005568481620243612,0.04138584023244337
2,0.2557486702796623,0.017841421948784592,0.7264099077715531
0,0.9149126602225663,0.004211353050849288,0.08087598672658448
0,0.9610970633488334,0.0042575202361802246,0.03464541641498633
1,0.18975341464464607,0.3763262571503459,0.4339203282050079
0,0.9262407640543123,0.007564219846615131,0.06619501609907252
2,0.3327160284924899,0.34043967348515297,0.32684429802235726
0,0.42284093707697734,0.07431868599856742,0.5028403769244553
0,0.9395696521243284,0.006896681220439899,0.05353366665523179
2,0.25052536926961677,0.1957300034571535,0.5537446272732298
0,0.4552335987868152,0.04819544740038851,0.49657095381279637
0,0.716094897399154,0.0832562848704813,0.2006488177303647
0,0.5831644808341514,0.042500286667367944,0.3743352324984805
2,0.692499503955091,0.030594516011408394,0.2769059800335006
2,0.04329256709602771,0.0046961224845583245,0.952011310419414
0,0.9096241841755404,0.03286905165791735,0.05750676416654228
2,0.09877201341751513,0.007618187981066604,0.8936097986014183
0,0.8814252151616637,0.00844005727764846,0.11013472756068785
2,0.3860018816590188,0.10418677361082948,0.5098113447301518
0,0.9057638943495173,0.007924547838949412,0.08631155781153338
0,0.7706222891299227,0.03442270226908796,0.19495500860098927
2,0.7840896300244016,0.01048621543560089,0.2054241545399975
0,0.685169738978982,0.032190930699884227,0.28263933032113375
2,0.4794408843971941,0.04805214848713165,0.4725069671156743
0,0.976665871456675,0.0030642714237053307,0.020269857119619563
2,0.9519669187031983,0.002834635691207539,0.045198445605594266
0,0.8840664596906286,0.017471826870131314,0.09846171343924015
0,0.9328877000824599,0.005351079081345457,0.06176122083619471
0,0.7463542063603672,0.046048995378461466,0.2075967982611714
0,0.8940576504047285,0.009254661934804198,0.09668768766046731
2,0.11336326677506309,0.04661664014330835,0.8400200930816285
0,0.6562450419435769,0.023967611385731752,0.31978734667069136
0,0.8688666241276736,0.00759224549568454,0.12354113037664181
2,0.05712434382397064,0.006939350622086389,0.935936305553943
0,0.9845674325669259,0.0026483054787388026,0.01278426195433537
0,0.9286763572066421,0.02601922676038234,0.04530441603297552
0,0.9453474970800532,0.00533097169589308,0.049321531224053784
2,0.043525883696073644,0.003997098447342642,0.9524770178565838
2,0.011673252215546881,0.0015833391953539704,0.9867434085890991
2,0.22093445371462886,0.026771997221299942,0.7522935490640712
2,0.08300254548023611,0.01360770589939198,0.9033897486203719
2,0.20320942050886556,0.010160212903501878,0.7866303665876325
2,0.6170446292459247,0.03684996357097474,0.3461054071831005
0,0.9059125654210132,0.009849487012082485,0.0842379475669044
0,0.9491427068637671,0.00290269733049624,0.04795459580573667
0,0.9303960955970665,0.0048599970601374215,0.06474390734279606
1,0.15650635871299792,0.6385350606747502,0.20495858061225197
1,0.866163294618038,0.016536590409372977,0.11730011497258921
0,0.890339189931649,0.010329698861271832,0.09933111120707928
2,0.059921912413750465,0.030472084794699227,0.9096060027915502
2,0.561007916586694,0.027166084736657953,0.411825998676648
0,0.6044961015536371,0.09020383584010243,0.3053000626062605
0,0.9747523126379641,0.003437514032832331,0.02181017332920354
0,0.9553662979495008,0.01543423775228207,0.029199464298217178
2,0.039561211031601456,0.004043493612527186,0.9563952953558714
0,0.5147611961033385,0.012436611836717324,0.47280219205994417
0,0.7513377725142428,0.011335561931849324,0.23732666555390786
0,0.9308071291659633,0.0057338016052907795,0.06345906922874582
2,0.5169801245768332,0.009689749680697387,0.47333012574246935
0,0.9677001382006022,0.004501597217067606,0.027798264582330114
0,0.9395641398115803,0.006896640758656437,0.053539219429763356
0,0.5228619546369415,0.2221359829264982,0.25500206243656026
0,0.9511317938847329,0.004764649620347816,0.044103556494919385
0,0.8403319889609125,0.007723965182897081,0.1519440458561904
2,0.5457447235797726,0.100406533434507,0.3538487429857204
0,0.9792638138061053,0.002251211958384126,0.01848497423551074
0,0.9248109338645587,0.007710853007329919,0.06747821312811134
0,0.9613605942905166,0.00405162116762038,0.03458778454186307
2,0.6616365456827361,0.03411330341379796,0.3042501509034659
0,0.6179488295868929,0.02285683538785892,0.3591943350252481
0,0.7849488287151413,0.037880516724364106,0.17717065456049452
2,0.026433057027425873,0.0063478904231613455,0.9672190525494128
0,0.8946631478853228,0.007849935399477783,0.09748691671519928
2,0.1467391234222436,0.06643661445195094,0.7868242621258054
2,0.6770706555868903,0.02708377204783015,0.2958455723652795
0,0.9316163973972099,0.0055922465070229995,0.06279135609576708
0,0.891740254310009,0.009025392027232682,0.09923435366275819
0,0.8137618774859959,0.013926963655826009,0.17231115885817802
2,0.6003587171674353,0.042465697588026104,0.3571755852445386
0,0.876860034978319,0.04180379953614603,0.08133616548553485
2,0.9497289880954649,0.004135874151681402,0.04613513775285355
2,0.21481618689628218,0.010348486452789666,0.7748353266509281
0,0.9631434198243957,0.005672919811107268,0.03118366036449712
0,0.8072297201385303,0.014786716364311853,0.17798356349715788
2,0.05599557905459487,0.15874351262083253,0.7852609083245726
0,0.7604052739990411,0.04277718324791385,0.19681754275304497
0,0.6812843025368683,0.009486554532301685,0.3092291429308301
0,0.7746757884081363,0.01796855707481677,0.207355654517047
0,0.9149164050421249,0.01188801842368301,0.07319557653419222
0,0.8391376670492305,0.017272830918683934,0.1435895020320855
2,0.05042532364022778,0.065047830918867,0.8845268454409051
0,0.9571421091220278,0.004414231650191504,0.03844365922778062
0,0.8416243175553003,0.04044595329259018,0.11792972915210954
1,0.33528091838185553,0.02854665969262771,0.6361724219255167
0,0.45066608824621107,0.01246043510161796,0.5368734766521709
2,0.19579118183866182,0.00952425628120024,0.7946845618801378
2,0.16747545391064994,0.046375284140167325,0.7861492619491827
0,0.9421200460427918,0.0075435583557769085,0.05033639560143143
0,0.9742330119712956,0.0034980175511942647,0.02226897047751009
2,0.054737439492718656,0.017174494761142967,0.9280880657461384
0,0.8529546287057996,0.009190312449644278,0.13785505884455615
2,0.052895902850003895,0.006772640958043479,0.9403314561919527
0,0.946166960541548,0.0037224798930171055,0.050110559565435024
0,0.8251064550961846,0.01808777258931713,0.15680577231449827
0,0.8390907948003571,0.008205444536614292,0.15270376066302857
0,0.9675171605550396,0.003916808800062444,0.028566030644898002
2,0.3539715815073151,0.03511322125449481,0.6109151972381901
0,0.9781496316151187,0.0024779464907336867,0.01937242189414759
0,0.9795112331866099,0.004052872941490406,0.016435893871899615
0,0.8054217203987509,0.010823629422393287,0.18375465017885573
0,0.8857620616914298,0.011292973706460274,0.10294496460210988
2,0.592647752780724,0.020471281825854087,0.3868809653934219
0,0.7128310731332753,0.05662959869682948,0.2305393281698953
0,0.4272484904849339,0.03746975417803894,0.5352817553370273
0,0.8306180162891373,0.02242858251303821,0.14695340119782446
0,0.8831496087224905,0.010551367866736926,0.10629902341077266
2,0.1920417831435638,0.02808241415810421,0.779875802698332
2,0.1354842005565407,0.01752345756240577,0.8469923418810537
0,0.5085951787495587,0.02434537088930157,0.4670594503611396
0,0.9307170531767301,0.006522410201142815,0.06276053662212695
2,0.4051278785666297,0.09086294399003912,0.5040091774433312
0,0.8671808093943849,0.03255029167449368,0.10026889893112145
0,0.9395641398115803,0.006896640758656437,0.053539219429763356
0,0.9549323872448863,0.0034800398186403494,0.04158757293647348
0,0.9474346244538332,0.006954412126117339,0.0456109634200495
0,0.9763639276577575,0.0028392070581137394,0.02079686528412861
0,0.48144522332137496,0.048030133915810555,0.4705246427628145
2,0.036570659422690735,0.009222904665494632,0.9542064359118146
0,0.7163330716101529,0.013505505395263297,0.2701614229945838
0,0.8935077496634108,0.01306171719615323,0.093430533140436
2,0.30125366891386246,0.0256556569667934,0.6730906741193441
2,0.468068473103721,0.018364593937100705,0.5135669329591782
2,0.4035174216008696,0.06794491195666998,0.5285376664424604
0,0.4218222919727271,0.010571277449073498,0.5676064305781994
0,0.8393951407727731,0.020971949183274417,0.13963291004395254
0,0.9307174890417275,0.0068373113164519736,0.06244519964182061
0,0.8039701123167877,0.03178127924921878,0.1642486084339934
2,0.7222999113937013,0.059014877155812155,0.21868521145048658
0,0.9709733625651642,0.004811033658169959,0.02421560377666593
2,0.051810860656737213,0.020899494869370795,0.927289644473892
0,0.9466802965241555,0.0051587022127784305,0.0481610012630662
0,0.9575342948012207,0.005057859458435289,0.03740784574034397
0,0.5207560044899953,0.042035672543375854,0.43720832296662887
0,0.812999855131072,0.012178434697595964,0.174821710171332
2,0.8568140917466226,0.02848954482711096,0.11469636342626643
0,0.7858148751755449,0.05799830928753177,0.15618681553692337
0,0.8055283906102607,0.009490278830677639,0.18498133055906166
0,0.6876697876269167,0.01489997360272987,0.29743023877035346
2,0.9281595253338527,0.005445974431191954,0.06639450023495541
0,0.8889379010639631,0.007563568127116645,0.1034985308089203
0,0.4762713660557083,0.04645565751231299,0.4772729764319787
1,0.05343271992226468,0.38195045767127966,0.5646168224064557
0,0.9661166627491866,0.005344724370209786,0.02853861288060362
0,0.964907430373529,0.006550552346075998,0.02854201728039502
0,0.9447060648845853,0.004361384641695753,0.05093255047371892
0,0.9050231622738906,0.0060787243792089695,0.0888981133469005
0,0.9548470417073871,0.006510504350079103,0.038642453942533996
0,0.969187440742287,0.005627702022190221,0.025184857235522762
2,0.15883297719145092,0.016101696096818864,0.8250653267117302
2,0.17755049367252618,0.03300901628996339,0.7894404900375104
0,0.9725865430096514,0.0028784445867365473,0.02453501240361197
2,0.6670937033494336,0.044186662012289143,0.2887196346382772
2,0.24547154263403037,0.038690222328682806,0.7158382350372868
0,0.797101072262631,0.008396204334540755,0.19450272340282818
0,0.9749110951967239,0.0027312939301527804,0.02235761087312317
2,0.42066906489968364,0.02404249017637755,0.5552884449239388
0,0.6498534071305193,0.050309641268686076,0.29983695160079465
2,0.09194586689616843,0.01551577991932384,0.8925383531845077
0,0.7513251659683724,0.029946890697237417,0.21872794333439016
2,0.17040959992034535,0.014133962681810774,0.8154564373978439
2,0.05167152650165654,0.006348532666410835,0.9419799408319326
2,0.026082500004576972,0.004674770227533666,0.9692427297678894
2,0.012106456072674156,0.010696158746250382,0.9771973851810754
0,0.9611285917099931,0.004045677860167063,0.034825730429839816
0,0.8942603525275289,0.007776472227257459,0.09796317524521343
1,0.4561236663061247,0.026916472490549268,0.516959861203326
2,0.1184869629582822,0.05100615938168282,0.830506877660035
0,0.9599652164112534,0.003844415614829564,0.036190367973916976
2,0.43043258081715363,0.1436768895654183,0.42589052961742807
0,0.18518755787638394,0.028546506916947434,0.7862659352066688
0,0.8166984738411045,0.014723277569190871,0.16857824858970458
0,0.8644813585282711,0.023650796500994373,0.11186784497073458
0,0.959944826387113,0.005487291993679495,0.03456788161920748
0,0.9667250006639054,0.0062345905718598086,0.027040408764234893
0,0.15234193323263892,0.014855692354329658,0.8328023744130314
2,0.22287088762391266,0.036358018354087744,0.7407710940219996
0,0.929968399926221,0.013558429968441242,0.05647317010533784
2,0.9002929339776692,0.00768735454524537,0.09201971147708539
2,0.03607274484823236,0.014003650557135604,0.949923604594632
0,0.964762501405836,0.007157522032070035,0.02807997656209385
0,0.9570653392162778,0.004272803144740626,0.03866185763898165
0,0.9815128090390689,0.0027054700396903037,0.015781720921240774
0,0.9475974832581644,0.006173130238514391,0.046229386503321104
0,0.8994579832079166,0.009937145071854392,0.090604871720229
0,0.9836927170202522,0.002790792864887736,0.013516490114860268
0,0.9366094756778807,0.013333410007726967,0.050057114314392186
0,0.9741217328841255,0.003329964079163002,0.02254830303671154
2,0.05525716737278585,0.02378146116905789,0.9209613714581563
0,0.7046170955428888,0.0835345592203744,0.21184834523673687
2,0.04542648813379844,0.010586238108474505,0.9439872737577271
0,0.9421201951567676,0.00378304952878276,0.054096755314449664
2,0.24747029170431042,0.03334042687014361,0.719189281425546
0,0.35760476891235654,0.5851819420032338,0.057213289084409744
2,0.03962474987312161,0.00425959897603384,0.9561156511508446
2,0.4011166224606084,0.12993431899712357,0.46894905854226804
0,0.9351900655828282,0.006558219257385732,0.05825171515978615
2,0.08757181205401535,0.007356212396677779,0.9050719755493069
0,0.9360759852766024,0.008941340699966967,0.05498267402343047
0,0.9506650775928002,0.007432510119714103,0.04190241228748588
0,0.8331449995193954,0.007912901904524155,0.15894209857608046
2,0.5941198600013364,0.06734642145029548,0.3385337185483681
0,0.9847951931545773,0.002576907842299257,0.012627899003123494
0,0.4489203502950034,0.026246032243913787,0.5248336174610828
2,0.11238769561124302,0.07103930038362972,0.8165730040051272
2,0.08216158774453068,0.03837542922698238,0.8794629830284869
2,0.1768933388450153,0.011213402105225142,0.8118932590497595
2,0.06662327337927781,0.008004431436129163,0.9253722951845931
2,0.01895330228091129,0.016603952082795824,0.964442745636293
0,0.8386939295934128,0.006779562095903238,0.15452650831068385
2,0.009031484946689844,0.0017823638712240555,0.9891861511820861
2,0.5883788235943641,0.08065825962184024,0.33096291678379575
2,0.013987949705115037,0.004867631921810614,0.9811444183730744
2,0.05899998910537696,0.005382804318167257,0.9356172065764556
0,0.942510936369134,0.013445581820396943,0.04404348181046909
2,0.8544142200560747,0.006953683818002542,0.13863209612592275
0,0.9141824206003196,0.018787127536322754,0.06703045186335777
0,0.909354827533822,0.009780450250490565,0.08086472221568758
0,0.9093229911715909,0.01840632998727355,0.07227067884113551
0,0.6731377947986505,0.02934020361452715,0.2975220015868223
0,0.5824806857267002,0.014532130601169403,0.4029871836721303
0,0.9782083174709799,0.002731168380761729,0.01906051414825827
2,0.07278897742464062,0.04852978901453968,0.8786812335608196
2,0.33952930519107166,0.06566465138840098,0.5948060434205273
2,0.6470693892792891,0.03263550360425825,0.3202951071164526
2,0.0528489301972991,0.006457820762734982,0.940693249039966
2,0.02627795648451831,0.0036575062944839273,0.9700645372209978
0,0.958436469890712,0.005436196173194531,0.03612733393609344
2,0.060724263767260325,0.03222518861989044,0.9070505476128492
2,0.03620875010173853,0.01028614350225723,0.9535051063960042
0,0.947572835248874,0.004472587008807554,0.04795457774231857
0,0.930539510018078,0.006147506766592216,0.06331298321532988
0,0.9347943798066396,0.005575019856145708,0.05963060033721473
2,0.04976463067442186,0.005613605822958941,0.9446217635026192
2,0.0556425667069394,0.004671565919278549,0.9396858673737821
1,0.6251810876506871,0.20008728605295684,0.1747316262963561
0,0.0698163385515214,0.0065377309713527685,0.9236459304771258
0,0.8589510093125119,0.008522304923089774,0.13252668576439833
2,0.6304981352717802,0.058413808758216675,0.311088055970003
0,0.9304425281200653,0.0073029721712704315,0.06225449970866408
0,0.649722706306053,0.058734862302734295,0.2915424313912126
0,0.9028970170300702,0.00850402126967132,0.08859896170025865
0,0.6374177255849486,0.06644067663844018,0.2961415977766114
2,0.036915008965603235,0.0041058311307132405,0.9589791599036834
2,0.013988372308783553,0.004837567001770392,0.981174060689446
2,0.09373878100113527,0.01656725232008386,0.8896939666787809
2,0.808384971451239,0.007815210591412674,0.18379981795734823
0,0.5074603819690774,0.02843992629847876,0.4640996917324437
0,0.6354028359706002,0.16709967632360945,0.19749748770579037
2,0.27113683639477076,0.010780764308082157,0.718082399297147
0,0.9491844678862396,0.005485902494089077,0.04532962961967146
2,0.8677675625539992,0.01108136739424009,0.12115107005176082
0,0.9538293060352845,0.005801253624788191,0.040369440339927266
0,0.834499732510682,0.01629160272185598,0.14920866476746203
2,0.5477751217601213,0.07100400635890833,0.3812208718809704
2,0.5895696513304217,0.025997244724771593,0.3844331039448068
0,0.9625022856813674,0.0055474084162851905,0.03195030590234735
0,0.4685946430113188,0.019066489041816577,0.5123388679468647
2,0.1838743727080469,0.023105973707919756,0.7930196535840333
1,0.5179465266165572,0.03215725615782741,0.4498962172256154
0,0.8114855140329066,0.012037207230656979,0.17647727873643645
2,0.041038960176363694,0.021831218955604404,0.937129820868032
0,0.9548999540152243,0.003279191393148135,0.04182085459162764
0,0.06544834183938444,0.05944392017959097,0.8751077379810246
0,0.9443698377946892,0.00539868506271631,0.050231477142594405
2,0.028683071793597914,0.0030868915453896393,0.9682300366610124
1,0.31311554159037364,0.1804282734508483,0.506456184958778
0,0.9249325419220673,0.005096840854847628,0.069970617223085
2,0.17699272930193843,0.011321483022760353,0.8116857876753012
0,0.9423461396166606,0.003751476139080257,0.05390238424425922
0,0.8666272098851234,0.015575881995100068,0.11779690811977653
0,0.6985245038074179,0.030914655381304782,0.2705608408112773
1,0.7479794625051056,0.062468699165943505,0.18955183832895076
2,0.03973579168754153,0.005031443730756076,0.9552327645817025
2,0.22315307748341723,0.04864898435671676,0.7281979381598659
2,0.2425443004926877,0.022157845388438662,0.7352978541188737
2,0.0927556747470983,0.015140825523878559,0.8921034997290231
2,0.15290128444559523,0.03780739062632402,0.8092913249280808
0,0.949085694322365,0.003689224915575422,0.047225080762059654
2,0.6015196248147168,0.019723712973710547,0.37875666221157256
0,0.7193522101614612,0.03571102391871904,0.24493676591981964
1,0.37184321048076024,0.1419954277754751,0.4861613617437647
2,0.0446963528039483,0.0138576090582098,0.941446038137842
0,0.8743346423277263,0.015279209331648605,0.11038614834062514
2,0.0449970067673435,0.0055756831857315635,0.9494273100469249
0,0.9167367555590248,0.007185339120111066,0.07607790532086407
0,0.6697064342047998,0.10867884901822018,0.22161471677698008
0,0.9816967281028576,0.0028250777643264824,0.015478194132816042
2,0.05128135211715585,0.006378417125158905,0.9423402307576852
0,0.9627437165543362,0.002276244208387143,0.03498003923727667
2,0.12080992119945314,0.026434443442816872,0.8527556353577299
0,0.7852857472029984,0.010908742554907366,0.20380551024209423
0,0.9487169601164953,0.0058063895054169075,0.04547665037808784
2,0.17849013994490073,0.1066410989347475,0.7148687611203518
2,0.03454558078070672,0.0029468065852973533,0.962507612633996
0,0.8716658877841481,0.013332431262071577,0.11500168095378031
0,0.9474219002349451,0.006967748908518818,0.04561035085653612
0,0.9871392882123624,0.0026493739513325336,0.010211337836305205
0,0.8595948929420999,0.005910726605502869,0.13449438045239728
2,0.9580672950929936,0.007097573960649104,0.03483513094635724
0,0.971408623355069,0.0037842645970178244,0.024807112047913218
0,0.7156134102426494,0.06863808901163389,0.21574850074571683
0,0.6017796566785532,0.19137416403347765,0.2068461792879691
0,0.8707623137156857,0.007241458913637406,0.12199622737067699
1,0.4913026577907032,0.12429404382231632,0.38440329838698045
0,0.9474346244538332,0.006954412126117339,0.0456109634200495
0,0.20851585148596602,0.03686685352414552,0.7546172949898885
0,0.2425001694031923,0.014882523240277421,0.7426173073565303
0,0.9063055077560117,0.007797533984360378,0.085896958259628
0,0.2513987362226796,0.011459207362367226,0.7371420564149531
0,0.9006004881487988,0.015750565580236374,0.08364894627096484
2,0.7002159109553325,0.06958069546538062,0.23020339357928685
2,0.035401734045875835,0.012844995556468565,0.9517532703976556
2,0.9380074951964156,0.013307944392795602,0.04868456041078879
2,0.26925943585518286,0.013497874152693486,0.7172426899921236
2,0.9247744582638507,0.007714593684131336,0.06751094805201792
0,0.9584614073633928,0.005410318706647203,0.036128273929959875
2,0.3618242461126081,0.11829079291343723,0.5198849609739546
0,0.6760369851206552,0.05007435862004346,0.2738886562593013
0,0.948025165652232,0.0037297905807182103,0.04824504376704992
0,0.9584153809252492,0.005037514321089758,0.03654710475366094
0,0.9678962098642795,0.0026981997812956333,0.02940559035442499
2,0.03633074737456594,0.006951524355422304,0.9567177282700118
2,0.8724288786874853,0.027365007200514248,0.10020611411200034
0,0.9607049082199415,0.004699839401515852,0.0345952523785427
1,0.25074469271708266,0.6191911959617172,0.1300641113212002
0,0.9658608271607074,0.0029834664017612503,0.031155706437531353
0,0.7622178099076282,0.02454760248941578,0.2132345876029559
0,0.9344840479646466,0.006458570080400389,0.05905738195495306
2,0.055407488092055465,0.008924701718297796,0.9356678101896467
0,0.9587919129035679,0.0032414647502600332,0.03796662234617191
2,0.10761517702935809,0.014557321790398797,0.8778275011802431
2,0.7458397493104131,0.010865676910426145,0.24329457377916094
2,0.1578327148486951,0.030578466322611686,0.8115888188286933
0,0.13525842233350152,0.00982381373005156,0.8549177639364468
2,0.01416886625739741,0.004585146067319015,0.9812459876752837
2,0.5733128240635547,0.05239707279619984,0.37429010314024547
0,0.9270759004717638,0.008972871004260556,0.0639512285239758
0,0.5572208158465687,0.022755391591463746,0.4200237925619675
0,0.9152380511485104,0.008692579410832403,0.07606936944065715
0,0.0744009331379828,0.011485204028366345,0.9141138628336509
0,0.9568390818549236,0.0027542180061714415,0.04040670013890492
0,0.2442111889794352,0.015349584171808945,0.7404392268487558
1,0.2477965510735802,0.1201802891901714,0.6320231597362483
0,0.5776428274064864,0.009344316197200019,0.41301285639631363
0,0.9433295732130292,0.005087451132072067,0.05158297565489862
2,0.2293974299253528,0.0196148615564925,0.7509877085181547
0,0.4855878781155072,0.052280291045006255,0.46213183083948656
0,0.9050474987018975,0.007845164648796947,0.08710733664930549
0,0.9712492822514855,0.00572867941578287,0.023022038332731493
2,0.9722767307892174,0.0024078649813177215,0.025315404229464912
0,0.9791956220557769,0.0023967487861747882,0.01840762915804834
2,0.16076358867436938,0.007406472076863081,0.8318299392487675
2,0.5354496952432679,0.030215948457248665,0.4343343562994835
2,0.11014437821851834,0.06134521093106758,0.828510410850414
2,0.06613577041583765,0.01642441483662286,0.9174398147475396
0,0.9222164595343737,0.009056468681998634,0.06872707178362765
0,0.8665943264088177,0.012466143940822088,0.1209395296503604
2,0.011124273215914637,0.0012480593226301144,0.9876276674614552
2,0.31903396036630327,0.13865955720993478,0.5423064824237619
0,0.9375252950650448,0.007177001482076554,0.0552977034528787
0,0.9677396590284273,0.0025263811433275385,0.029733959828245192
0,0.711648320224876,0.022941816578294617,0.2654098631968294
0,0.36310953220344333,0.12420645078502311,0.5126840170115337
0,0.6668922798510798,0.03405912642630316,0.2990485937226172
0,0.7479854977698569,0.007333753971030602,0.24468074825911232
0,0.9735464276541216,0.0038978872209842357,0.02255568512489423
0,0.876227981208059,0.009427196473589692,0.11434482231835123
1,0.47286707330695993,0.16148452819268796,0.36564839850035197
0,0.3771072716404472,0.1671966894554422,0.4556960389041106
0,0.8694906686961583,0.03344929333372434,0.09706003797011731
0,0.8413419552661751,0.039372166020101775,0.11928587871372316
2,0.06669659400846698,0.008083808991624374,0.9252195969999087
2,0.8699827797105679,0.03595259537420132,0.09406462491523067
0,0.5094351158554516,0.01359029269973999,0.4769745914448083
0,0.9474346244538332,0.006954412126117339,0.0456109634200495
2,0.20618342387351613,0.016637496853469477,0.7771790792730143
0,0.9636434971943381,0.008138353172883327,0.02821814963277879
2,0.013693480010902983,0.004111289734665987,0.982195230254431
0,0.8717205645602437,0.00521575555679243,0.12306367988296385
2,0.9646746030141111,0.0048612264393412445,0.030464170546547667
0,0.6767434030343411,0.10169931064106916,0.22155728632458982
0,0.5777983931020536,0.033164919342440716,0.3890366875555057
2,0.008005448239743609,0.001582399082880105,0.9904121526773763
0,0.9454295645368506,0.005902681479879716,0.04866775398326972
