target,prediction_0,prediction_1,prediction_2
2,0.10377993100978722,0.007106206282234539,0.8891138627079783
0,0.9754942803642159,0.0031340931069645194,0.021371626528819472
0,0.9734448650930717,0.004230723547780147,0.02232441135914812
2,0.14692819959938086,0.014925623289311109,0.8381461771113081
0,0.9254195442841248,0.003581123246287791,0.07099933246958766
0,0.6060194138205529,0.008858509239337809,0.3851220769401093
0,0.874788312129695,0.012958734592334618,0.11225295327797033
2,0.038732078417790514,0.003320180762355287,0.9579477408198541
0,0.9827797850901658,0.0011488544367773753,0.01607136047305671
1,0.31067598051003686,0.014158943231147646,0.6751650762588155
2,0.04647054729280084,0.0037335117992723836,0.9497959409079266
0,0.842373563004123,0.018774506694694937,0.13885193030118195
0,0.9186897645941299,0.008075209560932906,0.07323502584493725
0,0.8736942962788309,0.004239111705524174,0.12206659201564478
0,0.9466074626582294,0.0061110681398870124,0.04728146920188371
2,0.228725345983529,0.016775751126953006,0.754498902889518
0,0.8984339519801937,0.01340583917250248,0.08816020884730393
2,0.4853471412560988,0.03585281853818634,0.4788000402057148
0,0.9708023493155554,0.002332105514271052,0.026865545170173588
2,0.13294819285740084,0.014221514054816278,0.8528302930877829
0,0.8931854850448352,0.008856585612621896,0.0979579293425429
1,0.5539150354295803,0.022398800309833766,0.4236861642605858
2,0.07052667692683172,0.005195134743478853,0.9242781883296894
0,0.9108498097022377,0.01252342635919198,0.07662676393857032
0,0.5680801261080954,0.014132582863434112,0.41778729102847045
0,0.918953749692717,0.007209354313991878,0.073836895993291
0,0.9437503652799918,0.009945409542256093,0.04630422517775202
0,0.9766041522896233,0.0018131284704990351,0.021582719239877843
0,0.4721753492316956,0.012994020672138727,0.5148306300961657
0,0.9415007503910668,0.009668833224938802,0.048830416383994414
2,0.029584111620902916,0.01220668074923695,0.9582092076298601
2,0.21600688899853043,0.048322785349938044,0.7356703256515315
0,0.34003996009271287,0.0385584722665226,0.6214015676407645
2,0.5690974675508061,0.015165661366251724,0.4157368710829421
0,0.6774701522341362,0.03324522623148027,0.2892846215343835
2,0.134747937061678,0.02069821560195311,0.844553847336369
2,0.37790646987934323,0.02873516973328712,0.5933583603873696
0,0.9090185944636955,0.019386794376540433,0.07159461115976413
0,0.49729620542363756,0.2641486775810423,0.23855511699532006
0,0.8593605909727248,0.06333067997230665,0.07730872905496855
0,0.9202553222881864,0.013557769575087428,0.06618690813672623
2,0.028872309320936897,0.8418445522068808,0.12928313847218237
0,0.8118111763592006,0.015505347531655144,0.17268347610914417
0,0.9704528938768536,0.007417853260516161,0.022129252862630223
0,0.9622191388867628,0.0026767670660593824,0.03510409404717771
0,0.6539400922916588,0.1271995127034984,0.21886039500484267
0,0.9078690731033355,0.0053770812347054085,0.08675384566195903
2,0.8007314928899529,0.009663019315886973,0.18960548779416012
0,0.8733290235273662,0.00642008441623792,0.12025089205639584
2,0.6720366879620963,0.11793109744311514,0.2100322145947887
0,0.9618366262494946,0.004168150541961223,0.03399522320854419
0,0.9754606618096352,0.0015482464612668783,0.022991091729097714
2,0.0876816321013237,0.0054877158754002425,0.906830652023276
2,0.20865929900359775,0.01616633909365821,0.7751743619027441
2,0.13265763844925405,0.009344981692027774,0.8579973798587182
0,0.9037063631015568,0.009866575657086846,0.08642706124135634
0,0.8356892185283858,0.09948999579488074,0.06482078567673331
0,0.7190803651570791,0.07699751685677515,0.2039221179861459
0,0.9699241547754794,0.0014404743420677272,0.028635370882452795
0,0.8430623861705869,0.018123881209955367,0.1388137326194579
1,0.9169520808590432,0.007205859523736992,0.07584205961721983
2,0.9164770141013154,0.019308792205803962,0.06421419369288076
0,0.9280036031113061,0.008348825543639608,0.06364757134505429
2,0.1745889092489209,0.020334791280348194,0.805076299470731
2,0.15331112779168338,0.04577478117052285,0.8009140910377938
2,0.0181019734764973,0.0013644962534171364,0.9805335302700856
1,0.9091448112347522,0.010515662837553263,0.08033952592769465
2,0.42995180803307315,0.013629132965447703,0.5564190590014793
2,0.10448109000182583,0.07069459533844438,0.8248243146597297
0,0.8587547597410939,0.003937648781366049,0.13730759147754004
0,0.9723449834650529,0.005450018314702967,0.022204998220244226
0,0.8142482003935202,0.006206255430916138,0.1795455441755637
0,0.9416887297394823,0.006723106167844911,0.051588164092672854
0,0.9646657038109319,0.009819852701292424,0.02551444348777571
2,0.01611225209101992,0.001906853853118987,0.981980894055861
2,0.11649413999314018,0.006390978515597414,0.8771148814912625
0,0.9347538817242164,0.009350522237537746,0.055895596038245995
0,0.6555253693114612,0.0218372756259148,0.322637355062624
0,0.8844230918900887,0.008219262030460776,0.10735764607945061
0,0.8251943457142922,0.007307297677651584,0.16749835660805623
0,0.5946530027782709,0.19085105604799127,0.21449594117373777
2,0.8506001683104141,0.0042511489505035124,0.1451486827390823
1,0.6533441612931482,0.003847230985394266,0.3428086077214576
0,0.7136768703540423,0.05918363683260976,0.2271394928133481
0,0.8029950648181474,0.008053497220261337,0.18895143796159125
2,0.7302449353053487,0.012459895894799853,0.25729516879985137
0,0.9572255634149262,0.004031449807165355,0.038742986777908446
2,0.05896011493727483,0.012627140411338464,0.9284127446513867
0,0.944348828476193,0.008264329785568268,0.047386841738238726
0,0.8105861877173596,0.006169316019631476,0.18324449626300882
0,0.9032244867069831,0.007035395704772453,0.08974011758824463
0,0.8222865975278031,0.02891299228757204,0.14880041018462492
0,0.9013471595390877,0.009954362999197183,0.08869847746171515
0,0.9667262363086964,0.0032818180812533944,0.029991945610050145
0,0.9647077358711704,0.0026188232047877607,0.03267344092404173
0,0.961622385300085,0.004092205820292414,0.034285408879622725
0,0.9712958664862844,0.0017196327896151077,0.026984500724100434
2,0.02162949653280163,0.050508517314911405,0.927861986152287
0,0.9539371139531444,0.011782639815602892,0.034280246231252594
0,0.4498864383685368,0.005066168723063601,0.5450473929083995
2,0.036456049465622566,0.030423315655537374,0.93312063487884
2,0.03857197599780973,0.0031367811482176542,0.9582912428539726
2,0.0573791312966024,0.015569305370946519,0.9270515633324511
2,0.09732786798412657,0.07699170496778178,0.8256804270480916
0,0.9430607842539663,0.004256303289779239,0.052682912456254415
0,0.9344804867557986,0.03457567698217706,0.03094383626202432
0,0.9747095428188599,0.004413101361820139,0.02087735581932
2,0.3113354950330699,0.015720483124451456,0.6729440218424786
0,0.6914129368180802,0.008204590744828957,0.3003824724370908
2,0.37981026866283757,0.027743134672089838,0.5924465966650726
0,0.9335680615818606,0.005244934381386278,0.06118700403675327
2,0.1309402021727186,0.010361689232767394,0.8586981085945139
0,0.959689390730248,0.0018906654847432934,0.0384199437850087
2,0.09618791320994861,0.018322077351695745,0.8854900094383557
0,0.9682012530847249,0.0014840226719363128,0.0303147242433388
0,0.8507191068270117,0.006600975111145342,0.14267991806184288
0,0.983468250407043,0.0010300459362007177,0.015501703656756082
0,0.9659212029678635,0.002259362151659145,0.031819434880477435
0,0.9154682948818846,0.04830635694551448,0.03622534817260092
2,0.5453451063206634,0.016899863729554578,0.4377550299497821
0,0.8870149532151337,0.009560850168650901,0.10342419661621531
0,0.9535224054628902,0.0036873179189847666,0.04279027661812501
0,0.557238830635696,0.29815217306586095,0.14460899629844312
0,0.9712048677381481,0.002074409951029523,0.02672072231082253
0,0.42412770022837953,0.011295980447547203,0.5645763193240733
0,0.543434214335515,0.017222407998075798,0.43934337766640924
0,0.9160616304802827,0.005172140405212513,0.0787662291145049
0,0.9160642280706449,0.00442347532542894,0.07951229660392602
2,0.13797497632192118,0.05842492950976747,0.8036000941683114
0,0.9414927337080994,0.00788279578294111,0.05062447050895938
2,0.06987324275511006,0.006630407387821119,0.9234963498570689
0,0.8917539487069653,0.0068629346098449655,0.1013831166831896
2,0.07568895833274944,0.019580314513206975,0.9047307271540435
0,0.9437943523530988,0.008298913254497534,0.047906734392403665
2,0.36457100799408887,0.14465197683995598,0.4907770151659552
2,0.3179560478387762,0.010355089135725314,0.6716888630254985
0,0.8252700430655397,0.0034892383330380958,0.17124071860142215
0,0.979493681775617,0.0030771197904941455,0.017429198433888814
0,0.8925060589233991,0.01285636309524911,0.09463757798135186
2,0.7595909107745752,0.004134500835722696,0.23627458838970206
0,0.6750937668691909,0.008072904534694853,0.3168333285961143
0,0.45245523781331226,0.04582781636932877,0.501716945817359
0,0.9021828612974082,0.017241681128079316,0.08057545757451248
0,0.7457244511114328,0.005205749728849801,0.2490697991597174
0,0.9228338786150907,0.012580848495459564,0.06458527288944989
0,0.925332776523645,0.005294824689903528,0.06937239878645164
2,0.04845949258502426,0.004483004729070884,0.9470575026859048
0,0.9577308687188505,0.003247328123526158,0.039021803157623394
0,0.9337388586115813,0.02320043539966413,0.04306070598875461
2,0.2855228973854994,0.09232469799889141,0.6221524046156092
0,0.9758468305459245,0.0019691519392745337,0.02218401751480091
2,0.6165464339423598,0.009878237592583964,0.3735753284650562
0,0.9726770206953272,0.003100698652790243,0.024222280651882436
0,0.8626199638977189,0.003905628451396081,0.13347440765088495
0,0.4193587981591939,0.009043809324953354,0.5715973925158527
0,0.8529738717698112,0.007909899378981119,0.1391162288512077
2,0.05372192494869956,0.0032554569492389365,0.9430226181020616
2,0.041661897727808664,0.005597708824966846,0.9527403934472244
2,0.5036592291842864,0.010610151901147603,0.485730618914566
0,0.9408356758777919,0.0026300188576790697,0.05653430526452913
0,0.07811253649324731,0.2008688775628394,0.7210185859439134
0,0.9571900735434253,0.0047580587816948,0.0380518676748799
2,0.7458769838340578,0.003248713363261652,0.2508743028026806
2,0.835813853183904,0.03731536085244113,0.12687078596365495
0,0.9238817296572613,0.00750495165707945,0.06861331868565905
2,0.491197136584691,0.03723648213826263,0.47156638127704636
0,0.9699313594747223,0.003816318367565226,0.026252322157712567
2,0.02803294865584963,0.0027542771119825208,0.9692127742321679
2,0.8856004170059629,0.010516771615348794,0.10388281137868813
0,0.6941297448932856,0.013090176068148858,0.2927800790385654
0,0.5713902510770033,0.025928548754097683,0.40268120016889897
1,0.24168681801390107,0.08334923562405613,0.6749639463620427
2,0.2829315792832796,0.008955654276552592,0.7081127664401677
0,0.8619598577987109,0.004525324334523649,0.13351481786676536
2,0.13063680481294432,0.09341251992421298,0.7759506752628428
2,0.05937845810476247,0.02093329466177152,0.919688247233466
0,0.9518548520217887,0.02462093330070528,0.023524214677506046
0,0.09156857583487339,0.00841832223926601,0.9000131019258606
2,0.16379600299725183,0.05704874020752819,0.7791552567952199
0,0.9285305868409968,0.0034906497787618174,0.06797876338024125
0,0.18025421129362396,0.03762355099748339,0.7821222377088927
0,0.4264373237270636,0.03588437354541866,0.5376783027275177
2,0.021716184256256283,0.001821372723600365,0.9764624430201433
0,0.9748533832349968,0.0022716229984046147,0.022874993766598444
2,0.34631768276801567,0.0188126854577703,0.6348696317742141
2,0.41298737170321187,0.12494548515808285,0.46206714313870534
1,0.5353239054894856,0.17023071594548392,0.29444537856503045
0,0.6596390744051239,0.016040710016749688,0.32432021557812646
2,0.2636960811426751,0.00391452996543907,0.7323893888918858
2,0.33240090623712004,0.01582309261714368,0.6517760011457362
0,0.7553827868586207,0.007283155020491019,0.23733405812088826
0,0.9752981309669605,0.0016578138512214832,0.02304405518181808
0,0.8371889182446517,0.010142604369149067,0.15266847738619915
2,0.08941793239441831,0.006934019032368246,0.9036480485732135
2,0.20629019062106646,0.062111944102657884,0.7315978652762757
0,0.964229779881855,0.002747901397510002,0.03302231872063483
0,0.7761264332577306,0.01021763268044043,0.2136559340618289
0,0.9631475063077843,0.0035266238652122413,0.03332586982700349
2,0.9287760893398503,0.005623598900706758,0.06560031175944288
0,0.8884047662482953,0.005223318839185618,0.1063719149125191
0,0.9338071712610845,0.00596760331544815,0.06022522542346738
0,0.9823960709367432,0.0005158097350771037,0.017088119328179573
2,0.712040137346008,0.010878799341540929,0.2770810633124512
0,0.9327677961931331,0.00555930630595929,0.06167289750090764
0,0.8722898188589842,0.0068871621903719826,0.12082301895064383
0,0.25180108709143756,0.020494654505718763,0.7277042584028437
0,0.9079388146387439,0.003862302757280579,0.08819888260397556
2,0.5647473303130042,0.010704771168182982,0.4245478985188129
0,0.9619895169831233,0.004717320428822416,0.03329316258805421
2,0.07152748118125589,0.010328749402263571,0.9181437694164806
0,0.9229011802401597,0.017073771680226946,0.060025048079613404
2,0.8066008542205014,0.0945772895592205,0.09882185622027802
2,0.019909306308339994,0.01263639388255412,0.9674542998091058
2,0.15880815141323593,0.012401330835448138,0.8287905177513161
0,0.672328443912084,0.022926119195490105,0.3047454368924258
0,0.9538937695875195,0.0007639737344562059,0.04534225667802434
0,0.9260670591793452,0.007273165387486314,0.06665977543316849
0,0.8965071045421844,0.013721975802452251,0.08977091965536317
2,0.6096322480322974,0.009627258086922587,0.38074049388078013
0,0.9186949926384158,0.009580187256593199,0.07172482010499105
0,0.232843385988857,0.0970354093481416,0.6701212046630015
0,0.9670442482483951,0.0016946595643943915,0.03126109218721056
2,0.9483524236946249,0.0037939961418588246,0.04785358016351623
2,0.7608729090453885,0.02405322684012749,0.21507386411448398
2,0.038859484808209624,0.008055574632943057,0.9530849405588474
0,0.9767736534756661,0.0017641751010849132,0.021462171423248824
0,0.9638240181927942,0.002475950487707717,0.03370003131949809
2,0.6742135542082228,0.0036754236634555545,0.3221110221283216
2,0.08926306323044067,0.004594054241023146,0.9061428825285361
2,0.11700825972817375,0.037060199118446546,0.8459315411533797
0,0.9056758839534002,0.0021142041417639163,0.09220991190483588
2,0.11738514974241335,0.014191418928448933,0.8684234313291378
0,0.922920816125642,0.0081972236500775,0.06888196022428063
0,0.9731901444910751,0.0035249116289854192,0.023284943879939353
0,0.3034020260286914,0.03059910788521877,0.6659988660860899
0,0.7144632537782575,0.05883323484781222,0.22670351137393044
2,0.7792431744321248,0.009668946714529685,0.21108787885334554
2,0.9261093949579307,0.00464656263267667,0.06924404240939264
0,0.9857448088416676,0.0016802714076987158,0.012574919750633585
2,0.4831212122160625,0.01163503354056329,0.5052437542433742
2,0.046011384967094664,0.003600850123507834,0.9503877649093975
0,0.7482965564928082,0.007296278633509463,0.24440716487368225
0,0.9670674759460669,0.0023960406072113753,0.030536483446721573
0,0.9624594507463805,0.0023336938408955645,0.03520685541272374
0,0.8593999162092972,0.006668159227051501,0.13393192456365133
2,0.04367286802361509,0.003256898090330312,0.9530702338860547
0,0.39035182260466406,0.027671009826185353,0.5819771675691506
0,0.901113645635745,0.009554884968076308,0.08933146939617864
2,0.16341628882891301,0.0069665839927604,0.8296171271783266
0,0.8482885464865878,0.005553514745797868,0.14615793876761432
0,0.26353165459417716,0.024404580470706125,0.7120637649351166
2,0.0866055326632369,0.00540071329475243,0.9079937540420107
2,0.05815923811260485,0.005186338808103368,0.9366544230792918
1,0.3067934762610126,0.016624640479906607,0.6765818832590808
0,0.9746677226489047,0.002715344119277654,0.02261693323181771
0,0.9351965170238133,0.0033356111413383994,0.06146787183484841
2,0.29181298041022574,0.032745713898567494,0.6754413056912069
0,0.9365366987991064,0.003147269953290595,0.06031603124760299
0,0.9789139865122778,0.001578177003373917,0.019507836484348142
1,0.2425896503640278,0.08460239785915416,0.6728079517768181
0,0.9261381815363027,0.0045758511164327755,0.06928596734726446
2,0.5130063335171607,0.03331148084883982,0.4536821856339994
0,0.5090967217507132,0.008144560419193566,0.48275871783009316
0,0.9165903175475179,0.015196991576168632,0.06821269087631361
2,0.10937387299478314,0.2782704626746813,0.6123556643305357
0,0.4375455303112885,0.1148340170707665,0.447620452617945
0,0.481591985774062,0.03440287458508235,0.48400513964085556
0,0.6335276041972058,0.013869520698341289,0.3526028751044529
2,0.6625113186110814,0.03524478318658921,0.3022438982023295
2,0.014693339784882777,0.0026410946868968984,0.9826655655282204
0,0.9235471519867223,0.020678478374346637,0.05577436963893105
2,0.0527531605907556,0.005337230670749093,0.9419096087384953
0,0.9148491469195399,0.009767277282049175,0.07538357579841079
2,0.506983806790959,0.06303387691551907,0.42998231629352207
0,0.8892852569247903,0.0031981862758691513,0.10751655679934043
0,0.6430131842996349,0.07070536980244069,0.28628144589792437
2,0.8599583257454273,0.011502896359698634,0.12853877789487417
0,0.5838509835865322,0.024702429860070332,0.39144658655339754
2,0.5338247865286481,0.026949496921971103,0.43922571654938086
0,0.9795324782019712,0.0006902155419365052,0.019777306256092336
2,0.9652945213393581,0.00328120235430253,0.031424276306339524
0,0.8195559037656693,0.010475901563022492,0.16996819467130828
0,0.927236795419067,0.009687684742277202,0.06307551983865593
0,0.781942186769835,0.015838774141560475,0.20221903908860442
0,0.9046158790174087,0.00874190136819785,0.08664221961439353
2,0.14478300874555658,0.041016114505896144,0.8142008767485472
0,0.8105697272698001,0.02564689096477887,0.16378338176542084
0,0.8152017033431718,0.004843408409317275,0.17995488824751088
2,0.036330378601699,0.002557017788941327,0.9611126036093597
0,0.9781459629535234,0.0038896462352382144,0.017964390811238285
0,0.9513461747592098,0.0031336474775742976,0.04552017776321584
0,0.944878314491759,0.004955775482916115,0.05016591002532494
2,0.05192530104423929,0.0027531725233010335,0.9453215264324597
2,0.006023551887881188,0.0005487296640535052,0.9934277184480654
2,0.23043697618203915,0.01254797201401189,0.757015051803949
2,0.11774416658749394,0.021942444291234823,0.8603133891212712
2,0.26544768463773494,0.005868326555197164,0.7286839888070679
2,0.4727003933352559,0.012554436392390603,0.5147451702723536
0,0.8910024016144228,0.0035147906254129556,0.10548280776016439
0,0.9875936465890941,0.0014594484110644183,0.010946904999841413
0,0.9201260553526365,0.0028243032931640406,0.07704964135419945
1,0.11454605140400803,0.8524339348853492,0.03302001371064278
1,0.8901760536690039,0.008737123382728577,0.10108682294826762
0,0.8191877501163605,0.02955316492642256,0.15125908495721696
2,0.05962094251295814,0.012782289510980394,0.9275967679760615
2,0.637467957004823,0.012604854307283081,0.349927188687894
0,0.3624782087919445,0.22959340190399954,0.40792838930405595
0,0.9715815079423775,0.002371076369780034,0.02604741568784255
0,0.9479640275417146,0.008888010406369617,0.043147962051915775
2,0.022047162002979133,0.002691491458145184,0.9752613465388758
0,0.42408702179303515,0.008875481482611346,0.5670374967243536
0,0.7250999219832717,0.009534279318965775,0.26536579869776267
0,0.9330195546559836,0.004626232021910439,0.062354213322106104
2,0.5556755041783097,0.006299194074506558,0.4380253017471838
0,0.9647700024655881,0.0017051902709611139,0.03352480726345079
0,0.9496628437061406,0.005210828898907161,0.04512632739495222
0,0.6417619289793107,0.047212861066578564,0.3110252099541107
0,0.9178368328799797,0.005781161866811181,0.076382005253209
0,0.8247887897409013,0.0081114174761797,0.16709979278291887
2,0.2895722169197206,0.014836690731401467,0.6955910923488778
0,0.9822200763895961,0.0005899663779271801,0.0171899572324768
0,0.9035958408050616,0.01354322022557831,0.08286093896936012
0,0.9663659925700604,0.002921281366394526,0.03071272606354501
2,0.630486448953949,0.008279273948934398,0.3612342770971166
0,0.4224361931689039,0.011961048707846103,0.56560275812325
0,0.8582077730273832,0.008420074896611902,0.13337215207600503
2,0.049734991821545955,0.004749900721698979,0.9455151074567552
0,0.8008327326809648,0.015639540295085658,0.18352772702394943
2,0.18290411701089268,0.05037341918011346,0.7667224638089939
2,0.695480986138748,0.020216362985971913,0.2843026508752802
0,0.921838848848576,0.006824773485265596,0.07133637766615851
0,0.935585035300248,0.004650183978580244,0.05976478072117164
0,0.8318946520013758,0.02063214916021852,0.14747319883840562
2,0.5318738047425401,0.08788784775511423,0.3802383475023458
0,0.9187841856863693,0.022508781523282454,0.0587070327903481
2,0.9530394847667875,0.0022133642159582368,0.04474715101725436
2,0.4121305105705582,0.017827080826514193,0.5700424086029277
0,0.9824548709273317,0.0005450053015937035,0.01700012377107458
0,0.9055702550490884,0.004111606008520109,0.09031813894239149
2,0.07999695114382696,0.030537843223957622,0.8894652056322153
0,0.6498866243663932,0.01672534646652221,0.3333880291670846
0,0.5396465510577758,0.006690125682135887,0.45366332326008824
0,0.6622976788735814,0.014352472090581063,0.3233498490358376
0,0.935500357421991,0.005216388823542865,0.059283253754466136
0,0.7409869161101773,0.010440903366649002,0.24857218052317365
2,0.05356179146534707,0.02350677830097366,0.9229314302336793
0,0.9418638290112076,0.004260818469443794,0.0538753525193486
0,0.8440488878791687,0.06094038068417351,0.0950107314366579
1,0.287043015108713,0.013289801025287595,0.6996671838659995
0,0.41863116187762234,0.00775206982952495,0.5736167682928527
2,0.34725635778716707,0.005599517421076286,0.6471441247917566
2,0.1519773448956278,0.011311040548293332,0.8367116145560789
0,0.8884868312336992,0.006941583189469499,0.10457158557683133
0,0.9779165719451163,0.0015168501922214488,0.020566577862662215
2,0.07554769474560732,0.007994805781760934,0.9164574994726318
0,0.8792601523357184,0.006142521777515936,0.11459732588676556
2,0.06115864256657207,0.009126348713839546,0.9297150087195883
0,0.9634104016571429,0.0032240883764805494,0.033365509966376536
0,0.8464829302428586,0.01490058645806643,0.13861648329907506
0,0.8338281024290541,0.006948251751488942,0.1592236458194569
0,0.9739306424056227,0.003810682139592192,0.022258675454785153
2,0.2482314328165745,0.023209821066949424,0.728558746116476
0,0.9734342753962139,0.000714222438870017,0.025851502164916225
0,0.9569931179719656,0.003000376559727496,0.040006505468307044
0,0.8629841983771838,0.011227472609207886,0.12578832901360834
0,0.890645546350638,0.005714020719385022,0.1036404329299772
2,0.6307100191708616,0.011232833458371127,0.35805714737076727
0,0.8791992194254616,0.034090724845463154,0.08671005572907516
0,0.39182188868243445,0.0219184527806516,0.586259658536914
0,0.8662322989064288,0.015638292885857313,0.11812940820771385
0,0.8534890601969835,0.01051165431892353,0.13599928548409304
2,0.172935070152992,0.02439620229880358,0.8026687275482044
2,0.06828015299446653,0.004926032097826668,0.9267938149077067
0,0.5037775553716031,0.014575552868162981,0.481646891760234
0,0.9602043870789151,0.003397434243907607,0.036398178677177366
2,0.32367725583335366,0.027468205195915005,0.6488545389707312
0,0.914662878944928,0.014080149593277864,0.07125697146179397
0,0.932229712953047,0.006336029969921885,0.06143425707703098
0,0.9456714551475686,0.002650678933189133,0.05167786591924234
0,0.9586584334214884,0.004641109547003742,0.036700457031507906
0,0.9740360656359938,0.00172467972384708,0.024239254640159285
0,0.5813241013701408,0.012465332531813136,0.4062105660980461
2,0.051534754164097155,0.0027953713915409542,0.9456698744443618
0,0.8186301170724386,0.006139501179515655,0.17523038174804573
0,0.95233527923122,0.012895606630619063,0.03476911413816102
2,0.29283307884142723,0.008948190529557986,0.6982187306290147
2,0.36607783381457987,0.027058927735934695,0.6068632384494855
2,0.28592273049548683,0.05707506621530083,0.6570022032892123
0,0.6190503025239598,0.00492884757229747,0.37602084990374274
0,0.8948114751261915,0.011861361477811807,0.09332716339599653
0,0.8985212549784906,0.015317631703717796,0.0861611133177916
0,0.9182372690483149,0.0070117078577834335,0.07475102309390161
2,0.7407263316460659,0.018209001048020684,0.24106466730591333
0,0.9622859988178828,0.010575578718352203,0.027138422463765056
2,0.09734231954852123,0.015424545005048576,0.8872331354464302
0,0.9601516550565461,0.003661821503990581,0.036186523439463304
0,0.9449145265182837,0.0033829325867165564,0.05170254089499982
0,0.3431475782428973,0.02033023766515354,0.636522184091949
0,0.8328850017996065,0.008864637528349156,0.1582503606720444
2,0.9055483895692779,0.008192323012953215,0.08625928741776896
0,0.6794753438832175,0.14789194035767583,0.17263271575910663
0,0.6401905729953173,0.0080532219991194,0.35175620500556315
0,0.604565875106366,0.007290245776665502,0.38814387911696857
2,0.9377604288595778,0.0029068457832832945,0.05933272535713894
0,0.8749298519088944,0.005107667439172379,0.11996248065193339
0,0.4705695116350099,0.015252933335943478,0.5141775550290467
1,0.06469313330008086,0.3268907811538313,0.6084160855460878
0,0.9527669167246325,0.0031546937481340058,0.04407838952723337
0,0.9675659976008719,0.002519904150499814,0.02991409824862816
0,0.9575276266031996,0.002122516759967879,0.04034985663683256
0,0.9343093856284843,0.0037774089312868713,0.061913205440228804
0,0.977781018970582,0.0021091519510370227,0.020109829078381086
0,0.9727712906223724,0.0014177322267817723,0.025810977150845807
2,0.09244606836388836,0.010792991395808636,0.896760940240303
2,0.22436174574858964,0.023186713348788055,0.7524515409026222
0,0.9550409944497396,0.0036380574158996213,0.04132094813436101
2,0.511745335086342,0.01612777937147992,0.4721268855421781
2,0.16934732940078706,0.053200627739805,0.7774520428594079
0,0.9005727597309161,0.004747138027731394,0.09468010224135263
0,0.9445409459683946,0.007317901712079054,0.04814115231952637
2,0.48941410956865716,0.007339950163728214,0.5032459402676146
0,0.7131834633745541,0.008493723823681406,0.2783228128017644
2,0.15702129735732337,0.005291687592042143,0.8376870150506346
0,0.4417500255294726,0.015948071194874697,0.5423019032756528
2,0.1659970683292886,0.009327860156011598,0.8246750715146998
2,0.06111117519578007,0.005079246015659092,0.9338095787885609
2,0.01847893338707564,0.0021183473318552135,0.979402719281069
2,0.05176578011755567,0.004974355197273307,0.943259864685171
0,0.9640999614657131,0.0029534550555483734,0.032946583478738446
0,0.9400002913302338,0.0030613728441109362,0.05693833582565523
1,0.34764007589395174,0.01611830785133628,0.636241616254712
2,0.07854877852052143,0.023717767025658105,0.8977334544538206
0,0.948687284965952,0.004463113120365149,0.04684960191368283
2,0.31339549597101163,0.027379949903678036,0.6592245541253103
0,0.1953729262932589,0.017784925880940734,0.7868421478258003
0,0.7710999033555874,0.01743364943762832,0.2114664472067842
0,0.8680322420357226,0.028812759081031564,0.10315499888324588
0,0.941140517330924,0.005526798527330601,0.05333268414174545
0,0.971293531448226,0.0009389889565210903,0.02776747959525285
0,0.07774102902923226,0.0065249394272307555,0.9157340315435369
2,0.1741284137303345,0.0316240400039148,0.7942475462657508
0,0.9532522695197574,0.002364397063490478,0.04438333341675225
2,0.9321733834890705,0.005170243380554702,0.06265637313037482
2,0.05192841317002775,0.007396792269744625,0.9406747945602275
0,0.9708611753490517,0.011104942967088945,0.01803388168385938
0,0.965953652290755,0.00418053873813538,0.02986580897110966
0,0.9663584373008532,0.0017332318447029667,0.031908330854443806
0,0.9064349808694676,0.016554790671063187,0.07701022845946913
0,0.9318098897409657,0.006414997516687637,0.06177511274234679
0,0.9704534511855126,0.0060056763486673066,0.023540872465820133
0,0.9331207564607075,0.005500277716105452,0.061378965823187026
0,0.9680852772299013,0.004417451662650848,0.027497271107447884
2,0.039164256226015236,0.0035749830433011087,0.9572607607306838
0,0.7630948251389194,0.11319637417079813,0.12370880069028255
2,0.05619479171818716,0.016546294778923318,0.9272589135028895
0,0.9674954285134817,0.001683197084383351,0.030821374402134945
2,0.27662566860872007,0.03225764912074411,0.6911166822705357
0,0.6492062707466386,0.3134055104373685,0.03738821881599298
2,0.02020712367178726,0.003917737350468915,0.9758751389777438
2,0.15833290636531208,0.35575056763320545,0.4859165260014826
0,0.89944578491339,0.00700026992552063,0.0935539451610894
2,0.08581696562249695,0.003136734567043632,0.9110462998104595
0,0.9722878977657711,0.005353472976635104,0.022358629257593778
0,0.9610917190982563,0.0026630575304951594,0.036245223371248574
0,0.9075018209977879,0.00528533272474237,0.08721284627746975
2,0.671940573208262,0.03788203024438171,0.2901773965473563
0,0.9821571985366095,0.002157852912876493,0.015684948550513944
0,0.427504557722185,0.028414723953852746,0.5440807183239622
2,0.17676606816008616,0.02983498016165867,0.7933989516782551
2,0.06035873273972472,0.10352062458031044,0.8361206426799649
2,0.15885877572389479,0.008109127415189106,0.8330320968609162
2,0.16073085083952707,0.013040430656824949,0.8262287185036479
2,0.03354993877038113,0.0027282900915806996,0.963721771138038
0,0.9372502536242086,0.003189844089763424,0.059559902286027935
2,0.024385575818547146,0.0030349532627961836,0.9725794709186566
2,0.5908323780064496,0.061817573114508806,0.34735004887904164
2,0.023462624417341916,0.003207319639602068,0.973330055943056
2,0.04378716937355737,0.005182169318528624,0.951030661307914
0,0.9101783439412112,0.01624103076121758,0.07358062529757127
2,0.904503481453121,0.009978223821777097,0.08551829472510189
0,0.931948125577756,0.01861086780382874,0.0494410066184152
0,0.933341408906882,0.010679844929227736,0.05597874616389009
0,0.9507373077867329,0.0020667900275284376,0.04719590218573867
0,0.6683860124458867,0.12373152282441377,0.20788246472969954
0,0.39063135609035105,0.007983664126401559,0.6013849797832475
0,0.9632151398917776,0.004973831188256477,0.03181102891996588
2,0.045909660223787015,0.008215011586425866,0.945875328189787
2,0.2611525239640812,0.009913792448087363,0.7289336835878315
2,0.7332185176242012,0.008477746461230316,0.25830373591456846
2,0.09291136205536837,0.00949351584407247,0.8975951221005591
2,0.014413785860256118,0.0012325007298130337,0.9843537134099307
0,0.9380789531792739,0.006951360483091132,0.054969686337634764
2,0.08879173818151273,0.012841828941207632,0.8983664328772797
2,0.020719852270980544,0.006224451371279245,0.9730556963577403
0,0.9654921694155799,0.002575137647895993,0.03193269293652421
0,0.9237492181456763,0.005246268358532496,0.07100451349579132
0,0.9221956710829855,0.003034088011329604,0.07477024090568482
2,0.04874394954208204,0.005394500076767721,0.9458615503811504
2,0.06820293229672936,0.010509551626539671,0.9212875160767309
1,0.7242911584371228,0.1526893344862694,0.1230195070766078
0,0.1980001786324959,0.014686478359955105,0.7873133430075488
0,0.8558224345451341,0.007980978999902095,0.1361965864549639
2,0.5851947637211983,0.03521467400265685,0.37959056227614496
0,0.941181583372537,0.026986498869135237,0.0318319177583277
0,0.5968350554310635,0.07580423069156739,0.3273607138773691
0,0.9258804642260798,0.004779603635375084,0.06933993213854533
0,0.6409561160320686,0.021668217721003673,0.33737566624692783
2,0.06357872169431357,0.013897130280258924,0.9225241480254275
2,0.0196160596210038,0.0031012973882785845,0.9772826429907177
2,0.12065806311291985,0.007286483353801886,0.8720554535332783
2,0.8879141164194765,0.004178398767399037,0.1079074848131245
0,0.5823460688668542,0.040195746714830755,0.3774581844183149
0,0.48894141013000486,0.21781418287835758,0.29324440699163745
2,0.27424157597512994,0.004547159549257518,0.7212112644756125
0,0.8844571697974388,0.00895256154222248,0.10659026866033869
2,0.8479236800385651,0.006398535983286263,0.1456777839781485
0,0.9467560100854597,0.004221515393003127,0.04902247452153705
0,0.7806543280452554,0.02133941150271711,0.19800626045202752
2,0.4931754400050007,0.027033456217461477,0.47979110377753786
2,0.6829072569502004,0.004409749810802785,0.3126829932389969
0,0.9211303597077413,0.003899228175196191,0.07497041211706262
0,0.5921034840304271,0.025812280557434498,0.38208423541213843
2,0.14007178275979001,0.009949119344635578,0.8499790978955745
1,0.7475142652381469,0.00876614630500452,0.24371958845684846
0,0.556706939809755,0.009050825408158387,0.4342422347820865
2,0.035329925433815,0.011986909489058978,0.9526831650771261
0,0.9373108201504103,0.009250745278370836,0.053438434571218815
0,0.08006707441322064,0.06880688304036744,0.8511260425464119
0,0.9644158691474183,0.003268457893670327,0.032315672958911315
2,0.03521638123108331,0.0043044339495157385,0.960479184819401
1,0.30464571997808476,0.030827984996828272,0.6645262950250869
0,0.9141439797432244,0.011040375315474093,0.07481564494130157
2,0.24735837891506038,0.01211781095850944,0.7405238101264302
0,0.9248036224735433,0.0018913640255636662,0.07330501350089308
0,0.9045427272938334,0.002045233574897079,0.09341203913126937
0,0.5280024738066734,0.02378293246005452,0.44821459373327205
1,0.5384215605581509,0.024213990351661392,0.4373644490901876
2,0.02903091244720509,0.0023888793587628038,0.9685802081940321
2,0.36995253912164106,0.04077509591159127,0.5892723649667677
2,0.14042361670665568,0.027073094641988923,0.8325032886513555
2,0.20633207136155862,0.01185683763384502,0.7818110910045964
2,0.1843336879668424,0.013620927894294609,0.802045384138863
0,0.9473710936450443,0.002801741251466842,0.04982716510348887
2,0.5377024987803836,0.026705456108020904,0.4355920451115956
0,0.6618433042910574,0.006935272797946692,0.3312214229109959
1,0.42004137367899036,0.07095706295403183,0.5090015633669779
2,0.03234281157431232,0.0028641138106738125,0.964793074615014
0,0.8521667386590458,0.0069430485720003085,0.14089021276895403
2,0.06378873700699204,0.008059000401791442,0.9281522625912166
0,0.9277310604237,0.003406909559467065,0.06886203001683279
0,0.7119356001370727,0.02273562713311653,0.2653287727298107
0,0.9518175607096118,0.005460179043066237,0.042722260247321855
2,0.025112492618883816,0.012542903774598074,0.9623446036065182
0,0.9656631196948964,0.0025673339259356296,0.03176954637916801
2,0.1703731833703922,0.014955546929691478,0.8146712696999164
0,0.8883007441890928,0.013692386538397959,0.09800686927250926
0,0.9356575122899007,0.005631603149201692,0.058710884560897555
2,0.2207431075951084,0.026078192170013333,0.7531787002348782
2,0.02793702562411425,0.0037934029105949896,0.9682695714652909
0,0.8831207298009934,0.016193470194680003,0.10068580000432656
0,0.9501253912212607,0.004653124680876945,0.045221484097862225
0,0.9706638387931827,0.004290621474677601,0.025045539732139643
0,0.890224600705391,0.002817685874318805,0.10695771342029019
2,0.9658848795565483,0.0013555668333826122,0.03275955361006905
0,0.9741127385223107,0.003297159814140369,0.022590101663548794
0,0.7405707783288823,0.052731268008713535,0.20669795366240418
0,0.7845391244620793,0.07748721622310269,0.13797365931481795
0,0.9131881284172851,0.004988155829955773,0.08182371575275893
1,0.5626268035702114,0.07589882709415226,0.36147436933563626
0,0.9560878890400822,0.0048111347934568826,0.03910097616646074
0,0.3104390933802036,0.03259270154032357,0.6569682050794728
0,0.16610845576800065,0.012848055550392506,0.8210434886816068
0,0.9121797338446511,0.006304395403066891,0.08151587075228192
0,0.14178223456373445,0.008777692547571514,0.849440072888694
0,0.8494684094050199,0.011236430347395085,0.13929516024758506
2,0.6026418304047314,0.014686723156988284,0.3826714464382804
2,0.0650414512168968,0.010774237074141744,0.9241843117089614
2,0.9554832615919951,0.002607998314894929,0.04190874009311003
2,0.11059485434899534,0.008090240423975398,0.8813149052270293
2,0.9010298522226066,0.011724651130444326,0.08724549664694907
0,0.9531690123078156,0.006319006786105657,0.04051198090607879
2,0.4057256096342636,0.13875109645300007,0.4555232939127364
0,0.6469751726993985,0.040495561777950044,0.31252926552265126
0,0.9469565462821037,0.0026797848817671998,0.05036366883612911
0,0.9265080230439073,0.008072785091647168,0.06541919186444542
0,0.956411538794558,0.005894201789187912,0.03769425941625401
2,0.06580071786232736,0.007617119497926292,0.9265821626397465
2,0.9380515740231681,0.008574904037534753,0.05337352193929701
0,0.9609927820955966,0.0022640807440335066,0.036743137160369956
1,0.4432315099085118,0.33443422029671127,0.22233426979477683
0,0.972090011645797,0.0021435142480335056,0.025766474106169546
0,0.5931639275916935,0.006032190681392941,0.40080388172691356
0,0.9166924039886873,0.003753628841750502,0.07955396716956209
2,0.07117193187667624,0.003975852244843122,0.9248522158784805
0,0.9538322996902454,0.004125653084537406,0.04204204722521705
2,0.11109812008015683,0.0040607289143058225,0.8848411510055374
2,0.7033760788766082,0.004924542829376417,0.2916993782940153
2,0.1220731843877881,0.00965814624855349,0.8682686693636583
0,0.14307845765896923,0.005787270147647073,0.8511342721933837
2,0.02053822428032277,0.0057247801291532745,0.973736995590524
2,0.6632577632834609,0.09064024375766414,0.246101992958875
0,0.9450973821847942,0.01060618698981729,0.04429643082538835
0,0.4945264112950058,0.01376265014826,0.4917109385567341
0,0.9163252704862289,0.004660208949172274,0.07901452056459878
0,0.1605878239904961,0.0060139234360744205,0.8333982525734296
0,0.9543557355199336,0.0012157172270385696,0.04442854725302799
0,0.2997137275990297,0.004917168436780287,0.6953691039641899
1,0.3947622865452486,0.03694086159644626,0.5682968518583051
0,0.8213640232572273,0.0028180034953577183,0.175817973247415
0,0.9372693937614865,0.003536654385066012,0.05919395185344753
2,0.4053507972313283,0.008298118399005927,0.5863510843696658
0,0.5711549852690349,0.015726064914235085,0.41311894981673
0,0.9016210207394056,0.006413472675779288,0.09196550658481502
0,0.9709457163453344,0.0037147904964712894,0.0253394931581943
2,0.9440525655848305,0.0017547718892964186,0.054192662525872945
0,0.9647560741684755,0.0028473076757364853,0.03239661815578809
2,0.21945979842924435,0.007371325132205413,0.7731688764385503
2,0.476683980026347,0.029653302836862416,0.49366271713679055
2,0.07276020941301471,0.10044940784073145,0.8267903827462538
2,0.05622744397037366,0.009599951216042717,0.9341726048135836
0,0.8564253686054615,0.026333599878475302,0.11724103151606304
0,0.8983746497306193,0.010697677260515832,0.09092767300886491
2,0.010308959515769147,0.0010662972371214253,0.9886247432471095
2,0.45551135262502107,0.01659023980461755,0.5278984075703613
0,0.9601656412109573,0.0018500574389925814,0.037984301350050105
0,0.9616860797197148,0.0031735849730475875,0.03514033530723758
0,0.5860983177968975,0.010066200517834373,0.40383548168526817
0,0.37804748044379194,0.0331202934202622,0.5888322261359459
0,0.5865117293149761,0.015992761245703726,0.39749550943932016
0,0.8906163800117672,0.0077266988642265295,0.10165692112400637
0,0.987684361540192,0.0012212864797458123,0.011094351980062036
0,0.9082859087074641,0.006919803975582678,0.08479428731695336
1,0.38520697873607374,0.33932524484690796,0.2754677764170183
0,0.23748398219126252,0.06473243302929833,0.6977835847794391
0,0.8977615459739741,0.005772747424979292,0.09646570660104667
0,0.8198900190476784,0.018454016048945508,0.16165596490337608
2,0.03925659268701006,0.010284012893992065,0.950459394418998
2,0.8766418947290846,0.007599874840541378,0.11575823043037406
0,0.3314186982450372,0.005368660980189595,0.6632126407747732
0,0.9548878398869798,0.004649740833497134,0.040462419279523154
2,0.09663877407023361,0.009396598760307079,0.8939646271694593
0,0.9280564997176728,0.002844274187202895,0.06909922609512442
2,0.021623015176389995,0.002238339169490459,0.9761386456541196
0,0.9261511692971581,0.001857128861557326,0.07199170184128452
2,0.9476540338856974,0.003566280659769612,0.048779685454533026
0,0.7164931272086209,0.08496539933366723,0.19854147345771198
0,0.5470144220964951,0.013926593032493146,0.43905898487101175
