target,prediction_0,prediction_1,prediction_2
2,0.1723736577052173,0.04443595263521499,0.7831903896595676
0,0.7365006571607008,0.03121520609645397,0.23228413674284515
0,0.8954851772143704,0.02029780703641366,0.08421701574921606
2,0.37456544035784256,0.0814628023983558,0.5439717572438015
0,0.6097537418470036,0.03916928624265954,0.35107697191033643
0,0.710723942399367,0.02502947184433623,0.26424658575629656
0,0.8723386928106187,0.025013350102045563,0.10264795708733575
2,0.12474920215586745,0.03596772588701187,0.8392830719571212
0,0.9147280267943732,0.01407312235979794,0.07119885084582903
1,0.3709546245625927,0.04044088610188449,0.5886044893355229
2,0.11429348510439631,0.028344106530858434,0.857362408364745
0,0.7431878808049824,0.027184815820077462,0.22962730337494025
0,0.7430411751989265,0.027169595504669342,0.22978922929640433
0,0.8783521634182901,0.019973627834520915,0.10167420874718858
0,0.8643832861035219,0.026694923484246298,0.10892179041223184
2,0.4870785448303381,0.05397149115382461,0.4589499640158372
0,0.8746946815716871,0.01941979517894668,0.10588552324936562
2,0.6120255646906428,0.08276664452477057,0.30520779078458665
0,0.8774611736874016,0.022893507107335016,0.0996453192052632
2,0.3872251146263324,0.060197249092784455,0.5525776362808832
0,0.7126958354632995,0.036208203037182765,0.25109596149951763
1,0.4853238825726634,0.06421162486686985,0.4504644925604664
2,0.2086447009803964,0.042310001940062854,0.7490452970795406
0,0.8972954386288203,0.02002731774453735,0.08267724362664199
0,0.673557396627735,0.06296392489930619,0.2634786784729589
0,0.8863901229385084,0.021207749168945595,0.09240212789254625
0,0.9197247555631607,0.014603358958496402,0.06567188547834274
0,0.9158272015183407,0.016146249398848178,0.0680265490828112
0,0.5527236292149706,0.051844476995983546,0.3954318937890459
0,0.908240414794355,0.01623670303688767,0.07552288216875713
2,0.31968485071144104,0.0618505533082655,0.6184645959802935
2,0.38061855156879926,0.039461882280072934,0.5799195661511278
0,0.5799885428668665,0.07607224494509465,0.3439392121880389
2,0.5069300320611594,0.05499099200495691,0.4380789759338836
0,0.7892726146175328,0.042238213519744966,0.16848917186272236
2,0.3158275734257037,0.05037634072645405,0.6337960858478422
2,0.6299399078880251,0.03587007105641293,0.3341900210555622
0,0.8646736936327034,0.0308876062738704,0.10443870009342607
0,0.42007168979548737,0.05015930426412828,0.5297690059403843
0,0.5149927600228467,0.04508163720851108,0.43992560276864223
0,0.8880262117181965,0.019256923274435126,0.0927168650073684
2,0.5166323016111626,0.10410294646586951,0.379264751922968
0,0.7118152592600019,0.030204603543147687,0.25798013719685037
0,0.921394938788113,0.013535426104295102,0.06506963510759187
0,0.918500855095589,0.013801342223837798,0.06769780268057309
0,0.6922804407042928,0.0421470574620537,0.2655725018336533
0,0.8926443474179393,0.015732486520692496,0.09162316606136849
2,0.7034253502771283,0.04062173163973814,0.25595291808313403
0,0.7107691035990581,0.02303859700477668,0.2661922993961653
2,0.4932083725286508,0.06680846658968465,0.4399831608816647
0,0.8903066969792222,0.023703768304735282,0.08598953471604269
0,0.9123823111123576,0.01748351151378012,0.07013417737386243
2,0.23230546563634227,0.06902380758470712,0.6986707267789507
2,0.4423427692988739,0.05393954718196074,0.5037176835191655
2,0.4913337282436849,0.0416399135964777,0.4670263581598376
0,0.9013368528478339,0.017268017704198283,0.08139512944796744
0,0.7946376369263808,0.0331722588571045,0.17219010421651437
0,0.747651149883608,0.05384676750129882,0.19850208261509317
0,0.8984974373627193,0.017394769324806388,0.08410779331247446
0,0.8800667747109456,0.02667178880712692,0.09326143648192763
1,0.6588659440428797,0.04478214016355556,0.29635191579356474
2,0.6905360779829102,0.03791116020631306,0.271552761810777
0,0.7155486885417798,0.03787959417099604,0.24657171728722427
2,0.11854911182947747,0.015703560917433197,0.8657473272530893
2,0.2848818412003694,0.052676825813991315,0.6624413329856391
2,0.005468871981019133,0.003655948852872794,0.9908751791661081
1,0.7466757958408811,0.028684431868668786,0.22463977229045032
2,0.41588723440195025,0.042986641032226235,0.5411261245658237
2,0.2693122397664574,0.061711647077114004,0.6689761131564287
0,0.7377855003167875,0.034475473473119314,0.22773902621009323
0,0.9204095795153309,0.01447309232097873,0.06511732816369041
0,0.8436113536457215,0.023172961417344436,0.1332156849369342
0,0.9141339171933034,0.01629085272423491,0.0695752300824619
0,0.9145292581977086,0.017856633962534563,0.06761410783975678
2,0.008246637143147462,0.004340761288860606,0.9874126015679919
2,0.16630806037753196,0.028197675316276836,0.8054942643061911
0,0.9087296071862266,0.01462654596125191,0.07664384685252112
0,0.46325073628390545,0.03839770944005747,0.4983515542760373
0,0.7673076897175832,0.021328301036529294,0.21136400924588758
0,0.8794491958915818,0.01631581102916112,0.10423499307925722
0,0.5360608338463697,0.045600928984272905,0.4183382371693574
2,0.8198733199145759,0.025375087107710487,0.15475159297771346
1,0.6269798709340973,0.02046230582826106,0.35255782323764207
0,0.7610495238535371,0.0303501056147883,0.20860037053167466
0,0.6983713109577956,0.03433341026300989,0.2672952787791943
2,0.5988709957306051,0.041170266656533214,0.35995873761286185
0,0.9141445463340009,0.01426958917648226,0.07158586448951676
2,0.28547193356032124,0.07866115296356947,0.6358669134761096
0,0.9095689359251439,0.017969244384085554,0.0724618196907705
0,0.6211501761963634,0.03641602754821332,0.3424337962554234
0,0.7665630405360209,0.023431772655058716,0.21000518680892033
0,0.6023565286247918,0.04697068926741953,0.35067278210778874
0,0.760574853187535,0.032931320262135265,0.20649382655032952
0,0.9176924848865501,0.016582815832623648,0.06572469928082608
0,0.9113082212190972,0.01851108520889964,0.0701806935720033
0,0.8290851669874522,0.02280685018825569,0.14810798282429205
0,0.917322764163989,0.015259856909991475,0.06741737892601955
2,0.0780947603461405,0.05297161035777097,0.8689336292960887
0,0.8936453796186165,0.024756207906422925,0.08159841247496066
0,0.7546806760563373,0.040889781582920226,0.20442954236074248
2,0.10804327162809112,0.05878589184505269,0.8331708365268562
2,0.059937666997944776,0.012606354225352183,0.9274559787767028
2,0.07765290551285838,0.06041585498567691,0.8619312395014644
2,0.14908831329268324,0.04782702609516983,0.8030846606121471
0,0.9171559972582862,0.014843100700798181,0.06800090204091548
0,0.8984400177981529,0.019831029943636582,0.08172895225821074
0,0.9080732090785858,0.016841149041745794,0.0750856418796687
2,0.582598687389437,0.05358066898726823,0.3638206436232949
0,0.5507010693649436,0.052724256699762634,0.396574673935294
2,0.1544160427562982,0.05622468905563083,0.789359268188071
0,0.8645971196913403,0.02508611536129384,0.11031676494736552
2,0.4072083092089081,0.05769936819982328,0.5350923225912687
0,0.7179906580605881,0.036455363607783196,0.24555397833162879
2,0.24146601834108417,0.05962802550569095,0.6989059561532246
0,0.9124159529062951,0.015584967521669223,0.07199907957203598
0,0.5543367480636281,0.03426032880211338,0.4114029231342587
0,0.9128349961976707,0.014859719786993748,0.0723052840153352
0,0.9152237203095264,0.014558006707758045,0.0702182729827154
0,0.9017289037933301,0.019304169189025115,0.0789669270176445
2,0.4477310151495747,0.0713575746012088,0.48091141024921635
0,0.8852404137927855,0.02122572891269798,0.09353385729451653
0,0.8877292477517934,0.02157361017723075,0.09069714207097562
0,0.6965430898234348,0.03683672560588189,0.2666201845706834
0,0.9221966179694572,0.01263312885906936,0.06517025317147322
0,0.6995789979256469,0.029651251039913375,0.2707697510344396
0,0.7617851005988107,0.039873021925214656,0.19834187747597437
0,0.7565606381594193,0.029704512542593795,0.21373484929798703
0,0.7611262256117931,0.026794206242723693,0.2120795681454834
2,0.4790920763674144,0.07867760251074829,0.44223032112183747
0,0.8790438828382936,0.025472415311548438,0.09548370185015807
2,0.26917772278009694,0.038793293185578975,0.6920289840343241
0,0.6583632133986868,0.03158781192577231,0.31004897467554104
2,0.10315175055113468,0.04794959469230643,0.848898654756559
0,0.8911269355914709,0.020245713662869907,0.08862735074565936
2,0.7366610558427943,0.07410209487849757,0.18923684927870849
2,0.5060116466300425,0.04034220601919992,0.45364614735075764
0,0.7624657449347995,0.047296892022415,0.19023736304278582
0,0.921629752507939,0.013411258594259961,0.06495898889780102
0,0.8778260310537782,0.02241474054877814,0.09975922839744389
2,0.7596066387981797,0.03379495787994283,0.20659840332187765
0,0.47154927771221367,0.060775591945404044,0.4676751303423823
0,0.3746074753372697,0.06097891061968488,0.5644136140430452
0,0.7164470884320364,0.0369200091525644,0.24663290241539942
0,0.3529352735068722,0.05038240578705507,0.5966823207060727
0,0.8375701707598224,0.03128153853902601,0.13114829070115147
0,0.8979360746528762,0.01330801829176789,0.08875590705535544
2,0.32448438841768995,0.05885285909585617,0.6166627524864536
0,0.8955054812239529,0.019331064763603186,0.08516345401244375
0,0.7694144800135144,0.03565549444074427,0.1949300255457412
2,0.3459278763371137,0.053104893168986284,0.6009672304939
0,0.9147513542196233,0.015097284383867444,0.07015136139650933
2,0.3679476754586524,0.057629653120121076,0.5744226714212266
0,0.9249472732168832,0.014235258388032248,0.06081746839508479
0,0.8849151255606628,0.015577366804603178,0.09950750763473376
0,0.5394819918209104,0.037791287858315786,0.42272672032077346
0,0.6291950237438715,0.03475825026925657,0.33604672598687174
2,0.21176943700682624,0.06404459593254448,0.7241859670606293
2,0.06589695334814329,0.018835853126266237,0.9152671935255905
2,0.7153963692915047,0.030551303307688436,0.25405232740080713
0,0.9016660726678942,0.017189807494877585,0.08114411983722775
0,0.182036872334002,0.046062243125378106,0.7719008845406198
0,0.9218499381771977,0.012798370324265864,0.06535169149853617
2,0.7376725857233735,0.03201630219631475,0.23031111208031163
2,0.6655780964933445,0.03867908319061028,0.29574282031604526
0,0.7028824214221432,0.027124787100121135,0.2699927914777359
2,0.3803770046992432,0.04983173608308394,0.5697912592176728
0,0.9021574710423756,0.019137095590503264,0.07870543336712073
2,0.03356538804195358,0.010673503264798054,0.9557611086932482
2,0.6816153293526682,0.0324995860969895,0.28588508455034206
0,0.9034247634892226,0.01751155999269337,0.07906367651808376
0,0.6153686115486775,0.0537790886247401,0.3308522998265826
1,0.4157533888021021,0.050621211245237906,0.5336253999526598
2,0.311450839947666,0.04654249721936846,0.6420066628329658
0,0.6930709449895174,0.03911750415521893,0.2678115508552632
2,0.5347923580392133,0.07959457594247801,0.3856130660183087
2,0.21822175629625878,0.04972262756285448,0.7320556161408865
0,0.9151649663337339,0.016874107066436748,0.06796092659982941
0,0.2817100372843306,0.04318768779435346,0.6751022749213156
2,0.3572437842417026,0.05227231609506702,0.5904838996632302
0,0.9212174368122582,0.014025481877021564,0.06475708131072012
0,0.3952992858111986,0.05026484576358688,0.5544358684252145
0,0.5500980954983054,0.053307023761152136,0.3965948807405424
2,0.039229824737909716,0.010005866732485472,0.9507643085296047
0,0.907565784268265,0.015267103168664989,0.07716711256307018
2,0.35924795537605547,0.06778441155960639,0.5729676330643384
2,0.5053610320046744,0.0492022589902139,0.44543670900511173
1,0.7346672723137017,0.05008070033232392,0.21525202735397453
0,0.4149952191619123,0.04219356441644595,0.5428112164216418
2,0.5679438278307908,0.03670198832425613,0.3953541838449529
2,0.5472274961804249,0.06751381005073392,0.3852586937688409
0,0.6923539107099222,0.05546222443829989,0.252183864851778
0,0.9118880365869393,0.017355501879833153,0.07075646153322757
0,0.5367809635519877,0.03959606309418507,0.4236229733538274
2,0.34002689626529725,0.05314997545816729,0.6068231282765352
2,0.3870570654081888,0.05516121834666201,0.5577817162451493
0,0.8921568223719826,0.01765753905134123,0.0901856385766764
0,0.6256416439690605,0.043370334227357574,0.3309880218035819
0,0.9130628694261681,0.017514877156262102,0.06942225341756965
2,0.642013485831389,0.030709512960230185,0.3272770012083811
0,0.916906759965196,0.016301485862621874,0.06679175417218211
0,0.875725539782161,0.02130805130628795,0.10296640891155112
0,0.8955487968490273,0.018640555851139124,0.08581064729983329
2,0.7906494276622772,0.03224180232205681,0.17710877001566563
0,0.9140290033209966,0.01812340769339939,0.06784758898560422
0,0.7010698731735219,0.028318531261552177,0.27061159556492576
0,0.3567929961556005,0.03750862218029446,0.6056983816641052
0,0.9039384707712579,0.014335614461081041,0.0817259147676609
2,0.4354624815893625,0.06433479016266312,0.5002027282479745
0,0.9118649414602227,0.015587133874441215,0.07254792466533583
2,0.16748038083004166,0.014617759006231367,0.817901860163727
0,0.9018155354196988,0.0203312406286201,0.07785322395168112
2,0.8422314526548571,0.030540841815153125,0.1272277055299899
2,0.27126061767658544,0.056231858482208734,0.6725075238412054
2,0.17620532887090343,0.030263308792213787,0.793531362336883
0,0.7708583415170497,0.036230317937620084,0.1929113405453302
0,0.8460415742993043,0.029647244024548942,0.12431118167614645
0,0.8945517829201508,0.018833430861222123,0.08661478621862673
0,0.7060126204943316,0.03821081482354474,0.2557765646821236
2,0.906065916650302,0.015109763541612387,0.07882431980808538
0,0.9077112991928084,0.01934020499991528,0.07294849580727597
0,0.42286210709700883,0.06365044066830529,0.5134874522346861
0,0.8211449132026407,0.025235676712145355,0.15361941008521393
2,0.8866854861274218,0.02001015570983307,0.09330435816274557
2,0.35540005006688274,0.04977848180660191,0.5948214681265157
2,0.26712224855018235,0.04786445627349883,0.6850132951763188
0,0.9104379963127704,0.01605708843664265,0.07350491525058711
0,0.8994083131141526,0.019192037548179067,0.08139964933766858
2,0.40518947718694526,0.04598778467189477,0.5488227381411602
2,0.2308514790485894,0.027145787079115243,0.7420027338722951
2,0.28590304068966177,0.06200436202826423,0.6520925972820739
0,0.7667486539726496,0.02943880703958001,0.20381253898777055
2,0.03668840757128344,0.03024102501981337,0.933070567408903
0,0.8635761805831376,0.028531656861280685,0.10789216255558177
0,0.9052760545676702,0.014988737646169524,0.07973520778616044
0,0.2729133872834582,0.04318029494253522,0.6839063177740065
0,0.5375448540757898,0.0351490032824048,0.42730614264180544
2,0.5295032881375661,0.02757241444659127,0.4429242974158426
2,0.905089344322607,0.015803426831467734,0.07910722884592522
0,0.9189819188077502,0.01398265675768865,0.06703542443456126
2,0.6991565868714044,0.025930992983307807,0.2749124201452875
2,0.35092526335723595,0.046631248652044946,0.6024434879907193
0,0.7405952438585867,0.04596386669401292,0.21344088944740042
0,0.9176265848479171,0.014903090510745358,0.06747032464133772
0,0.9188327373776595,0.011977363331291112,0.06918989929104956
0,0.8844766826759105,0.020213942548542606,0.09530937477554698
2,0.11492442320787198,0.03502052004024275,0.8500550567518854
0,0.4513731790225427,0.059536180370466825,0.4890906406069906
0,0.7316271817522745,0.030922536657432536,0.23745028159029286
2,0.2519240492091656,0.04812162763030707,0.6999543231605271
0,0.8968227302610493,0.01748910096980591,0.08568816876914463
0,0.40434923737112755,0.06306400459195897,0.5325867580369136
2,0.24407893573309078,0.031215843613690716,0.7247052206532184
2,0.18385284441548333,0.04181591946851633,0.7743312361160001
1,0.29771134723497494,0.021497434750443658,0.6807912180145813
0,0.9169283085080109,0.016235788578947568,0.06683590291304138
0,0.8871535524792749,0.02008071404991062,0.09276573347081458
2,0.3806537409114491,0.05047491261745485,0.5688713464710959
0,0.9033844668513945,0.016767318571761752,0.07984821457684373
0,0.9165765921232072,0.012006927609881445,0.07141648026691137
1,0.32706346963602645,0.06709811548525166,0.6058384148787219
0,0.7284397200150124,0.035019887068690886,0.23654039291629644
2,0.45867122306208485,0.06561509800197832,0.4757136789359371
0,0.3699514218516917,0.0585628574720277,0.5714857206762807
0,0.913014970211571,0.018181637528196935,0.06880339226023237
2,0.29391854639523596,0.05222896127186871,0.6538524923328956
0,0.4999515803911511,0.04394279054384343,0.4561056290650053
0,0.6486886400043107,0.0667674216308414,0.28454393836484776
0,0.6185104648595303,0.036419333272026996,0.34507020186844234
2,0.5441060249391032,0.051080119335501745,0.404813855725395
2,0.038451992923545376,0.01885225905835337,0.9426957480181011
0,0.814738063249997,0.04064874865876396,0.14461318809123916
2,0.3048030190440178,0.03963884475155922,0.655558136204423
0,0.9032456242532235,0.019057172834507422,0.07769720291226864
2,0.4020656416398877,0.06269460818987439,0.5352397501702381
0,0.872061844618219,0.021545394049835558,0.10639276133194563
0,0.7370561401650735,0.06544043752230165,0.19750342231262502
2,0.7378367163990719,0.031149022794512923,0.23101426080641488
0,0.5621213887782622,0.05734985445639569,0.38052875676534187
2,0.3660614908582097,0.06332529295159063,0.5706132161901997
0,0.9146697241080431,0.01506160696096042,0.0702686689309961
2,0.917538422594168,0.01424379658973207,0.0682177808160997
0,0.8633370704279272,0.02610340408444004,0.11055952548763272
0,0.8673576054669965,0.01498686775077085,0.11765552678223251
0,0.5720635002282664,0.05708060071785636,0.37085589905387717
0,0.9127721762730497,0.018298258686555116,0.06892956504039521
2,0.2108598960030952,0.04233197005301666,0.7468081339438878
0,0.4875801547165496,0.04333521921293789,0.46908462607051254
0,0.8134326017174908,0.016258754077600093,0.17030864420490904
2,0.07282237679914286,0.036592303585430766,0.8905853196154262
0,0.9138002348137676,0.01743989329421287,0.06875987189201967
0,0.8718611091422844,0.02808808991270916,0.10005080094500653
0,0.8777679204793293,0.027573578082517067,0.09465850143815363
2,0.30572015684860976,0.06969676725866286,0.6245830758927272
2,0.014902561320105319,0.028007228270555008,0.9570902104093396
2,0.36132568298168893,0.03673813394349464,0.6019361830748164
2,0.2970292698286658,0.05131792536088564,0.651652804810449
2,0.5584734175991621,0.038031019573073865,0.4034955628277642
2,0.5800164986721016,0.04257281744194927,0.3774106838859494
0,0.7573602394984291,0.030341478160249347,0.21229828234132167
0,0.9185602762554888,0.013618731827706702,0.06782099191680434
0,0.9081913151613512,0.01707398315957854,0.07473470167906997
1,0.7368150263666586,0.05251672168009836,0.21066825195324312
1,0.835886331498713,0.024471699890760423,0.13964196861052636
0,0.7603182548309922,0.026266618341222264,0.21341512682778546
2,0.1841500290484369,0.040588967426971115,0.775261003524592
2,0.8639682710713933,0.015355603152909524,0.12067612577569707
0,0.5077406507987096,0.06852283534318217,0.4237365138581084
0,0.9160630029151199,0.014926889928911209,0.06901010715596916
0,0.8950526715627989,0.019423084535178277,0.08552424390202329
2,0.346071407359426,0.0863925442731807,0.5675360483673932
0,0.5092435943323843,0.040564446687111226,0.45019195898050496
0,0.8839441411689668,0.021066632812085286,0.09498922601894799
0,0.8870610632868422,0.020634649161483814,0.09230428755167364
2,0.6804148996200472,0.03416793040934317,0.2854171699706097
0,0.881747809634755,0.025221707926759956,0.09303048243848488
0,0.9201344912791598,0.016557557896044225,0.06330795082479594
0,0.547429229815554,0.06740208176795161,0.38516868841649465
0,0.8797786651964219,0.01871709962780501,0.1015042351757733
0,0.7234645289710663,0.03095180065282914,0.24558367037610473
2,0.5925303698294955,0.06206746577129476,0.34540216439920973
0,0.9131432069584071,0.013931975552486419,0.07292481748910591
0,0.8773776619367599,0.022892506880185178,0.09972983118305462
0,0.7617289743859951,0.03575801522815492,0.20251301038584993
2,0.6479189861178974,0.041078988024677916,0.3110020258574247
0,0.5678545230005305,0.04121639898457672,0.3909290780148931
0,0.5782602617336462,0.04681705576048941,0.37492268250586425
2,0.3023749184421535,0.07963362263503132,0.6179914589228152
0,0.7363161406948747,0.027970197125801104,0.23571366217932413
2,0.525438834181512,0.0647497764354397,0.4098113893830483
2,0.4415955037737823,0.048401341699049145,0.5100031545271687
0,0.9093236971504643,0.01784393808590736,0.07283236476362834
0,0.8559785860858112,0.031890372588576694,0.1121310413256123
0,0.7088182236758924,0.03019725568019892,0.2609845206439083
2,0.6788767152882879,0.05192496109028635,0.2691983236214257
0,0.8673703154613056,0.028460404652449412,0.10416927988624525
2,0.7016180775123112,0.04063014753016847,0.2577517749575206
2,0.5290659670920576,0.04518740958374214,0.4257466233242003
0,0.9107358819831741,0.014870743858716125,0.07439337415810934
0,0.8654954028605497,0.02807045860208081,0.10643413853736938
2,0.2040124118514977,0.050719522519896816,0.7452680656286056
0,0.49292760840703576,0.051346587952637024,0.4557258036403272
0,0.5726560331636062,0.0313069019767696,0.3960370648596238
0,0.7827094700591515,0.03173744449904942,0.1855530854417989
0,0.8952322797849805,0.01984803199008927,0.08491968822493003
0,0.5516055750244587,0.03389691418212293,0.41449751079341884
2,0.1739083491391217,0.05589594922848316,0.7701957016323948
0,0.9083217295071186,0.013372267359733072,0.07830600313314841
0,0.7719379729527509,0.0426685491637573,0.18539347788349184
1,0.3527917504192753,0.05410902317518031,0.5930992264055446
0,0.6693204309013708,0.028320637179453545,0.3023589319191754
2,0.584661186352323,0.033408274839768076,0.381930538807909
2,0.4064222008251334,0.05087847759847399,0.5426993215763927
0,0.8928584264860685,0.02054784133419545,0.08659373217973607
0,0.9102824719653215,0.015572396176396074,0.07414513185828255
2,0.13967005857175493,0.04097001314681915,0.8193599282814258
0,0.8992758034735332,0.017789330714254002,0.08293486581221245
2,0.1309351762414211,0.04276969899580206,0.8262951247627769
0,0.9199143704026213,0.011665003707274255,0.06842062589010436
0,0.8674508539555109,0.027891451853175316,0.10465769419131349
0,0.7043655430884229,0.03824325237168163,0.25739120453989517
0,0.9209588014289236,0.014664837119635373,0.06437636145144103
2,0.3630292923626968,0.047090150635019395,0.5898805570022835
0,0.913075008186051,0.0146123532637402,0.07231263855020865
0,0.7784221297828259,0.02938691766850647,0.19219095254866755
0,0.7008062011757015,0.03035110412940966,0.26884269469488886
0,0.8953625688301556,0.020003196705022788,0.08463423446482175
2,0.3768548973833644,0.047101999111086555,0.5760431035055492
0,0.8363128040156531,0.037756316459357286,0.12593087952498985
0,0.48698540553857067,0.0668201808005944,0.4461944136608351
0,0.6401067920210807,0.042706083421353874,0.31718712455756554
0,0.8689987496400039,0.024611535783744115,0.10638971457625201
2,0.43940483587942086,0.055689992673987526,0.5049051714465919
2,0.3657618285738923,0.05139059562398386,0.5828475758021238
0,0.4888170242192913,0.03085418617466053,0.4803287896060481
0,0.7395682784207566,0.03665706667077475,0.2237746549084683
2,0.5932235448402007,0.04751947169693719,0.35925698346286206
0,0.877941582632559,0.028482648320597083,0.09357576904684396
0,0.9143237590443202,0.01565978992871483,0.0700164510269653
0,0.9001462532499641,0.019363134156812904,0.08049061259322284
0,0.9197595647370747,0.014934725343821792,0.06530570991910382
0,0.9107004756214148,0.01623494010698973,0.07306458427159541
0,0.6876771247667444,0.03722089051503318,0.2751019847182223
2,0.1676792870583254,0.05448727198857706,0.7778334409530975
0,0.6767443461656489,0.029582683045509574,0.29367297078884136
0,0.6782064663595011,0.03962453142913217,0.28216900221136676
2,0.35786092762905597,0.0465993942880868,0.5955396780828573
2,0.41024337204839556,0.04205656908764097,0.5477000588639634
2,0.48102614833471596,0.05701600380724337,0.46195784785804067
0,0.4548732766767343,0.056699086136739414,0.4884276371865265
0,0.701404018467897,0.039302358622080216,0.25929362291002256
0,0.8939819862960695,0.01976352340105244,0.08625449030287795
0,0.37372743405517955,0.05900052209542342,0.5672720438493969
2,0.6051911589301278,0.0315840303987433,0.3632248106711287
0,0.905708859788436,0.01872610767811749,0.075565032533447
2,0.35944519693248195,0.10685271472987447,0.5337020883376434
0,0.7518671829571565,0.030364240213346133,0.2177685768294971
0,0.8858389896372684,0.023475453371961233,0.09068555699077042
0,0.36251962053941006,0.04987876624833709,0.5876016132122528
0,0.5420507180301811,0.030918551333751286,0.42703073063606745
2,0.7127479744936405,0.03417820805494478,0.253073817451415
0,0.6071010377843784,0.06505603720528316,0.32784292501033846
0,0.876999533016235,0.017201457905536274,0.10579900907822913
0,0.46332600842462607,0.06301963374447252,0.4736543578309012
2,0.9170819546584994,0.014756114265299717,0.068161931076201
0,0.589670851329594,0.026765470923411052,0.38356367774699485
0,0.5807116431750415,0.07554487082580616,0.34374348599915233
1,0.24832283930437063,0.06922774093525927,0.6824494197603701
0,0.7626389065533904,0.032722496398613896,0.20463859704799583
0,0.907669035182651,0.017802187426967906,0.07452877739038105
0,0.8264928971493898,0.020829258103018805,0.1526778447475914
0,0.7002589130180323,0.03010680363278991,0.2696342833491774
0,0.8950101162531472,0.018809425637134884,0.08618045810971779
0,0.9129276316966773,0.01454639688889448,0.07252597141442817
2,0.3783458528881973,0.044795018491593876,0.576859128620209
2,0.34493587511204515,0.049038686544933104,0.6060254383430224
0,0.8843918967562061,0.022672525756393,0.09293557748740071
2,0.7055350218090025,0.054665452363024364,0.23979952582797304
2,0.37769094736377434,0.05746336145176672,0.564845691184459
0,0.896750189355036,0.013365870510217202,0.08988394013474685
0,0.886866478938037,0.021591316891791716,0.09154220417017124
2,0.7303874561398804,0.04386137572891611,0.22575116813120374
0,0.8118110399418609,0.028612267925819234,0.15957669213231998
2,0.2661377316073222,0.036409933950393485,0.6974523344422843
0,0.5848798901687667,0.050157657252335335,0.36496245257889803
2,0.2805995422759105,0.05000286996575134,0.6693975877583382
2,0.13625306588554925,0.03749793842712787,0.8262489956873234
2,0.001526858392445491,0.008216904590446569,0.9902562370171079
2,0.14134316525682816,0.06073362039822383,0.7979232143449478
0,0.914371289457056,0.016507256855929853,0.06912145368701426
0,0.8982121791796466,0.014224965297082753,0.08756285552327076
1,0.527904336111373,0.06025254462712872,0.41184311926149836
2,0.2904649036172333,0.055736093890381526,0.6537990024923849
0,0.8984076945613473,0.018535976926268023,0.0830563285123845
2,0.6665891636643474,0.0482628289468853,0.2851480073887672
0,0.30194749522464487,0.04170407122675511,0.6563484335486001
0,0.6153928362650628,0.03756572491814448,0.3470414388167922
0,0.8307347893357412,0.03209026818061462,0.13717494248364417
0,0.9183547711539873,0.01339734158673275,0.06824788725928001
0,0.7949288955000035,0.0204235284866164,0.18464757601338005
0,0.5499523448241006,0.04115944519632345,0.4088882099795758
2,0.29732885872172093,0.07050647865741863,0.6321646626208605
0,0.9145151601723603,0.016148804452328747,0.06933603537531094
2,0.8803042602369786,0.01727831582272529,0.10241742394029621
2,0.1510516165806606,0.04857742754813694,0.8003709558712021
0,0.9128491083960564,0.017170548469791234,0.06998034313415248
0,0.9175108328937679,0.0162365138236258,0.06625265328260621
0,0.9065254080815672,0.018737316237758435,0.07473727568067412
0,0.9100962263138008,0.018065130222640592,0.07183864346355902
0,0.7579065137682469,0.02888541028229465,0.21320807594945784
0,0.8849382255492544,0.023548403142693963,0.09151337130805158
0,0.826154634526042,0.03624262479129282,0.1376027406826655
0,0.9176706412768307,0.014828860598993741,0.06750049812417541
2,0.3034821697253221,0.06200172425565541,0.6345161060190223
0,0.8936082038640172,0.01967635294464643,0.08671544319133641
2,0.17605515582449593,0.03482136320410666,0.7891234809713972
0,0.7279806656097828,0.027800457733825234,0.24421887665639166
2,0.2156353189385949,0.04279863042707611,0.7415660506343286
0,0.807827161859903,0.029938434996867356,0.16223440314322948
2,0.012316298029561181,0.012744672611440166,0.9749390293589983
2,0.4767503225648933,0.07094766934259392,0.4523020080925128
0,0.8673362134734063,0.02452160014863298,0.1081421863779604
2,0.2779233721927933,0.03666486001795455,0.6854117677892522
0,0.9214410976789329,0.013319844089855672,0.06523905823121125
0,0.7833757569179758,0.025570444433691757,0.19105379864833258
0,0.888104367133819,0.020020407657554105,0.0918752252086267
2,0.35398209672194814,0.06782325358268596,0.5781946496953657
0,0.8961194525510264,0.020826395012176806,0.08305415243679704
0,0.6689759444712466,0.05216528903759138,0.27885876649116204
2,0.12191373199995613,0.05029691473306769,0.8277893532669761
2,0.1961157287607072,0.054109664155509114,0.7497746070837837
2,0.3221278613956919,0.09296884905958168,0.5849032895447263
2,0.18182343069985063,0.03136997940785841,0.7868065898922908
2,0.1069750945614639,0.03481169547549536,0.8582132099630408
0,0.6148836056903204,0.03246841242002254,0.3526479818896571
2,0.08556837881553118,0.011043201146700744,0.9033884200377681
2,0.39720470409289094,0.06492620716167352,0.5378690887454356
2,0.0058227009495964216,0.009522958301312685,0.9846543407490909
2,0.09935798373558023,0.014373597948796675,0.8862684183156231
0,0.7049990302808262,0.03824695736988947,0.2567540123492845
2,0.6250288310628364,0.027776444336025267,0.3471947246011387
0,0.8588587656126029,0.030701385184146755,0.11043984920325037
0,0.8685202540075831,0.014950819834442203,0.11652892615797464
0,0.837539216405086,0.026204551222618448,0.1362562323722956
0,0.8280240056596919,0.03091544751474964,0.14106054682555833
0,0.6326055069473562,0.030374820014557335,0.33701967303808633
0,0.9089821409813899,0.017787504141059684,0.07323035487755034
2,0.2679045863840934,0.04986112941130911,0.6822342842045976
2,0.5223561238580636,0.07078479516351978,0.4068590809784166
2,0.7860083270954018,0.030459801786485084,0.18353187111811314
2,0.40987358953338504,0.052950899930031256,0.5371755105365839
2,0.003075651639622996,0.002843206257865221,0.9940811421025119
0,0.917002404847508,0.014728476671143355,0.06826911848134866
2,0.2850988950111003,0.04431776801520296,0.670583336973697
2,0.007418504046224633,0.010111877206165963,0.9824696187476094
0,0.911406519500255,0.015602135351853025,0.07299134514789225
0,0.7173469341391548,0.037198755438189575,0.24545431042265564
0,0.7313616104718782,0.03421241283534525,0.23442597669277657
2,0.09912456405625096,0.030126293429513434,0.8707491425142355
2,0.22493099637374978,0.04123627238893058,0.7338327312373201
1,0.7631808555768114,0.044926894552339385,0.19189224987084927
0,0.3586832585053033,0.04381991330601556,0.597496828188681
0,0.7284151947184765,0.024707049994732475,0.24687775528679115
2,0.5696629317096407,0.03187650086656492,0.39846056742379454
0,0.8905340172941189,0.021264772658926547,0.08820121004695418
0,0.611521862737836,0.0751926860016527,0.3132854512605112
0,0.9144253674326182,0.013863715012212927,0.07171091755516905
0,0.5456644681386744,0.05649129399006311,0.3978442378712627
2,0.19127836991277672,0.05816587430736726,0.7505557557798556
2,0.03882176753607464,0.009287014685847316,0.9518912177780781
2,0.29216865796810704,0.0582906159071049,0.6495407261247879
2,0.8959666033536402,0.014917914419310946,0.08911548222704858
0,0.43567067791946695,0.049748505599997016,0.5145808164805357
0,0.6642695315787792,0.06710804737703015,0.26862242104419054
2,0.6239810662842833,0.03737525899806598,0.3386436747176506
0,0.7250420400915657,0.03600028250034456,0.23895767740808993
2,0.6952729964092627,0.027835272446087765,0.27689173114464916
0,0.9096813486754097,0.01571833521397728,0.07460031611061282
0,0.5437001012722423,0.03364277038708752,0.4226571283406701
2,0.4452910177584981,0.05254717233775014,0.5021618099037518
2,0.5410411570081924,0.03915127384340607,0.4198075691484016
0,0.8830476863062622,0.022435454211280348,0.09451685948245768
0,0.4867501894400744,0.040699005670591724,0.472550804889334
2,0.7205065348547242,0.04582295603541664,0.23367050910985931
1,0.41511997044666676,0.05235850330583065,0.5325215262475025
0,0.6970452505139002,0.020509571616237312,0.28244517786986223
2,0.11481577418363037,0.037337229172400385,0.8478469966439692
0,0.8748589180539811,0.02048207232621367,0.10465900961980532
0,0.3455471295973206,0.0615777437994187,0.5928751266032607
0,0.9003095513680982,0.017394701913731336,0.0822957467181707
2,0.162713383379891,0.04584151309088825,0.7914451035292206
1,0.3980743289798773,0.06493008474291034,0.5369955862772126
0,0.9101208196668417,0.015993493879979892,0.07388568645317807
2,0.3024283176395033,0.03787618502514783,0.6596954973353489
0,0.8979025161891341,0.01553672647828673,0.08656075733257895
0,0.8685626848873879,0.019851346778312656,0.11158596833429933
0,0.5904633363916338,0.039093388765454054,0.37044327484291223
1,0.5190890537340342,0.05995713808181913,0.42095380818414685
2,0.0033565813576672144,0.003922974258808406,0.9927204443835241
2,0.41425277589486553,0.05369070016855832,0.5320565239365762
2,0.38826797372172284,0.04807250814265676,0.5636595181356203
2,0.49016355427757274,0.05302769275179212,0.45680875297063506
2,0.2890524471878337,0.06730026571653126,0.6436472870956355
0,0.9111267462366013,0.01660867673286744,0.07226457703053117
2,0.4839755582547492,0.042121894763153964,0.4739025469820968
0,0.29096820438597765,0.04609677299800176,0.6629350226160207
1,0.2393012582092765,0.04406956099141281,0.7166291807993106
2,0.3541147167914798,0.06879326618743839,0.5770920170210818
0,0.8660944639253897,0.026642968387741377,0.10726256768686868
2,0.07230722051407214,0.03981311676305956,0.8878796627228681
0,0.894713370930571,0.020591806247629085,0.0846948228217998
0,0.6024496359694029,0.05500031432185515,0.3425500497087419
0,0.8994319911434913,0.020217327041455114,0.08035068181505357
2,0.17003231966873053,0.05114490993936646,0.7788227703919028
0,0.914480364648115,0.01474836410990624,0.07077127124197838
2,0.3903760047280709,0.04933865420969268,0.5602853410622364
0,0.9046806373661457,0.01820179904754695,0.07711756358630702
0,0.8762294458256878,0.026787025590750586,0.09698352858356116
2,0.46437663651757166,0.1109712119748511,0.4246521515075773
2,0.11679004458943343,0.042958552028071785,0.8402514033824949
0,0.6066733326906341,0.05292326795897549,0.3404033993503903
0,0.8862431391933909,0.02594818953651049,0.08780867127009866
0,0.9079732199797368,0.016900085951580403,0.07512669406868261
0,0.8965491628822341,0.013775719560394804,0.089675117557371
2,0.9103265739177682,0.016372985600206266,0.07330044048202525
0,0.9171737431964396,0.015881594259960045,0.06694466254360021
0,0.5543483563021472,0.04674481628987992,0.3989068274079726
0,0.6855067345811141,0.0686808343039583,0.24581243111492737
0,0.4597490636793192,0.035992828792769466,0.5042581075279111
1,0.5905711875773574,0.05989409290174747,0.3495347195208951
0,0.9184003027543097,0.016143548268065456,0.06545614897762504
0,0.4407458538177851,0.06234294250462383,0.49691120367759134
0,0.3804688938425879,0.0482834860728474,0.5712476200845642
0,0.9144108262995909,0.016703175196832686,0.06888599850357631
0,0.37949826719597185,0.03445931440055509,0.5860424184034736
0,0.8723160027733939,0.024028601235420055,0.10365539599118559
2,0.48371638654316607,0.03607805952181909,0.4802055539350148
2,0.24645526500352538,0.037764015623193065,0.7157807193732817
2,0.7683105216906417,0.02963316649504606,0.20205631181431175
2,0.3388350358082823,0.04141208429608845,0.6197528798956292
2,0.8678718772170857,0.029171657152446684,0.10295646563046754
0,0.9199935242456221,0.015016584752319135,0.06498989100205829
2,0.324334047848981,0.040055369246328604,0.6356105829046906
0,0.4766988683041743,0.061807092526330126,0.46149403916949544
0,0.9173011348740837,0.012932048241418604,0.06976681688449762
0,0.8990911403988642,0.018849614104815775,0.08205924549632013
0,0.8926252482239517,0.019940656008402547,0.08743409576764569
2,0.22106588662015816,0.05516493701440015,0.7237691763654418
2,0.7745209158866154,0.037254141258145315,0.18822494285523902
0,0.9161757084571185,0.014202135713560594,0.06962215582932108
1,0.6400939106574483,0.05915884784255901,0.30074724149999277
0,0.9087043277522199,0.014827885272365645,0.0764677869754143
0,0.6749204073025105,0.04256697381919622,0.2825126188782937
0,0.9115297674340327,0.015713607659346474,0.07275662490662103
2,0.0336141407209187,0.023454332332655124,0.9429315269464261
0,0.8816978135380017,0.023199386836651376,0.0951027996253467
2,0.3422770084515108,0.05440883174224325,0.6033141598062461
2,0.695236609129073,0.02959385256936065,0.2751695383015663
2,0.39562868162369624,0.08092565294896195,0.5234456654273418
0,0.31485873046892304,0.04161903739844121,0.6435222321326358
2,0.008610000963020031,0.0038607670675227038,0.9875292319694573
2,0.618561490279669,0.06800616308256958,0.3134323466377615
0,0.893620778233921,0.021881261114748033,0.0844979606513312
0,0.47803151604475724,0.052191830023834505,0.4697766539314082
0,0.7301952301018811,0.05089097541824231,0.21891379447987644
0,0.13015503795089509,0.015265341828482165,0.8545796202206231
0,0.9070100351406948,0.014649666417768882,0.07834029844153605
0,0.49253707862431684,0.06688861514680589,0.4405743062288769
1,0.3188036103987222,0.058264089086836994,0.6229323005144407
0,0.5194685486070016,0.029490773641753773,0.4510406777512444
0,0.6889500570480194,0.03330518799394823,0.2777447549580323
2,0.33510704120421436,0.050162991168816916,0.6147299676269689
0,0.6715030921361833,0.056151008912666965,0.2723458989511497
0,0.8901311312591437,0.018797881254034015,0.09107098748682235
0,0.9125497521906154,0.015433428468010576,0.07201681934137392
2,0.9178630989205631,0.015140148062462094,0.0669967530169747
0,0.9128404028617164,0.014632951116600063,0.07252664602168316
2,0.40502150963665834,0.04696407910675891,0.5480144112565826
2,0.6201601508864794,0.05486184365903919,0.3249780054544817
2,0.18253102793026305,0.04677519232102283,0.770693779748714
2,0.08199283211265868,0.01842977164980266,0.8995773962375384
0,0.8823210686148709,0.019238335988044072,0.09844059539708501
0,0.9105311074502782,0.016933616634065576,0.07253527591565637
2,0.0026908649298725113,0.0022435430281566157,0.9950655920419708
2,0.4669452362790533,0.06861288619645531,0.46444187752449134
0,0.7662511656499085,0.030463615955271733,0.20328521839481983
0,0.9125200776110579,0.015560885824786836,0.0719190365641552
0,0.7844736637573734,0.034535280957333755,0.1809910552852929
0,0.5085374791903685,0.06357877405843528,0.42788374675119634
0,0.7145915262781821,0.045775681977124144,0.23963279174469385
0,0.855492283992526,0.025467494229806976,0.11904022177766697
0,0.9165919759503988,0.016831093736803054,0.06657693031279815
0,0.8565931986660068,0.02170220381032188,0.12170459752367108
1,0.6226873726090852,0.09199192955789207,0.28532069783302244
0,0.39923683205632754,0.0602135779164981,0.5405495900271746
0,0.8385100945125175,0.026642702467469883,0.1348472030200125
0,0.8222392201234362,0.03649238003917365,0.1412683998373902
2,0.07012184348086703,0.046688692779285536,0.8831894637398476
2,0.5847287665323889,0.05523677998314832,0.3600344534844625
0,0.6127324981546012,0.0502971993009758,0.3369703025444229
0,0.9131247752074579,0.015469495582626027,0.07140572920991616
2,0.6109737145330627,0.04336618979701903,0.34566009566991857
0,0.9195396095874669,0.012513674866947056,0.06794671554558603
2,0.0005040322580645161,0.000759146692100859,0.9987368210498346
0,0.9172578695451999,0.014107684463262197,0.06863444599153795
2,0.7464890235405728,0.03095448167939798,0.22255649478002879
0,0.555424435289921,0.06087735901076691,0.38369820569931196
0,0.346216470847965,0.04444227512696844,0.609341254025066
2,0.0025223359157949036,0.0008576329331046312,0.9966200311511005
0,0.9150517655560831,0.01464563353124331,0.07030260091267329
0,0.878123923657465,0.0188514607222143,0.10302461562032067
0,0.8205020746591556,0.02736373499699459,0.15213419034384976
2,0.22451763582406523,0.09659262845633816,0.6788897357195965
0,0.6758445211477649,0.03147270993835741,0.2926827689138779
2,0.17579811709272147,0.03592956503256965,0.7882723178747086
0,0.770019073807562,0.03055341244915374,0.19942751374328438
