target,prediction_0,prediction_1,prediction_2
2,0.014282124254512765,0.03288218970690798,0.9528356860385793
0,0.871511891448181,0.02362699312930774,0.10486111542251124
0,0.9353111338569289,0.014599564700609939,0.05008930144246107
2,0.15633497900098942,0.12504116601507656,0.718623854983934
0,0.7834112977901085,0.040917422859149066,0.17567127935074228
0,0.9525394166580854,0.001239838555698526,0.04622074478621612
0,0.8166743093744935,0.035841625132566134,0.14748406549294035
2,0.032552511613705294,0.058472256761157936,0.9089752316251367
0,0.9899934517843176,0.002024819068269425,0.007981729147412958
1,0.3109714166427814,0.04536987187653471,0.643658711480684
2,0.06870867882991427,0.0009817833062889518,0.9303095378637968
0,0.8666310054607623,0.014894950780873379,0.11847404375836414
0,0.8924403738978034,0.011822431688358575,0.09573719441383803
0,0.8523996240783693,0.02834384952194836,0.11925652639968233
0,0.9787349249064049,0.005391238324836865,0.015873836768758243
2,0.3932890154322891,0.07352966885292993,0.5331813157147809
0,0.6024321473279376,0.014813756886660031,0.38275409578540237
2,0.7857173627078433,0.0472283639413232,0.16705427335083345
0,0.9436314681272299,0.010080821925187234,0.04628770994758291
2,0.15484188040112074,0.05779132175147787,0.7873667978474014
0,0.9208205529214482,0.030533027930467777,0.04864641914808395
1,0.2991530966426453,0.19957351056528375,0.5012733927920711
2,0.16564014253022488,0.030341165754268252,0.8040186917155069
0,0.9186900916418229,0.0008165679464096375,0.08049334041176741
0,0.806680659768459,0.06264736325024199,0.13067197698129907
0,0.9365335496473025,0.014024947465488274,0.04944150288720924
0,0.9706306698235213,0.0008334743884397136,0.02853585578803894
0,0.9632328428935498,0.004623787413104631,0.03214336969334563
0,0.4051313314170789,0.11268587767741355,0.4821827909055075
0,0.938288223951008,0.013249911081306858,0.048461864967685085
2,0.16687687358320472,0.024548048268160934,0.8085750781486344
2,0.03995866142229764,0.029354350452792544,0.9306869881249097
0,0.11232548069506693,0.27240041893957845,0.6152741003653547
2,0.36311115052317045,0.038259052882342784,0.5986297965944867
0,0.8869384508055561,0.02982897377076324,0.08323257542368076
2,0.258917082055236,0.06031303535555126,0.6807698825892127
2,0.5535772539940843,0.08355274468505101,0.36287000132086467
0,0.8884227901008376,0.04801964025890685,0.06355756964025562
0,0.12541300149364376,0.04311360299105378,0.8314733955153025
0,0.46251005794834765,0.055424950643857114,0.48206499140779535
0,0.8472417449235917,0.020548399682931352,0.1322098553934767
2,0.21318324359879293,0.2724703302039118,0.5143464261972953
0,0.7342156717584443,0.03802123220151902,0.22776309604003686
0,0.9640311071357001,0.0057014507338668365,0.03026744213043306
0,0.9873851456089354,0.00014955867889770018,0.012465295712166952
0,0.8932877421638012,0.03980914395062785,0.06690311388557105
0,0.9155751865806172,0.009348363583988514,0.07507644983539423
2,0.9088391827564477,0.013442658376275434,0.07771815886727694
0,0.8187741900466262,0.011705478599249409,0.16952033135412425
2,0.47735329548939975,0.04087314840038247,0.48177355611021777
0,0.946344630765709,0.03570141295115,0.01795395628314126
0,0.9737137354288148,0.013521449688225783,0.01276481488295942
2,0.27973967256674753,0.06595521740769908,0.6543051100255534
2,0.4035077173359937,0.11356343338791257,0.48292884927609375
2,0.012661176011126443,0.003111891388721221,0.9842269326001525
0,0.8111170070100171,0.0007148080872772797,0.18816818490270568
0,0.8380124495647283,0.06971389431801144,0.09227365611726025
0,0.6159756814402675,0.03990807071019989,0.3441162478495327
0,0.9437860426602334,0.004121632666384142,0.052092324673382664
0,0.8563331083999434,0.08859672928374387,0.055070162316312815
1,0.8097612380759367,0.03663637276913484,0.15360238915492858
2,0.7306909007926596,0.08994996215294176,0.1793591370543986
0,0.8760990964045057,0.02432909002448315,0.09957181357101112
2,0.19041353362064445,0.014980987751020504,0.794605478628335
2,0.3927306825709067,0.0880809425070317,0.5191883749220615
2,0.026576264383817563,8.187781452690444e-05,0.9733418578016556
1,0.8490951915001105,0.002125150299293956,0.14877965820059574
2,0.4157169311946197,0.00670520935306507,0.5775778594523152
2,0.21158040158308217,0.08144496544215005,0.7069746329747678
0,0.927311693697325,0.03966523837812962,0.03302306792454538
0,0.9786255494402275,0.003587591637334659,0.017786858922438017
0,0.8308741514837654,0.009124186498076586,0.160001662018158
0,0.9677062346242867,0.006508545076034905,0.0257852202996784
0,0.9657500843521869,0.008172251302352525,0.026077664345460508
2,0.00035511168023955926,0.004992134342637844,0.9946527539771227
2,0.002022256287084074,0.0018159735086020975,0.996161770204314
0,0.9716364390290668,0.00024036081658866665,0.028123200154344677
0,0.800496602483332,0.022115595167441965,0.17738780234922605
0,0.7652221079801963,0.0016150750335785177,0.23316281698622512
0,0.7393769337937112,0.043795398765466745,0.21682766744082202
0,0.8354742946734963,0.03717800857357159,0.12734769675293214
2,0.9476811098653893,0.0031265888761497613,0.04919230125846091
1,0.21084163174867532,0.016261196553791008,0.7728971716975338
0,0.9547731843663491,0.012923343898657933,0.032303471734993025
0,0.9710219281215419,0.0068258029795460065,0.02215226889891218
2,0.6669073004264574,0.051136989881143916,0.28195570969239864
0,0.9816329966883542,0.003621397259924155,0.0147456060517218
2,0.20710487790083168,0.059375411008671726,0.7335197110904965
0,0.9797147586204998,0.0031614125475810757,0.017123828831919156
0,0.9258039031076067,0.01626530351223235,0.0579307933801611
0,0.7982388271434243,0.02949723565885767,0.17226393719771788
0,0.9630027510444272,0.027299447531101494,0.009697801424471198
0,0.9673601069127827,0.011968725079725132,0.02067116800749229
0,0.9945396793220398,0.0015128083016377365,0.003947512376322587
0,0.9261338385991843,0.020194349732223147,0.0536718116685927
0,0.8872299121126568,0.01809811513809541,0.09467197274924795
0,0.9503821628306743,0.003814445097956992,0.04580339207136865
2,0.014493646662447682,0.038114902260319425,0.9473914510772329
0,0.8982450320755317,0.07016270845041735,0.03159225947405091
0,0.5085508404726091,0.0453618712329433,0.44608728829444755
2,0.08678691574111579,0.025919318912847603,0.8872937653460365
2,0.003559128994974522,0.004581187856650369,0.9918596831483751
2,0.012350443817352605,0.028864432036096108,0.9587851241465511
2,0.04413384376349854,0.01827231464125373,0.9375938415952476
0,0.9488776414478879,0.00478865902849044,0.046333699523621645
0,0.9642520240924233,0.00951561299620838,0.02623236291136839
0,0.9403371066579389,0.018003187228751303,0.041659706113309616
2,0.7035771407925151,0.09300503975179462,0.2034178194556903
0,0.4633722043599735,0.11955914739102935,0.4170686482489972
2,0.27193447072111315,0.04091477290396063,0.6871507563749262
0,0.9652745562246026,0.00825373687250756,0.026471706902889962
2,0.4320372959737787,0.10913759655377941,0.4588251074724419
0,0.8964915434335528,0.03656708551182811,0.06694137105461911
2,0.15190559146734917,0.05135362651328435,0.7967407820193665
0,0.9420009167024285,0.0008927720460692854,0.05710631125150221
0,0.7785301343699527,0.03431651897933246,0.1871533466507149
0,0.9270305600147636,0.010268793152629914,0.06270064683260643
0,0.929227263249716,0.004957789102555048,0.06581494764772887
0,0.9425456714465712,0.010399676318260173,0.04705465223516853
2,0.4797932228149764,0.03266140058285782,0.4875453766021658
0,0.9146350035438682,0.003033332074373972,0.08233166438175799
0,0.9215484049306611,0.02138243887608702,0.05706915619325172
0,0.777234139134602,0.056516607776138574,0.1662492530892593
0,0.9950842711094211,6.034633871542778e-06,0.004909694256707232
0,0.3075408738284286,0.0027854683610731017,0.6896736578104983
0,0.5754765331510605,0.06583944665615657,0.35868402019278284
0,0.9795722717473938,0.006410045475696556,0.014017682776909627
0,0.8644407449164125,0.01931846446736317,0.1162407906162243
2,0.03731857780884468,0.07520678778435318,0.8874746344068021
0,0.910143420332372,0.022409438807342877,0.06744714086028507
2,0.00018661130625348033,0.001171652174252741,0.9986417365194937
0,0.7100715737708225,0.0035799258593003304,0.286348500369877
2,0.00776677574246029,0.021215407032377412,0.9710178172251622
0,0.9190199284667808,0.016578022892513762,0.06440204864070545
2,0.8087168368708132,0.061682057179408126,0.12960110594977856
2,0.34754315238118383,0.052740211611490145,0.599716636007326
0,0.8251675881820626,0.00705172484178526,0.16778068697615225
0,0.9787481812382949,0.003021597470797289,0.018230221290907737
0,0.9233134292590418,0.020145432883484117,0.05654113785747394
2,0.2837693114572101,0.008523530206785625,0.7077071583360043
0,0.6325989216185377,0.10032596738820021,0.2670751109932621
0,0.439195211762226,0.019657304893492378,0.5411474833442816
0,0.8966033883737851,0.026640431959719005,0.076756179666496
0,0.5073710938215725,0.013968497129050397,0.4786604090493771
0,0.8780871024320657,0.021234664209614496,0.10067823335832002
0,0.9578135975838514,0.00014428952097774432,0.042042112895170757
2,0.16319494202276658,0.05897155415068042,0.777833503826553
0,0.9280310576351065,0.008432284674455217,0.0635366576904383
0,0.9182923879268932,0.006456009315939457,0.07525160275716748
2,0.6519971731075479,0.09266403856030082,0.2553387883321512
0,0.9535945615987449,0.008770674992997383,0.03763476340825782
2,0.17139544943326837,0.06230393838271874,0.7663006121840128
0,0.962999536610707,0.006897625619143032,0.03010283777014989
0,0.9193890288602601,0.006040090436144326,0.07457088070359573
0,0.632811892070445,0.03237950029555112,0.3348086076340039
0,0.8785159571076319,0.006005111590623677,0.11547893130174453
2,0.008555034094256403,0.00695603109535734,0.9844889348103861
2,0.013065109310582095,0.0022223478476470107,0.984712542841771
2,0.7270024901781014,0.00711186681818144,0.2658856430037172
0,0.9352038304093823,0.006825901629160921,0.05797026796145676
0,0.0005674146999773469,0.04133451205827375,0.9580980732417488
0,0.9584920568202868,0.0006269114352279606,0.04088103174448511
2,0.8552062310015512,0.013091973560998886,0.13170179543744986
2,0.8241258300025004,0.019237849987958102,0.15663632000954145
0,0.9253003539523953,0.000408848465047404,0.07429079758255717
2,0.3001154917332058,0.1068970732245602,0.5929874350422341
0,0.9354165676225256,0.013582673635472308,0.05100075874200216
2,0.008672324857439961,0.0016099926794943963,0.9897176824630656
2,0.8471273736961004,0.05101385087081752,0.10185877543308214
0,0.9619588727530037,0.004244312279140108,0.03379681496785598
0,0.6752586829320008,0.0634692326252878,0.2612720844427115
1,0.11757654338844617,0.01909405246705429,0.8633294041444994
2,0.0763826103892526,0.05085791218191577,0.8727594774288315
0,0.8398721715520626,0.030379083292497625,0.12974874515543988
2,0.24901133659123462,0.09354166435092685,0.6574469990578384
2,0.09542072151950379,0.02238460237415458,0.8821946761063417
0,0.8420825626258432,0.0028032680381982686,0.15511416933595856
0,0.0026083960973695085,0.001345531119161272,0.9960460727834692
2,0.13430430360979398,0.08193162428357653,0.7837640721066295
0,0.9608306289005396,0.0028243223744523227,0.03634504872500818
0,0.059606965288088,0.04303488307948872,0.8973581516324232
0,0.6179903758906795,0.06665877688970975,0.3153508472196107
2,0.0008351395150686525,2.5549776352985316e-05,0.9991393107085784
0,0.9500516855602619,0.006915028486080105,0.043033285953658
2,0.22114909318423911,0.13499811928944805,0.6438527875263128
2,0.49490320310318503,0.03611312426822736,0.4689836726285875
1,0.48341563733631504,0.08348864020118961,0.4330957224624953
0,0.3751941047476927,0.0422122728629803,0.582593622389327
2,0.601736858591871,0.024556352984888733,0.37370678842324023
2,0.8481882412919906,0.06465983127229295,0.08715192743571631
0,0.3112209531625029,0.07712341857848491,0.6116556282590121
0,0.976871309774045,0.0065254255196352615,0.016603264706319593
0,0.7914525967173321,0.03643009187584011,0.1721173114068278
2,0.18304803626370486,0.02918335820582274,0.7877686055304725
2,0.3387337873544265,0.07963675381082798,0.5816294588347455
0,0.8311528442144066,0.03493516857973539,0.13391198720585787
0,0.8645113303728297,0.02155180453472335,0.11393686509244685
0,0.933853756398878,0.012863600075845692,0.05328264352527612
2,0.9841128394532787,0.008181657894517948,0.007705502652203322
0,0.9791380605181864,0.0037101162800225965,0.017151823201791105
0,0.9679679791379783,0.0019560609518900285,0.030075959910131865
0,0.9645621057071994,0.0048947010902734445,0.03054319320252715
2,0.6879285836373964,0.016722825360149542,0.295348591002454
0,0.940768909822141,0.021302144984749923,0.03792894519310901
0,0.9330320449132835,4.5901121617713153e-05,0.06692205396509868
0,0.261218268016338,0.03240991452523771,0.7063718174584243
0,0.9987591574478673,0.00010365887326131018,0.0011371836788713805
2,0.24981661858222226,0.10778904252852582,0.6423943388892518
0,0.9665058919184327,0.008243644593274532,0.025250463488292726
2,0.026761228111839726,0.0006931046725026056,0.9725456672156576
0,0.9109657988611822,0.017832309834202954,0.07120189130461485
2,0.7370001380714457,0.11408004467434746,0.14891981725420694
2,0.12111059679976752,0.07273982254860999,0.8061495806516225
2,0.034498284866705524,0.013202761227543807,0.9522989539057507
0,0.7560777215825599,0.0953447438169551,0.14857753460048492
0,0.9403666408040339,0.018440395797868728,0.04119296339809735
0,0.8595295817992583,0.0003380329731661741,0.14013238522757554
0,0.854655498721449,0.049264836253455596,0.09607966502509539
2,0.8589451819548803,0.0052519711906160475,0.13580284685450367
0,0.9688976045375105,0.004415583015300208,0.026686812447189092
0,0.10852563992640536,0.04344139028422842,0.8480329697893662
0,0.9530099164081918,0.002985647041304835,0.044004436550503366
2,0.8938769348677392,0.026788084489887037,0.07933498064237374
2,0.3350617009921346,0.02211374529275454,0.6428245537151108
2,0.05283178482900082,0.021600972872248544,0.9255672422987508
0,0.9190717854791444,0.007205851544869762,0.07372236297598586
0,0.8900836255401096,0.041362182540881386,0.0685541919190091
2,0.26150084809462876,0.03780615586666914,0.700692996038702
2,0.06366469305242749,0.04871442461184255,0.8876208823357299
2,0.029814659701989005,0.031916479636597966,0.9382688606614131
0,0.9198814258920468,0.0027049661011555436,0.07741360800679759
2,0.025821187215987442,0.01324637679827828,0.9609324359857344
0,0.7953863887485578,0.032264596366755334,0.17234901488468696
0,0.7054327409797245,0.04013830913587624,0.2544289498843993
0,0.26784639693970125,0.03860351434408692,0.6935500887162118
0,0.2748146893229851,0.06360365889103008,0.6615816517859847
2,0.3224924724900411,0.024069692980205722,0.6534378345297531
2,0.842860717441296,0.0039195583679236925,0.15321972419078037
0,0.9849506036489502,0.0012710887698005242,0.013778307581249262
2,0.11808239232916265,0.007321700657402229,0.8745959070134351
2,0.09761702928001473,0.050653003289736154,0.8517299674302491
0,0.9254557486606236,0.013869148817636841,0.06067510252173948
0,0.9819438098780532,0.0008732639687155623,0.017182926153231283
0,0.9763168407263676,0.0001202047444445233,0.023562954529187958
0,0.8672921646368211,0.013586857064672019,0.11912097829850699
2,0.0009098707344976436,0.0006813295658240136,0.9984087996996783
0,0.2198269922007612,0.0728870453338632,0.7072859624653756
0,0.8116291452372206,0.03191493443029001,0.15645592033248945
2,0.11375485642346601,0.05492937557158066,0.8313157680049534
0,0.9495994495164805,0.01230119882756663,0.03809935165595286
0,0.056817595587180594,0.07537960696467523,0.8678027974481443
2,0.1550232982169951,0.04684136304141515,0.7981353387415897
2,0.039217509085450325,0.03329694615719133,0.9274855447573584
1,0.003962649980670318,0.0010007514806370608,0.9950365985386928
0,0.9533679640959528,0.0015061488390388986,0.045125887065008356
0,0.9390700141169637,0.014311799323951964,0.046618186559084306
2,0.2477302496053205,0.031851607665618335,0.7204181427290611
0,0.961385360780091,0.010733789280970274,0.027880849938938725
0,0.9231806116238157,0.006450254518699332,0.07036913385748504
1,0.3883904420791387,0.13849592739447977,0.47311363052638145
0,0.8759028044921291,0.022110330165728314,0.10198686534214267
2,0.33507586367572095,0.035755990612490754,0.6291681457117883
0,0.5933209524321841,0.056287024716956006,0.3503920228508599
0,0.9479475689368666,0.012237785921795866,0.03981464514133744
2,0.30316844727074643,0.09143588303454517,0.6053956696947084
0,0.2692803121294132,0.05643980921796874,0.674279878652618
0,0.3733160838924147,0.17301517220518575,0.4536687439023996
0,0.6824347960707717,0.03934804059422363,0.2782171633350047
2,0.7059217957113262,0.07905434015767532,0.21502386413099853
2,0.053254352988833985,0.02317521998116756,0.9235704270299984
0,0.8582845807243169,0.08079692918051595,0.06091849009516715
2,0.2165920805044703,0.031805457286009566,0.7516024622095201
0,0.9090157143813005,0.004991870006497359,0.08599241561220224
2,0.6568656862764015,0.12114526255421655,0.22198905116938192
0,0.8773643434040591,0.00973667563824486,0.1128989809576959
0,0.6043209716021872,0.23627531652113487,0.15940371187667793
2,0.851811307467264,0.03147795681166638,0.11671073572106959
0,0.5856442979419222,0.10116957779555376,0.31318612426252407
2,0.052749420795154614,0.10482909246989001,0.8424214867349553
0,0.9633147276999104,0.0035043881054655935,0.03318088419462407
2,0.9854796360674019,0.00015946414825564079,0.014360899784342341
0,0.9631144791115471,0.004428927450619774,0.03245659343783308
0,0.8978387995021009,0.011788980233186534,0.09037222026471264
0,0.6934487506478751,0.06319929958360022,0.2433519497685247
0,0.9722786028609229,0.00629894581372319,0.021422451325353916
2,0.03646185436143731,0.04338620374896615,0.9201519418895965
0,0.35060510024116814,0.0580036734713198,0.5913912262875122
0,0.652080210450373,0.054609311902105,0.2933104776475221
2,0.17023142710636305,0.0009149304598660119,0.8288536424337709
0,0.9842708346317343,0.005857253034498408,0.009871912333767394
0,0.9264422582940317,0.018424790329439323,0.055132951376528815
0,0.9640446837570692,0.02000994804262814,0.01594536820030261
2,0.10226257905723983,0.07929779668748307,0.818439624255277
2,0.0018491608824557865,0.0008098883747232975,0.9973409507428209
2,0.3430559362637197,0.0065998940590878165,0.6503441696771924
2,0.012977465325722524,0.02956245977758757,0.9574600748966898
2,0.6292562337473877,0.03663322609413658,0.3341105401584757
2,0.37781885925953573,0.0448228215792945,0.5773583191611698
0,0.9382684506769106,0.00314126565584731,0.05859028366724224
0,0.98654888377164,0.00039724766694518017,0.013053868561414708
0,0.9592739586396816,0.005398547175103008,0.03532749418521541
1,0.4369008976982653,0.11424905672633902,0.44885004557539576
1,0.6773004629750817,0.062794193533307,0.25990534349161115
0,0.5968051286856235,0.08737579896808521,0.3158190723462912
2,0.08312219143779624,0.02867699451156995,0.8882008140506338
2,0.9718316892588038,0.004342216022242517,0.023826094718953788
0,0.5378735080465322,0.068967038741614,0.39315945321185364
0,0.9768016647363578,0.0013456186919830924,0.02185271657165917
0,0.8917280952734536,0.020540276998378428,0.08773162772816795
2,0.001663318486129154,0.00029362357377183453,0.998043057940099
0,0.4320341301208927,0.027257499559227044,0.5407083703198803
0,0.7992679018260566,0.006580261692684155,0.19415183648125928
0,0.8919744076526785,0.02758988381832174,0.08043570852899963
2,0.3759535919491417,0.011643247709341812,0.6124031603415165
0,0.9343072558851689,0.01703931390952141,0.04865343020530972
0,0.9554890301438299,0.0138246866050804,0.03068628325108971
0,0.6984012133325732,0.0936622669804981,0.2079365196869287
0,0.821882945819331,0.045983690638125636,0.13213336354254346
0,0.8899937794563585,0.0015396284942559228,0.10846659204938551
2,0.7776785191046779,0.043436500415786665,0.17888498047953544
0,0.9701004354351331,0.003865286071198593,0.026034278493668333
0,0.9326379780362848,0.017367959510249734,0.04999406245346543
0,0.9616656523228813,0.0011425839322113387,0.03719176374490738
2,0.7473152755270256,0.06223165249622113,0.19045307197675326
0,0.49861277473756244,0.011537567278322898,0.48984965798411473
0,0.4775940470602535,0.07508733733409349,0.4473186156056531
2,0.1215968974693397,0.044724763909611415,0.8336783386210488
0,0.9711491049405593,6.606098133412967e-05,0.028784834078106662
2,0.08289648702359352,0.3388652835032954,0.578238229473111
2,0.32072411587945904,0.050101875671556405,0.6291740084489845
0,0.848402067822157,0.026950603590996304,0.12464732858684674
0,0.8926116200764795,0.035536179264057,0.0718522006594634
0,0.7666082876288418,0.029612653160152012,0.2037790592110061
2,0.47724030859204686,0.09344179993714703,0.42931789147080596
0,0.8817644735835962,0.03364350737635038,0.08459201904005324
2,0.8792250705356526,0.034278782387194735,0.0864961470771528
2,0.3051209395509745,0.012231785481688197,0.6826472749673373
0,0.9691039628974523,0.002320398251074435,0.028575638851473174
0,0.9394025334352935,0.01452014792446937,0.04607731864023717
2,0.07173292189770872,0.01105573925668957,0.9172113388456018
0,0.20350162278292933,0.20154370089443635,0.5949546763226343
0,0.6543963400899427,0.009738848264301991,0.33586481164575527
0,0.7236278905135564,0.09030359926299512,0.18606851022344864
0,0.90492023331099,0.008989356515921285,0.08609041017308869
0,0.8503652191150839,0.023512405785215282,0.12612237509970078
2,0.007012345926219588,0.055646226405724086,0.9373414276680563
0,0.9408731449539535,0.001642895892842621,0.057483959153204076
0,0.7159237508029104,0.11857939513364175,0.16549685406344788
1,0.15175189073069523,0.04695678398785794,0.8012913252814468
0,0.5852325467453606,0.0037358338530119697,0.4110316194016273
2,0.5059201923424173,0.02639661828023041,0.46768318937735237
2,0.4469117154648402,0.1153312451836099,0.43775703935154986
0,0.9546185500402606,0.012521341333535722,0.03286010862620351
0,0.9726464282878704,0.002864290384882203,0.024489281327247463
2,0.03474934027431005,0.011756758871023773,0.9534939008546661
0,0.8753870329409348,0.01685920706415518,0.10775375999491014
2,0.008518193034740534,0.0014393100455936717,0.9900424969196658
0,0.9660728072042438,0.0027291883838747705,0.031198004411881444
0,0.895289153851365,0.011053034099316279,0.0936578120493188
0,0.7352385516970833,0.06957280471531711,0.1951886435875996
0,0.9777673889092672,0.0037901533889612036,0.018442457701771595
2,0.4385931926898906,0.01789667963117285,0.5435101276789366
0,0.9561134829607688,0.003131373638705768,0.04075514340052544
0,0.9897347383309417,0.0020949687390978164,0.008170292929960557
0,0.7652202108820669,0.025614383254238676,0.20916540586369448
0,0.8949496418291601,0.020333456690112776,0.0847169014807272
2,0.3136576471005708,0.06508101618354874,0.6212613367158806
0,0.8100234985475985,0.02820362755884084,0.16177287389356068
0,0.33194736444872974,0.1396143301832338,0.5284383053680364
0,0.7393092144881143,0.031916146279725735,0.22877463923215985
0,0.8565212612379005,0.032622346386258896,0.11085639237584062
2,0.015369604300093096,0.024204002059458985,0.9604263936404479
2,0.21132495297637963,0.04984285917281744,0.7388321878508031
0,0.6729285599805535,0.007488926048012182,0.31958251397143433
0,0.9860226582334888,0.007763728260568232,0.006213613505942978
2,0.6691533860617501,0.07060053246530422,0.26024608147294565
0,0.9384407232433847,0.020683016382057565,0.04087626037455789
0,0.9551205544570138,0.010560263899565792,0.03431918164342037
0,0.9609223958990131,0.011950484804897169,0.027127119296089863
0,0.9687018243576831,0.008804263249249185,0.02249391239306787
0,0.9596371102563296,0.03302266436072152,0.007340225382948778
0,0.2711881565020385,0.01899108632093187,0.7098207571770296
2,0.08582346354380246,0.04782719851577395,0.8663493379404236
0,0.7908094952590486,0.0027326395718201735,0.2064578651691312
0,0.8346148584051795,0.04151084111435499,0.1238743004804654
2,0.35914128380227944,0.09234900661339765,0.5485097095843229
2,0.154627486969932,0.14979804702242538,0.6955744660076426
2,0.11369461840052096,0.08656033697414821,0.7997450446253308
0,0.7486686288626098,0.012908653127266067,0.23842271801012402
0,0.8676597651887032,0.02398865382830685,0.10835158098298976
0,0.9482807533422631,0.011856854534541317,0.03986239212319552
0,0.7212500113210033,0.08796326683822762,0.19078672184076903
2,0.7543449709992383,0.005781843089421467,0.2398731859113404
0,0.959545370020609,0.02398194728575611,0.016472682693634833
2,0.12212242827333258,0.05540818357202626,0.8224693881546412
0,0.9469242081278624,0.0037472743432323025,0.04932851752890525
0,0.9447629581271517,0.016808514122581483,0.03842852775026677
0,0.05045129610865636,0.014187561158216984,0.9353611427331268
0,0.8135876101271599,0.016814011042046387,0.16959837883079387
2,0.4780260819193843,0.10789032174299978,0.414083596337616
0,0.728023678429061,0.05130481338757763,0.22067150818336143
0,0.9391323655173466,0.01212194944046147,0.048745685042192025
0,0.2820935602243578,0.019678322379641303,0.6982281173960008
2,0.9788575698610886,0.001633923661980968,0.0195085064769304
0,0.7314813414700271,0.004828295503793618,0.2636903630261792
0,0.4391270716753414,0.13443520672438442,0.42643772160027416
1,0.09124059364943811,0.01030247964024307,0.898456926710319
0,0.9629391934661857,0.011516919412658503,0.02554388712115578
0,0.9202436107500342,0.018381388680095073,0.061375000569870775
0,0.8301930767228048,0.02506681640228054,0.14474010687491465
0,0.7804821711745126,0.040584235746704195,0.17893359307878323
0,0.8706306478911324,0.02426411761899083,0.10510523448987688
0,0.934766594263874,0.004552893579631889,0.06068051215649419
2,0.03959132190041963,0.025600852494082827,0.9348078256054976
2,0.46394511546202855,0.04866849659053665,0.4873863879474347
0,0.9544567350096507,0.008569558157347931,0.03697370683300153
2,0.7694610694073252,0.019410443651529965,0.21112848694114492
2,0.31817350583422527,0.02463156928370032,0.6571949248820743
0,0.8791431391572683,0.0017415382788851875,0.11911532256384669
0,0.9319164097293338,0.02693784377265881,0.0411457464980075
2,0.3440307939091833,0.08509016598885646,0.5708790401019602
0,0.5782898979373575,0.012846512176042938,0.40886358988659943
2,0.054611428145712904,0.018349890120344745,0.9270386817339423
0,0.30346646313752523,0.015942899922576238,0.6805906369398985
2,0.0953391098689306,0.030763726844210762,0.8738971632868586
2,0.008976544266669714,0.009093513605971956,0.9819299421273583
2,0.0034774374410479836,0.0066568042566433425,0.9898657583023087
2,0.0020858300856452655,0.01725637306302186,0.9806577968513328
0,0.9699166304680767,0.005971430456667262,0.024111939075255863
0,0.9463674712608402,0.006667971445249112,0.046964557293910685
1,0.2719905764100598,0.034683120764122596,0.6933263028258176
2,0.013922321651657025,0.019901784864766237,0.9661758934835767
0,0.893898893343829,0.007137065700377924,0.098964040955793
2,0.28854224655670907,0.01708840768570314,0.6943693457575878
0,0.06391478762424257,0.06115107338821039,0.874934138987547
0,0.6915460409882243,0.04500798666247495,0.2634459723493007
0,0.9054642561889823,0.012381716700772347,0.08215402711024539
0,0.9640801047934262,0.0040287797221940985,0.031891115484379694
0,0.8983788282101762,0.0036164052916497274,0.0980047664981741
0,0.6482499130291899,0.030601558291091954,0.32114852867971827
2,0.18072132474252983,0.10895058463400636,0.7103280906234638
0,0.9392389797781899,0.012452730058170991,0.04830829016363903
2,0.8732357355769474,0.020946328272455742,0.10581793615059686
2,0.0680795880970355,0.013524108953056642,0.9183963029499078
0,0.9506599058560168,0.01193148843338525,0.037408605710597884
0,0.9656291710840387,0.006671178596680801,0.02769965031928059
0,0.9050965205426981,0.023276197047893802,0.07162728240940806
0,0.9624063538846273,0.008957303120875422,0.028636342994497146
0,0.8783788550070607,0.01723765934900882,0.10438348564393053
0,0.9933667770167208,0.005350938765263483,0.0012822842180157915
0,0.8738563169891406,0.05355271131176396,0.07259097169909538
0,0.9788867587048875,0.0003181894051780581,0.020795051889934482
2,0.2860999212677333,0.09414368162612319,0.6197563971061435
0,0.7876869603949419,0.06312753709658138,0.14918550250847662
2,0.008017712391929829,0.0022671532716122956,0.989715134336458
0,0.9634236989048124,0.0027882806659793526,0.03378802042920832
2,0.13049822252517324,0.018484446635828825,0.851017330838998
0,0.6792100378198217,0.09483655658454912,0.2259534055956293
2,0.027756642766067468,0.006149552677240328,0.9660938045566921
2,0.40109105166123543,0.05598601791718092,0.5429229304215836
0,0.9678585853297318,0.0022191054305281187,0.029922309239740152
2,0.09877579847503136,0.02284921498238727,0.8783749865425814
0,0.9682679078687977,0.005658652531539706,0.02607343959966252
0,0.9422713885220636,0.007673672282326695,0.050054939195609625
0,0.9598727653252568,0.00028414507889929755,0.039843089595843886
2,0.37517626240243823,0.18340865732172973,0.441415080275832
0,0.9910048344586212,0.0022560552505383608,0.0067391102908403696
0,0.35378992728092185,0.1618965762145489,0.4843134965045294
2,0.19376043573860421,0.30592324328451026,0.5003163209768856
2,0.06825385976458188,0.024552577198434306,0.907193563036984
2,0.15482344717960275,0.016196569794361817,0.8289799830260354
2,0.031593507113004314,0.02308549116165408,0.9453210017253415
2,0.014746897780088338,0.009721086638293621,0.9755320155816181
0,0.741014230336576,0.015393866801491409,0.24359190286193258
2,0.016388845974898644,0.015916817107058605,0.9676943369180427
2,0.1800751171532577,0.1774631241783766,0.6424617586683656
2,0.0023030015834227574,0.0018308851967991989,0.9958661132197781
2,0.02574604297033339,0.00563329993326211,0.9686206570964045
0,0.8466058449211723,0.07179840537066191,0.08159574970816577
2,0.9241998143156681,0.005481667729512052,0.0703185179548199
0,0.8671679803929987,0.057109704205589334,0.07572231540141212
0,0.9068047798196197,0.01168482773556172,0.08151039244481846
0,0.9650372110266249,0.018350534363322304,0.016612254610052928
0,0.8534908251917326,0.030242604885037713,0.11626656992322978
0,0.8012272424026843,0.0019702965739499005,0.1968024610233658
0,0.9945946199622185,0.0030732670511369868,0.0023321129866445247
2,0.16478393390138946,0.08674673189499528,0.7484693342036154
2,0.040343282892838686,0.03616228534149708,0.9234944317656643
2,0.8998191088305822,0.023195554301726814,0.07698533686769099
2,0.3857037537697805,0.05966435923810185,0.5546318869921177
2,0.0022957200655137253,0.0003886178542688396,0.9973156620802175
0,0.9970343443637921,0.0010785248051902695,0.0018871308310175101
2,0.39876709558214496,0.03221093054507214,0.5690219738727829
2,0.021139732435823743,0.0047036562456551955,0.974156611318521
0,0.8193815804947705,0.01077515639412576,0.16984326311110373
0,0.9303731705756688,0.02259151296455653,0.04703531645977471
0,0.8784687848875172,0.026706653096813568,0.0948245620156692
2,0.040196523121414085,0.0004141336094956361,0.9593893432690903
2,0.3389837330591703,0.01454377755277722,0.6464724893880525
1,0.8831793584114785,0.0869534955245723,0.02986714606394915
0,0.04116764985491936,0.0132798356286976,0.945552514516383
0,0.8685148948042117,0.002763315996067527,0.12872178919972072
2,0.7459608489509777,0.044046484729980025,0.20999266631904226
0,0.8870706947528046,0.02428208959455537,0.08864721565263986
0,0.3047638442431126,0.17855807514666652,0.5166780806102209
0,0.9355175359657436,0.0029106417003404803,0.0615718223339158
0,0.5653486633462949,0.05349464603061433,0.38115669062309093
2,0.18024347157733173,0.02957976733092742,0.7901767610917407
2,0.0008136331720641816,0.005325518129103531,0.9938608486988322
2,0.19113787511371486,0.010740019341309472,0.7981221055449756
2,0.9225669720117962,0.0022110593657889235,0.07522196862241483
0,0.2511853151789254,0.10400361104538328,0.6448110737756914
0,0.7845209696204652,0.05582771326064066,0.15965131711889421
2,0.7548482425970743,0.02434222406060285,0.22080953334232276
0,0.8871455478272001,0.00046634388747292537,0.1123881082853268
2,0.7474092550211141,0.02602605279851352,0.22656469218037237
0,0.8756052981346867,0.005814511293056301,0.11858019057225712
0,0.7408502781835792,0.004223346432391201,0.2549263753840296
2,0.30586245485291785,0.04109895775095881,0.6530385873961233
2,0.6771627198427599,0.015515412719428245,0.3073218674378119
0,0.8615578061658526,0.03208660743617927,0.1063555863979682
0,0.8297271016413325,0.025308585973809857,0.14496431238485763
2,0.26504108038924473,0.1128025830419585,0.6221563365687967
1,0.45620830043516264,0.09838832140595899,0.4454033781588784
0,0.8934389816983429,0.011286620695897299,0.09527439760575974
2,0.14027835092247062,0.03327115309740013,0.8264504959801292
0,0.9588492721069375,0.004519393592701955,0.03663133430036054
0,0.18444887698372692,0.035500045587290925,0.780051077428982
0,0.9390420137428829,0.0069764494562194156,0.05398153680089767
2,0.02491583797305641,0.010970613131720552,0.964113548895223
1,0.29755325363476065,0.06810729089535351,0.6343394554698858
0,0.9824445433135742,0.003323662422158015,0.014231794264267768
2,0.16490877155650252,0.02218661143148575,0.8129046170120118
0,0.9797820151623289,0.0007682558374242853,0.01944972900024684
0,0.9736309908117389,0.0008800398287576729,0.025488969359503528
0,0.3827744307529184,0.01004417626582588,0.6071813929812557
1,0.7887253584332462,0.11501010866850697,0.09626453289824694
2,0.00818188943105048,0.0008848846122295292,0.99093322595672
2,0.2365113084741506,0.13558541522873663,0.6279032762971127
2,0.2113558412688318,0.12012833029352073,0.6685158284376475
2,0.06243941255700389,0.05336348418005204,0.8841971032629441
2,0.13753643361633228,0.06429441592964255,0.7981691504540253
0,0.9642994614525217,0.0033518487055209985,0.03234868984195737
2,0.31061316599481514,0.015109911560393183,0.6742769224447918
0,0.36993031899155987,0.17289268069676528,0.45717700031167496
1,0.0652488490544989,0.015081161305246211,0.9196699896402548
2,0.06217084244799131,0.05392379241557681,0.8839053651364318
0,0.9569792224772405,0.001869048014710748,0.04115172950804883
2,0.12309298752526725,0.04445134596665363,0.832455666508079
0,0.9484839120429206,0.0054970141295190775,0.04601907382756034
0,0.6969918906835058,0.0051595268456438425,0.29784858247085044
0,0.9568131637265926,0.011627179847176409,0.03155965642623098
2,0.02944998557263442,0.0028133772383853706,0.9677366371889803
0,0.944921697014504,0.0003949226835421959,0.054683380301953896
2,0.07230076486647159,0.117286993754535,0.8104122413789934
0,0.9369269994863235,0.00025713114067912467,0.06281586937299737
0,0.9886316514157947,0.0015490537000632928,0.009819294884141898
2,0.5996983696327496,0.16192575921370297,0.23837587115354752
2,0.03373939775814306,0.0164226401849748,0.9498379620568821
0,0.7153915869618008,0.04762729952679632,0.2369811135114029
0,0.941679937230668,0.01784769844859142,0.04047236432074058
0,0.9968315733840069,0.0006691920789377347,0.0024992345370554022
0,0.8282197294844047,0.0011804702466070998,0.17059980026898824
2,0.9811226732878504,0.0031832984065651017,0.015694028305584477
0,0.9715483144305533,0.02302650718264799,0.005425178386798821
0,0.5543020304132026,0.15315882437620348,0.292539145210594
0,0.3933387486843012,0.11968766733268875,0.4869735839830101
0,0.5040098141864678,0.04856362726923967,0.44742655854429236
1,0.7423416089072382,0.07385664964024172,0.18380174145252
0,0.9516122606132434,0.011791330403608498,0.036596408983148275
0,0.5043208711704871,0.048378696959665214,0.4473004318698478
0,0.18953078647367264,0.04845134383954723,0.7620178696867801
0,0.6742572245025987,0.05673905108393174,0.26900372441346954
0,0.6887339912411647,0.014514586309172165,0.29675142244966307
0,0.8960270427300275,0.008960268981140166,0.09501268828883233
2,0.32751567753702304,0.043323379806156,0.629160942656821
2,0.056815656045835626,0.0017295333321993536,0.9414548106219649
2,0.8934238489750357,0.02035439562162939,0.08622175540333497
2,0.08522732046056325,0.04722050249873614,0.8675521770407006
2,0.9429695257318111,0.014708399529166732,0.04232207473902224
0,0.9935643064244871,0.0016512384517326346,0.004784455123780327
2,0.4529841507743764,0.11481718515431898,0.43219866407130464
0,0.7012054664218781,0.07229198724908811,0.22650254632903385
0,0.9580905588270439,0.005124547220613658,0.03678489395234254
0,0.8838043750009558,0.031820255523687634,0.08437536947535644
0,0.9683979831712777,0.010688542756014274,0.02091347407270805
2,0.218587298826901,0.03909967987111994,0.7423130213019791
2,0.7697896212773072,0.04282436430075639,0.18738601442193634
0,0.9730819364960944,0.0018706190361717139,0.025047444467733937
1,0.8161808330164418,0.040962361690025116,0.14285680529353298
0,0.938323761888769,0.015123713307453136,0.046552524803777896
0,0.7498767430038245,0.0992928370335917,0.15083041996258387
0,0.8953306849301688,0.004266086926773115,0.10040322814305813
2,0.06327132214233164,0.026317872078469435,0.910410805779199
0,0.9687491807229918,0.007633093212287516,0.023617726064720693
2,0.06936533435527505,0.041891005583510804,0.8887436600612142
2,0.6902105876213626,0.033903053423129895,0.27588635895550767
2,0.27293499555053763,0.35881644925076767,0.3682485551986948
0,0.2576673848439751,0.11095394036368642,0.6313786747923384
2,0.00019396295390158885,0.00044369203484777964,0.9993623450112507
2,0.790552072683849,0.055441508260515755,0.15400641905563536
0,0.9623236641801537,0.013451224417000066,0.02422511140284622
0,0.41907155017867453,0.04000290365089897,0.5409255461704265
0,0.8760507434743546,0.016610025523306836,0.10733923100233854
0,0.0037210005835911692,0.0038521943573845965,0.9924268050590243
0,0.9444175910989516,0.005833685953350586,0.04974872294769771
0,0.0272206264530383,0.2197155708860924,0.7530638026608694
1,0.24509096877704098,0.1084661772265102,0.6464428539964487
0,0.7201387892038752,0.006363342019925766,0.27349786877619897
0,0.84272918158438,0.028554486997881854,0.12871633141773808
2,0.13063409743061483,0.07945736209182974,0.7899085404775554
0,0.2122893853048903,0.03492250644168569,0.7527881082534239
0,0.8676791739386734,0.0021406594037227055,0.13018016665760387
0,0.992687313527144,0.00041811957659082814,0.006894566896264998
2,0.9451989012799501,0.007767685913454996,0.04703341280659482
0,0.9719701111208151,0.0003690490119156431,0.027660839867269364
2,0.2624526297529972,0.05836611539815902,0.6791812548488438
2,0.5485024222791259,0.08867993056179191,0.3628176471590821
2,0.37077116087647766,0.005949796021929604,0.6232790431015927
2,0.00990902145894791,0.017308908272961904,0.9727820702680902
0,0.898375730374223,0.016443238450092025,0.08518103117568494
0,0.9722324732864338,0.003894125671602124,0.023873401041964223
2,0.005280959185086789,0.004162151638283043,0.9905568891766301
2,0.5570442512495659,0.07196863403830711,0.3709871147121271
0,0.9462583515914696,0.01719644889881723,0.03654519950971309
0,0.9843579030647549,0.0004302588445861752,0.015211838090658713
0,0.8722305506594193,0.03688642376771499,0.09088302557286575
0,0.22266629958653344,0.0955228911613624,0.6818108092521041
0,0.9309343309462195,0.05453418758209313,0.014531481471687396
0,0.7814181997331805,0.010825587027317505,0.20775621323950197
0,0.9787273496940583,0.008770157854556536,0.012502492451385174
0,0.848598057528159,0.0008476652657976183,0.15055427720604334
1,0.4837674469970958,0.10343606466814131,0.4127964883347629
0,0.7143881165056816,0.06810816290681321,0.21750372058750533
0,0.929483397642733,0.017881151838676907,0.05263545051859011
0,0.9011136669980772,0.05873635719555175,0.04014997580637109
2,0.044566482551666446,0.023615890479443024,0.9318176269688906
2,0.772008727826036,0.024281838136397466,0.2037094340375666
0,0.5871908591640753,0.0015084556977161875,0.4113006851382084
0,0.9405550717218928,0.011305796256775547,0.04813913202133162
2,0.16413312051461484,0.06046240725315724,0.775404472232228
0,0.9697624517297561,0.0008429338288764997,0.02939461444136753
2,4.5000085821571425e-06,3.4248103185464535e-05,0.9999612518882325
0,0.9164109274613595,0.0015051517248853036,0.08208392081375511
2,0.8797699717316939,0.021849263368663545,0.09838076489964268
0,0.7195651865182441,0.09164686857499305,0.1887879449067629
0,0.16625079097162185,0.07661172898833542,0.7571374800400428
2,0.004961668731354726,0.0006574794310682565,0.9943808518375771
