target,prediction_0,prediction_1,prediction_2
2,0.01988521019875081,0.022130327230384148,0.957984462570865
0,0.8158904004058833,0.018562793818282766,0.16554680577583414
0,0.9200370029208963,0.013969107839234982,0.0659938892398679
2,0.14581499405935788,0.10979328740742302,0.7443917185332192
0,0.7692609980377008,0.01944630433769171,0.21129269762460776
0,0.804133602471664,0.019890376116059004,0.17597602141227692
0,0.89078242534107,0.017778397412197035,0.09143917724673274
2,0.02853677430819033,0.02748819856560881,0.9439750271262007
0,0.9219621823723536,0.014483370877636183,0.0635544467500102
1,0.36339951861623965,0.07303366509394849,0.5635668162898119
2,0.03001663002436517,0.03011361685320049,0.9398697531224341
0,0.7757363384646722,0.0183917543748205,0.20587190716050696
0,0.8121815661190729,0.019211306613756605,0.1686071272671705
0,0.8625900072703352,0.011626864242227055,0.1257831284874378
0,0.9076113599601001,0.01604307607688961,0.07634556396301051
2,0.1281733120656779,0.09059632643558146,0.7812303614987407
0,0.90735572470648,0.01453353216580223,0.07811074312771767
2,0.6010956918442334,0.09543373630246803,0.30347057185329845
0,0.9219621823723536,0.014483370877636183,0.0635544467500102
2,0.2903820580814306,0.06228791953446693,0.6473300223841022
0,0.8121815661190729,0.019211306613756605,0.1686071272671705
1,0.5602938292411623,0.082299191335079,0.35740697942375865
2,0.18393957880394174,0.030993134610631395,0.7850672865854269
0,0.9214871508572913,0.01269658118284974,0.06581626795985884
0,0.48800662687786395,0.08022956876683984,0.43176380435529627
0,0.8986042446541767,0.012509180391290769,0.08888657495453264
0,0.9219621823723536,0.014483370877636183,0.0635544467500102
0,0.923083267286439,0.013510300210513079,0.06340643250304784
0,0.612786428433493,0.08453535335916627,0.3026782182073407
0,0.9239300055457387,0.012292824074723327,0.06377717037953885
2,0.10859015716950393,0.08144033765841843,0.8099695051720776
2,0.12506306037312687,0.03189956988946416,0.8430373697374088
0,0.2535632133648189,0.06579271059670193,0.6806440760384792
2,0.31834457264364585,0.061471151939995014,0.6201842754163593
0,0.6565180302966702,0.07649169850206387,0.2669902712012654
2,0.04425163106469643,0.032126468488773166,0.9236219004465303
2,0.6051968115243366,0.03272738597362089,0.36207580250204263
0,0.8855041381383092,0.025249112954366444,0.08924674890732436
0,0.7225006012528365,0.02245018972925021,0.2550492090179133
0,0.6782932331280955,0.031134218746205453,0.290572548125699
0,0.9090683265740206,0.013718056361851914,0.07721361706412745
2,0.14141649525190672,0.12297015713337822,0.735613347614715
0,0.8223974689565128,0.02248153839943807,0.15512099264404947
0,0.9231031455953818,0.013549857652956354,0.06334699675166103
0,0.9289566322349736,0.012597794328807027,0.05844557343621936
0,0.7555301903311945,0.03414213518478309,0.21032767448402248
0,0.8530178167213764,0.012627917729892538,0.13435426554873062
2,0.8175556963151843,0.021864067917991507,0.1605802357668243
0,0.8121815661190729,0.019211306613756605,0.1686071272671705
2,0.4592018908254396,0.08666278356663927,0.4541353256079211
0,0.9011114063859791,0.01977960550738812,0.07910898810663282
0,0.9219621823723536,0.014483370877636183,0.0635544467500102
2,0.06580961656723025,0.04011367815210139,0.8940767052806683
2,0.2637995705043234,0.06878302501066498,0.6674174044850115
2,0.25189902498413974,0.028231215947244172,0.7198697590686162
0,0.899475880571319,0.01638361026725657,0.08414050916142429
0,0.6444246138297793,0.08395362923954985,0.27162175693067087
0,0.5947204835114758,0.09170996707066642,0.3135695494178578
0,0.9219621823723536,0.014483370877636183,0.0635544467500102
0,0.9066261805021778,0.017072618007432802,0.07630120149038933
1,0.6725220145801151,0.07921389402775561,0.24826409139212935
2,0.8264678276433525,0.02134830098787018,0.15218387136877717
0,0.8121815661190729,0.019211306613756605,0.1686071272671705
2,0.37285170396047096,0.03567499253030801,0.591473303509221
2,0.1073949371799084,0.04665175020915962,0.845953312610932
2,0.025409456232449504,0.02335071852388556,0.9512398252436647
1,0.8200533152755205,0.021526083851573036,0.15842060087290652
2,0.6237173697718719,0.02819270952486339,0.3480899207032647
2,0.03838398747598891,0.0340126552340887,0.9276033572899223
0,0.7770976766103379,0.03163440848625353,0.19126791490340866
0,0.9231031455953818,0.013549857652956354,0.06334699675166103
0,0.865285936272768,0.016103163125176873,0.11861090060205534
0,0.9231031455953818,0.013549857652956354,0.06334699675166103
0,0.9263503404400453,0.0123520921807435,0.061297567379212214
2,0.017817737677381776,0.014130240945379144,0.968052021377239
2,0.031957659113904,0.03809671007544097,0.9299456308106548
0,0.9267892742519208,0.012046413872308485,0.06116431187577041
0,0.34988935388613956,0.06179590823666405,0.5883147378771963
0,0.9020532077022433,0.013764104799361366,0.08418268749839534
0,0.8489547602721054,0.012411934534125826,0.13863330519376826
0,0.6254343152525224,0.030284539300050983,0.34428114544742666
2,0.7096766773375359,0.04184026906666996,0.24848305359579403
1,0.7629831581611681,0.016850931342619405,0.2201659104962121
0,0.7229777137047378,0.052632994591075254,0.2243892917041869
0,0.7957524910308552,0.022751377083310174,0.18149613188583452
2,0.7136432696452477,0.04129555256056409,0.2450611777941881
0,0.9289396710908668,0.011763512320390204,0.05929681658874296
2,0.029432790774337428,0.02593826935718445,0.944628939868479
0,0.9219621823723536,0.014483370877636183,0.0635544467500102
0,0.7563425333545079,0.022082960669200458,0.22157450597629166
0,0.8331967442859123,0.012425179696987693,0.15437807601709935
0,0.6081851170637506,0.07927205617582272,0.31254282676042666
0,0.7884242355841717,0.03149366224892103,0.18008210216690707
0,0.9289566322349736,0.012597794328807027,0.05844557343621936
0,0.9257010733965176,0.014102184390957628,0.06019674221252467
0,0.9038745660474188,0.013188031147465846,0.08293740280511641
0,0.923083267286439,0.013510300210513079,0.06340643250304784
2,0.02879164139740797,0.023593729988903855,0.9476146286136882
0,0.8786189301246015,0.02329164148745332,0.09808942838794525
0,0.497267813175302,0.02411780778777241,0.47861437903692566
2,0.03211606058585805,0.029053608361866313,0.9388303310522753
2,0.009845603044129658,0.00859225275960724,0.9815621441962631
2,0.018460925743487667,0.014452510341125723,0.9670865639153867
2,0.031594130558314566,0.04186092795985404,0.926544941481831
0,0.9233898373676378,0.01338769578279809,0.06322246684956397
0,0.9257010733965176,0.014102184390957628,0.06019674221252467
0,0.9226527662927736,0.014346635859351916,0.06300059784787444
2,0.4727814491599391,0.08654030524956005,0.4406782455905009
0,0.7305364870743838,0.025013645515743678,0.24444986740987273
2,0.17365652671471768,0.10820483333320287,0.7181386399520794
0,0.9099849550795485,0.01498912724919116,0.07502591767126017
2,0.14860033270778045,0.09401545802482171,0.7573842092673974
0,0.7619570048960264,0.028188546967866237,0.20985444813610735
2,0.04937768841449326,0.043238259316510534,0.9073840522689961
0,0.9226527662927736,0.014346635859351916,0.06300059784787444
0,0.7280876014907152,0.025231400568755388,0.24668099794052945
0,0.9261749784697092,0.013176967955376947,0.06064805357491386
0,0.9219621823723536,0.014483370877636183,0.0635544467500102
0,0.9289566322349736,0.012597794328807027,0.05844557343621936
2,0.7622945537439477,0.02296466541406434,0.21474078084198805
0,0.8814639156268048,0.013911242255705317,0.10462484211748997
0,0.9242346127952783,0.012580331363593105,0.06318505584112931
0,0.7969338869112556,0.023427947875824646,0.17963816521291995
0,0.9289566322349736,0.012597794328807027,0.05844557343621936
0,0.8155456887983918,0.020557717628842908,0.1638965935727653
0,0.4429426683920512,0.047529835850561905,0.509527495757387
0,0.8023465446696669,0.02276509490973113,0.17488836042060182
0,0.8203743011804479,0.018840914367544693,0.16078478445200772
2,0.12474518695030898,0.09886950069938856,0.7763853123503024
0,0.9116064559785318,0.0149358937130433,0.07345765030842558
2,0.2963581350163565,0.08171102288831565,0.621930842095328
0,0.7113104783870392,0.03219334259466148,0.2564961790182992
2,0.023163682442282698,0.024138566860800313,0.9526977506969166
0,0.9200370029208963,0.013969107839234982,0.0659938892398679
2,0.6617883532813972,0.07482809702458089,0.2633835496940219
2,0.7298182929330491,0.026145291718516733,0.24403641534843454
0,0.6659221456738375,0.08465414522872239,0.2494237090974403
0,0.9231031455953818,0.013549857652956354,0.06334699675166103
0,0.9117964280898466,0.015540200833379125,0.07266337107677334
2,0.8266887080727866,0.014592584571300722,0.15871870735591267
0,0.603144965899283,0.08707213935183511,0.30978289474888193
0,0.2783891525960069,0.05890385338072426,0.662706994023269
0,0.7899999318099215,0.02494634107353262,0.18505372711654594
0,0.2325047664552963,0.06074274877062658,0.7067524847740773
0,0.7938439229687654,0.03642186082088621,0.1697342162103483
0,0.8417597671866368,0.009870627913847114,0.1483696048995159
2,0.11838679978934075,0.09304150288279535,0.7885716973278638
0,0.9193233045383902,0.01473744795226857,0.06593924750934124
0,0.8905875692507188,0.017257524970943114,0.09215490577833817
2,0.23678184350027393,0.10533760016110577,0.6578805563386203
0,0.9231031455953818,0.013549857652956354,0.06334699675166103
2,0.5117163312816045,0.07732130900847665,0.41096235970991873
0,0.9257010733965176,0.014102184390957628,0.06019674221252467
0,0.8511544177016315,0.011275239498978183,0.13757034279939037
0,0.6346122557386804,0.02733901241684079,0.33804873184447887
0,0.8069160915267007,0.019830877443960712,0.1732530310293386
2,0.01988521019875081,0.022130327230384148,0.957984462570865
2,0.04197107389648935,0.02384689178858388,0.9341820343149266
2,0.7933318327039072,0.016935807982233268,0.18973235931385987
0,0.9212251476445805,0.012999540033490251,0.06577531232193026
0,0.09201487339756996,0.07268026341515847,0.8353048631872715
0,0.9267892742519208,0.012046413872308485,0.06116431187577041
2,0.8141851424292514,0.02338928878022994,0.16242556879051864
2,0.7592251914397732,0.02861096920800561,0.21216383935222138
0,0.7767243420153004,0.019015113045272924,0.20426054493942664
2,0.3774863284631306,0.08938722503894285,0.5331264464979265
0,0.9263503404400453,0.0123520921807435,0.061297567379212214
2,0.039576801408286955,0.022787924743493105,0.9376352738482202
2,0.8004582272216159,0.02486965115575509,0.17467212162262907
0,0.9223625785961619,0.012584076502386072,0.06505334490145205
0,0.523050622787689,0.1007309893355776,0.37621838787673345
1,0.29929879494697365,0.06268386912742066,0.6380173359256055
2,0.3447591656785608,0.0735596066343884,0.5816812276870509
0,0.7391051533736248,0.04078330394125118,0.22011154268512387
2,0.14464073003240746,0.21892827958935357,0.636430990378239
2,0.03358530237966489,0.02618247925448425,0.9402322183658509
0,0.9250766020232771,0.013254297804228524,0.061669100172494176
0,0.15109126260900346,0.09532561386413144,0.7535831235268654
2,0.22078078546949756,0.04930206040583918,0.7299171541246633
0,0.9219621823723536,0.014483370877636183,0.0635544467500102
0,0.32298559476993516,0.07439706431193463,0.6026173409181304
0,0.5613730562280432,0.0766844755927672,0.3619424681791898
2,0.02687896216717769,0.023191465435175057,0.9499295723976473
0,0.9203372175824943,0.013933550968395447,0.06572923144910964
2,0.4633538934934279,0.11068759577859262,0.42595851072797936
2,0.6310549579696363,0.029263467766439368,0.33968157426392415
1,0.3297124274327406,0.06285001613319423,0.6074375564340655
0,0.31103027335595,0.07482146664814399,0.6141482599959059
2,0.7063804033996024,0.021935074143599978,0.27168452245679753
2,0.21125585522915646,0.11357588217533147,0.675168262595512
0,0.7939896240087855,0.02471191035931794,0.18129846563189655
0,0.9261749784697092,0.013176967955376947,0.06064805357491386
0,0.7182087585794683,0.04229415920771887,0.2394970822128128
2,0.3995045511123826,0.0788961038045713,0.5215993450830462
2,0.43506546002985863,0.09493289286260818,0.4700016471075331
0,0.9154014319010912,0.013357591548798651,0.07124097655010929
0,0.7404384970926038,0.026379944218559485,0.23318155868883655
0,0.9263503404400453,0.0123520921807435,0.061297567379212214
2,0.764713116843225,0.021917926499056363,0.21336895665771846
0,0.9263503404400453,0.0123520921807435,0.061297567379212214
0,0.9257010733965176,0.014102184390957628,0.06019674221252467
0,0.9261749784697092,0.013176967955376947,0.06064805357491386
2,0.6290610683107252,0.04600366444557039,0.32493526724370475
0,0.9289396710908668,0.011763512320390204,0.05929681658874296
0,0.7843984514941496,0.02054810911960708,0.19505343938624337
0,0.24286443204991803,0.04741849946672626,0.7097170684833554
0,0.8633678087375579,0.015391541238325743,0.12124065002411637
2,0.40449784158252805,0.08559148981133868,0.5099106686061334
0,0.9289566322349736,0.012597794328807027,0.05844557343621936
2,0.45005517228791353,0.02157981699769732,0.5283650107143892
0,0.9219621823723536,0.014483370877636183,0.0635544467500102
2,0.9066261805021778,0.017072618007432802,0.07630120149038933
2,0.15220679302873397,0.09377319079065718,0.7540200161806089
2,0.04211219864044117,0.04120992538146469,0.9166778759780941
0,0.7447094956877794,0.04715123443144738,0.20813926988077303
0,0.8755627228547714,0.02620738045141968,0.09822989669380892
0,0.9197121432644364,0.013234180432764437,0.06705367630279899
0,0.8387005706446596,0.023901377501529823,0.13739805185381077
2,0.9148703455018096,0.011636102421320857,0.07349355207686935
0,0.899475880571319,0.01638361026725657,0.08414050916142429
0,0.5543431776545165,0.0571049731404408,0.38855184920504277
0,0.916028876445747,0.014989068533486569,0.06898205502076571
2,0.9257010733965176,0.014102184390957628,0.06019674221252467
2,0.2325047664552963,0.06074274877062658,0.7067524847740773
2,0.04937768841449326,0.043238259316510534,0.9073840522689961
0,0.9226527662927736,0.014346635859351916,0.06300059784787444
0,0.9090683265740206,0.013718056361851914,0.07721361706412745
2,0.3273892203812845,0.08087306545315233,0.5917377141655632
2,0.03331470426388444,0.025390215961529718,0.9412950797745859
2,0.12479529940145875,0.07807929726398227,0.797125403334559
0,0.8264678276433525,0.02134830098787018,0.15218387136877717
2,0.4983855274432639,0.02355714200569197,0.47805733055104416
0,0.9147191985408696,0.01601708552963069,0.0692637159294997
0,0.9208080162127745,0.013058986909539268,0.06613299687768613
0,0.3443403206133732,0.04739006524197216,0.6082696141446545
0,0.7650282624926903,0.023234144142555282,0.21173759336475437
2,0.7280876014907152,0.025231400568755388,0.24668099794052945
2,0.8814639156268048,0.013911242255705317,0.10462484211748997
0,0.9226527662927736,0.014346635859351916,0.06300059784787444
2,0.39812017253216486,0.031133732609522912,0.5707460948583124
2,0.0460621068471108,0.017697181857287136,0.936240711295602
0,0.8760141485385908,0.019898346088101315,0.10408750537330773
0,0.9257010733965176,0.014102184390957628,0.06019674221252467
0,0.9250766020232771,0.013254297804228524,0.061669100172494176
0,0.8091877836977013,0.018068343737535453,0.17274387256476312
2,0.023583103232692703,0.02888666902192689,0.9475302277453804
0,0.5521552092208716,0.07697822443119086,0.37086656634793763
0,0.7770976766103379,0.03163440848625353,0.19126791490340866
2,0.18724333269651983,0.020150646923072935,0.7926060203804073
0,0.9076113599601001,0.01604307607688961,0.07634556396301051
0,0.10626148271100097,0.08156948195323821,0.8121690353357607
2,0.15683662950059515,0.0335396013111049,0.8096237691882999
2,0.032139697997175996,0.021871635219556103,0.9459886667832681
1,0.6235197571407995,0.027093308941350584,0.3493869339178499
0,0.9250766020232771,0.013254297804228524,0.061669100172494176
0,0.8776457569282017,0.013057062482189578,0.1092971805896094
2,0.19262451928728924,0.06468365757869558,0.7426918231340152
0,0.8715422413520661,0.015386709341439559,0.11307104930649443
0,0.9161430372078325,0.01334293651529902,0.0705140262768676
1,0.13658883457787002,0.10742459600309992,0.75598656941903
0,0.7979610935690756,0.023464879822997088,0.17857402660792726
2,0.2407526537041113,0.06201778395076204,0.6972295623451266
0,0.18004485006738907,0.1105844086385325,0.7093707412940787
0,0.9289396710908668,0.011763512320390204,0.05929681658874296
2,0.15419095494330531,0.10512225793333548,0.7406867871233593
0,0.6644790701678086,0.03442504121306746,0.3010958886191241
0,0.6133560289328687,0.07770014736665691,0.3089438237004743
0,0.6401712063059706,0.026657779824325174,0.3331710138697042
2,0.608916317576305,0.08573285497471039,0.30535082744898445
2,0.4779706860265143,0.02801718473530303,0.49401212923818266
0,0.7810453189411577,0.04691725710897731,0.1720374239498649
2,0.2010914583411241,0.04819359409115889,0.7507149475677174
0,0.9216387778733992,0.01303674170972964,0.06532448041687099
2,0.1866079202603765,0.10912474757779794,0.7042673321618256
0,0.8859442017389797,0.013806958010939728,0.10024884025008049
0,0.43421599088222884,0.07025493266474067,0.4955290764530306
2,0.8092009750079723,0.024877040869745612,0.16592198412228246
0,0.6145736772188648,0.08258732916478184,0.3028389936163528
2,0.6049045991060817,0.03977562759184331,0.355319773302075
0,0.9261749784697092,0.013176967955376947,0.06064805357491386
2,0.9289566322349736,0.012597794328807027,0.05844557343621936
0,0.8997269531301845,0.014234103057782168,0.08603894381203327
0,0.9119597374803746,0.01279978737140668,0.07524047514821852
0,0.5507640998490619,0.10062922318830167,0.34860667696263636
0,0.9289396710908668,0.011763512320390204,0.05929681658874296
2,0.15042220453445707,0.10017125964728338,0.7494065358182594
0,0.7939949081619712,0.02043771608027183,0.18556737575775692
0,0.8173125670401497,0.014968511069336068,0.1677189218905137
2,0.05149664002920196,0.021300724626840007,0.9272026353439582
0,0.9219621823723536,0.014483370877636183,0.0635544467500102
0,0.9161364374026166,0.014687386825704273,0.0691761757716783
0,0.8595161865355084,0.029031938343571498,0.11145187512092006
2,0.11703315701094995,0.10561982077241874,0.7773470222166313
2,0.017871828654398167,0.01721330236154851,0.9649148689840533
2,0.2513480122468082,0.05533640913228486,0.693315578620907
2,0.0429231896118198,0.025362497666676167,0.9317143127215037
2,0.6350405091281882,0.025402120070021083,0.33955737080179094
2,0.5998152044476937,0.08213292496500205,0.31805187058730433
0,0.8189017103994816,0.020385278614145425,0.16071301098637303
0,0.9261749784697092,0.013176967955376947,0.06064805357491386
0,0.9261749784697092,0.013176967955376947,0.06064805357491386
1,0.3362821774092778,0.0649710375790005,0.598746785011722
1,0.8853275114741082,0.01732581189098863,0.09734667663490311
0,0.830137123932361,0.01920163543667928,0.15066124063095968
2,0.030984707822712457,0.025968183365072534,0.9430471088122155
2,0.7851058604407942,0.008032645073343739,0.20686149448586197
0,0.5482740614156976,0.10360771948443626,0.3481182190998661
0,0.9226527662927736,0.014346635859351916,0.06300059784787444
0,0.8999089018021185,0.016256711381807936,0.08383438681607296
2,0.030097849606116535,0.023858830669999546,0.9460433197238841
0,0.3345507556455466,0.08604144882911934,0.5794077955253341
0,0.8924806371717469,0.017547743813792708,0.08997161901446028
0,0.887161407530457,0.017882761730100075,0.09495583073944362
2,0.7619570048960264,0.028188546967866237,0.20985444813610735
0,0.9082410359953081,0.016880258714913318,0.07487870528977841
0,0.9289396710908668,0.011763512320390204,0.05929681658874296
0,0.612786428433493,0.08453535335916627,0.3026782182073407
0,0.9200370029208963,0.013969107839234982,0.0659938892398679
0,0.8200533152755205,0.021526083851573036,0.15842060087290652
2,0.5373615408904404,0.10272050025889305,0.3599179588506666
0,0.9261749784697092,0.013176967955376947,0.06064805357491386
0,0.9020417093633804,0.01897054873309389,0.07898774190352569
0,0.9078579528608351,0.013435431479652184,0.07870661565951252
2,0.7684211760278463,0.023347750887464852,0.20823107308468886
0,0.2933634492515483,0.06444212727057066,0.642194423477881
0,0.751042117507656,0.02393122154599746,0.2250266609463464
2,0.027442632322756295,0.025735756725255247,0.9468216109519892
0,0.8023465446696669,0.02276509490973113,0.17488836042060182
2,0.10159557038295469,0.0725458672330762,0.8258585623839692
2,0.6263097562611203,0.0757542593200704,0.2979359844188092
0,0.9231031455953818,0.013549857652956354,0.06334699675166103
0,0.8342537542188291,0.0374487465562152,0.1282974992249557
0,0.7837738487744674,0.021098460061925627,0.19512769116360706
2,0.30452107044046556,0.060861193935975715,0.6346177356235588
0,0.8932618801539471,0.01879085953026606,0.08794726031578652
2,0.7920467142112625,0.025061830230410944,0.18289145555832667
2,0.5763602782766897,0.03546995265992199,0.3881697690633883
0,0.9261749784697092,0.013176967955376947,0.06064805357491386
0,0.8238459656666351,0.03217894160217124,0.14397509273119358
2,0.03898072342892405,0.043744196359414934,0.917275080211661
0,0.6925629769042849,0.03605647830903961,0.27138054478667517
0,0.7185282573065748,0.01795423266968167,0.263517510023743
0,0.4945858482206732,0.06446748395320168,0.4409466678261252
0,0.9250766020232771,0.013254297804228524,0.061669100172494176
0,0.5315294046716985,0.019143354277180155,0.4493272410511212
2,0.035791504056005057,0.03172753416767707,0.9324809617763177
0,0.9250766020232771,0.013254297804228524,0.061669100172494176
0,0.5831658447541337,0.07590370843726724,0.340930446808599
1,0.49546393684357987,0.10297995906380432,0.40155610409261594
0,0.7460085446599612,0.01115304003259819,0.24283841530744035
2,0.2746740787208279,0.055838671372398674,0.6694872499067736
2,0.17121409569430673,0.09554054548043671,0.7332453588252565
0,0.8225742872161592,0.00912306854493897,0.1683026442389018
0,0.9226527662927736,0.014346635859351916,0.06300059784787444
2,0.02508247421987741,0.023592663759195342,0.9513248620209268
0,0.9218835077689587,0.012903464646912489,0.06521302758412985
2,0.04937768841449326,0.043238259316510534,0.9073840522689961
0,0.9231031455953818,0.013549857652956354,0.06334699675166103
0,0.8256875896886211,0.02956410315573299,0.14474830715564577
0,0.7926176561501082,0.025897015478759493,0.18148532837113243
0,0.9231031455953818,0.013549857652956354,0.06334699675166103
2,0.41561474486225736,0.10283291278998215,0.48155234234776056
0,0.9261749784697092,0.013176967955376947,0.06064805357491386
0,0.8141851424292514,0.02338928878022994,0.16242556879051864
0,0.7731096177957151,0.022282632319956707,0.20460774988432823
0,0.9162621819133776,0.014716975523853409,0.06902084256276893
2,0.7004693378371958,0.02309503526417012,0.27643562689863393
0,0.8342537542188291,0.0374487465562152,0.1282974992249557
0,0.3664377118786751,0.08436434382429309,0.5491979442970318
0,0.7683362824392667,0.02572077445925605,0.20594294310147718
0,0.9110358819044436,0.014976133821418856,0.07398798427413834
2,0.16695288594768634,0.09032996950970637,0.7427171445426074
2,0.21071797723595836,0.0524824197779131,0.7367996029861286
0,0.5750899933757547,0.03307154929846009,0.3918384573257855
0,0.8141851424292514,0.02338928878022994,0.16242556879051864
2,0.6923254171146936,0.03390539540977394,0.2737691874755326
0,0.8582085084086454,0.028373494127907815,0.11341799746344682
0,0.9289396710908668,0.011763512320390204,0.05929681658874296
0,0.9223625785961619,0.012584076502386072,0.06505334490145205
0,0.9289396710908668,0.011763512320390204,0.05929681658874296
0,0.9226864339129361,0.013253855598977092,0.06405971048808658
0,0.652458305012251,0.023397646805955245,0.32414404818179365
2,0.03066685468085082,0.027549328878103182,0.9417838164410458
0,0.7843984514941496,0.02054810911960708,0.19505343938624337
0,0.7683362824392667,0.02572077445925605,0.20594294310147718
2,0.5983483586300103,0.04056114939420664,0.3610904919757836
2,0.30253746346724103,0.06590397604317147,0.6315585604895875
2,0.481609182682613,0.08243280480774055,0.4359580125096463
0,0.48800662687786395,0.08022956876683984,0.43176380435529627
0,0.7662493031751191,0.032985771145132785,0.20076492567974827
0,0.9267892742519208,0.012046413872308485,0.06116431187577041
0,0.49389679715128504,0.08070381430939128,0.4253993885393236
2,0.7821508942707858,0.01954730240393017,0.19830180332528421
0,0.9226527662927736,0.014346635859351916,0.06300059784787444
2,0.04111027040749582,0.038356005647790126,0.9205337239447138
0,0.8141851424292514,0.02338928878022994,0.16242556879051864
0,0.9076113599601001,0.01604307607688961,0.07634556396301051
0,0.41716551909017824,0.08751417667552368,0.4953203042342981
0,0.7890461130902355,0.019148570916794557,0.19180531599296993
2,0.6781218453879326,0.026190567879792386,0.295687586732275
0,0.6659221456738375,0.08465414522872239,0.2494237090974403
0,0.9257010733965176,0.014102184390957628,0.06019674221252467
0,0.56850444684724,0.0744352902252023,0.35706026292755766
2,0.9257010733965176,0.014102184390957628,0.06019674221252467
0,0.7670226146338329,0.017613125302782025,0.21536426006338502
0,0.4985003620958916,0.10182584786596824,0.39967379003814046
1,0.07899549367818856,0.11718318988152389,0.8038213164402875
0,0.8264678276433525,0.02134830098787018,0.15218387136877717
0,0.9231031455953818,0.013549857652956354,0.06334699675166103
0,0.8078743868705472,0.012291827645638916,0.17983378548381385
0,0.8205970060405782,0.02235191293405924,0.157051081025363
0,0.9263503404400453,0.0123520921807435,0.061297567379212214
0,0.9226527662927736,0.014346635859351916,0.06300059784787444
2,0.22003569123615202,0.04420206751013017,0.7357622412537178
2,0.49033555903799203,0.10135938035021871,0.4083050606117893
0,0.9076113599601001,0.01604307607688961,0.07634556396301051
2,0.25487784328860685,0.10241118158225725,0.6427109751291359
2,0.4799623043885014,0.09298480113832666,0.4270528944731716
0,0.86263158474598,0.012633195502559372,0.12473521975146028
0,0.9156923484280457,0.014394320172947788,0.0699133313990065
2,0.18568584090594964,0.05129623283525347,0.7630179262587969
0,0.8517149046374642,0.02312493479394915,0.1251601605685865
2,0.27363082558473645,0.06862435654116895,0.6577448178740946
0,0.624232553790745,0.09299764234748459,0.28276980386177025
2,0.03793703079739256,0.03462632170642833,0.9274366474961792
2,0.025145445688781156,0.025601805095478658,0.9492527492157397
2,0.02668676429304543,0.024671644190823103,0.9486415915161311
2,0.03480254612294342,0.026060458973141996,0.9391369949039146
0,0.9231031455953818,0.013549857652956354,0.06334699675166103
0,0.8613500126425795,0.010934785691703135,0.1277152016657173
1,0.32170566275357615,0.0626685760324774,0.6156257612139465
2,0.04937768841449326,0.043238259316510534,0.9073840522689961
0,0.9176856831648839,0.01413831776666323,0.06817599906845284
2,0.5324684739250386,0.04874264001175109,0.4187888860632103
0,0.22408732558160258,0.04111636186941403,0.7347963125489834
0,0.7781988962417101,0.021234461648796714,0.20056664210949346
0,0.7943816741991541,0.036104379674631634,0.16951394612621426
0,0.9257010733965176,0.014102184390957628,0.06019674221252467
0,0.9101872125196274,0.015759276666769267,0.07405351081360335
0,0.6752137218729883,0.023459656543915047,0.30132662158309664
2,0.10580939627484287,0.07922165885092906,0.8149689448742281
0,0.9257542875231074,0.012398794166677754,0.06184691831021571
2,0.8613500126425795,0.010934785691703135,0.1277152016657173
2,0.02435692225384558,0.020560099091414128,0.95508297865474
0,0.9231031455953818,0.013549857652956354,0.06334699675166103
0,0.9263503404400453,0.0123520921807435,0.061297567379212214
0,0.9219621823723536,0.014483370877636183,0.0635544467500102
0,0.9226527662927736,0.014346635859351916,0.06300059784787444
0,0.8223974689565128,0.02248153839943807,0.15512099264404947
0,0.9219621823723536,0.014483370877636183,0.0635544467500102
0,0.8912916880153675,0.019115199851339148,0.08959311213329335
0,0.9289566322349736,0.012597794328807027,0.05844557343621936
2,0.16159853199627394,0.08898157849140721,0.7494198895123187
0,0.8165667287696703,0.014510093778070504,0.16892317745225907
2,0.18693112432301986,0.02801717351038745,0.7850517021665927
0,0.8141851424292514,0.02338928878022994,0.16242556879051864
2,0.2002147011095722,0.07370323530070519,0.7260820635897226
0,0.9257010733965176,0.014102184390957628,0.06019674221252467
2,0.08152001636421344,0.03464027314800475,0.8838397104877815
2,0.5261301662917858,0.0815769928448799,0.39229284086333394
0,0.9021138050404865,0.019264363999928563,0.07862183095958473
2,0.275798758574522,0.0729274416448629,0.6512737997806147
0,0.9263503404400453,0.0123520921807435,0.061297567379212214
0,0.8203743011804479,0.018840914367544693,0.16078478445200772
0,0.8433559206503868,0.013696600033067685,0.14294747931654547
2,0.5401278805522871,0.09555099234891992,0.364321127098793
0,0.9219621823723536,0.014483370877636183,0.0635544467500102
0,0.5151241482624732,0.09949964001474784,0.3853762117227789
2,0.26978062389618296,0.07972367373639587,0.6504957023674212
2,0.04860676832737411,0.038210714730155214,0.9131825169424704
2,0.05389025789078884,0.04658230903322573,0.8995274330759854
2,0.023961364332555846,0.02382555012479546,0.9522130855426484
2,0.018681116279425106,0.01957162765181702,0.961747256068758
0,0.8147199049110526,0.021455247308093516,0.16382484778085382
2,0.032703597703427685,0.029909090759924158,0.9373873115366481
2,0.46075808724450984,0.07224173951355693,0.46700017324193327
2,0.018681116279425106,0.01957162765181702,0.961747256068758
2,0.2589943833520771,0.057095941283993104,0.6839096753639298
0,0.8090748247042614,0.02197590745705745,0.16894926783868128
2,0.7528841319207641,0.019974864524495727,0.22714100355474
0,0.8342537542188291,0.0374487465562152,0.1282974992249557
0,0.9289396710908668,0.011763512320390204,0.05929681658874296
0,0.8567607844506048,0.018074537176704025,0.12516467837269118
0,0.7805544191053698,0.022555683974795192,0.19688989691983483
0,0.676733775321371,0.030482168280376,0.2927840563982528
0,0.9289566322349736,0.012597794328807027,0.05844557343621936
2,0.12667392338414843,0.10317428621375668,0.7701517904020949
2,0.4233806424557395,0.08800373259876833,0.4886156249454921
2,0.611132044116818,0.040677862330300026,0.348190093552882
2,0.15922811363706169,0.11309947943809713,0.7276724069248414
2,0.025278414266724995,0.02138636085072322,0.9533352248825524
0,0.9267892742519208,0.012046413872308485,0.06116431187577041
2,0.24117463477231307,0.054507455286763346,0.7043179099409235
2,0.027623814873038072,0.025452292535218426,0.9469238925917434
0,0.9226527662927736,0.014346635859351916,0.06300059784787444
0,0.8264678276433525,0.02134830098787018,0.15218387136877717
0,0.7619570048960264,0.028188546967866237,0.20985444813610735
2,0.032139697997175996,0.021871635219556103,0.9459886667832681
2,0.213158382174529,0.04747661458200181,0.7393650032434688
1,0.8646814354238627,0.02338273818539045,0.11193582639074695
0,0.2234502087439403,0.048909268187515176,0.7276405230685447
0,0.7970730422679014,0.01673739528382057,0.1861895624482782
2,0.6531533616728806,0.026780528408548797,0.3200661099185705
0,0.9248051868693667,0.012540091255217548,0.06265472187541654
0,0.32598638872137464,0.09161629002790607,0.5823973212507191
0,0.9289396710908668,0.011763512320390204,0.05929681658874296
0,0.5853240477604565,0.08146553013933995,0.3332104221002037
2,0.03387575454845358,0.030474287924348125,0.935649957527198
2,0.018681116279425106,0.01957162765181702,0.961747256068758
2,0.03459638100930961,0.037332671892650604,0.9280709470980398
2,0.8511544177016315,0.011275239498978183,0.13757034279939037
0,0.6573608185232358,0.03650266288180098,0.30613651859496294
0,0.18271257696412035,0.13117834387684607,0.6861090791590339
2,0.7580504895458762,0.02313549606376196,0.21881401439036183
0,0.7673011271433482,0.02847848466819458,0.20422038818845736
2,0.7901280948240891,0.02084119367706658,0.18903071149884446
0,0.9289566322349736,0.012597794328807027,0.05844557343621936
0,0.7378322933628809,0.022161950309699092,0.24000575632741994
2,0.5708046845163702,0.04675793606321658,0.38243737942041334
2,0.6920957742746542,0.03357417066027734,0.27433005506506847
0,0.9203372175824943,0.013933550968395447,0.06572923144910964
0,0.7378322933628809,0.022161950309699092,0.24000575632741994
2,0.27179882719491866,0.04942426439930931,0.6787769084057724
1,0.2897703640857594,0.06266396400030368,0.6475656719139369
0,0.825523454929652,0.012809482757382765,0.16166706231296518
2,0.024831650955233167,0.02107743315095675,0.9540909158938099
0,0.8732894830122966,0.0139160741525915,0.1127944428351119
0,0.20012458681583528,0.04794836839980231,0.7519270447843625
0,0.9231031455953818,0.013549857652956354,0.06334699675166103
2,0.03087745053550102,0.028598474451855104,0.9405240750126439
1,0.6659221456738375,0.08465414522872239,0.2494237090974403
0,0.9267892742519208,0.012046413872308485,0.06116431187577041
2,0.26027468969027895,0.06409923255218658,0.6756260777575346
0,0.8715422413520661,0.015386709341439559,0.11307104930649443
0,0.8982106679052648,0.01708115832993929,0.0847081737647962
0,0.7382951064972676,0.022137764056372005,0.23956712944636055
1,0.5462288849497342,0.09484385890265605,0.35892725614760973
2,0.022450250713781636,0.019343835304862375,0.9582059139813556
2,0.2745854159607728,0.06411586882022499,0.6612987152190023
2,0.303876875235741,0.06874574920754285,0.6273773755567162
2,0.21120517791023455,0.053028785411453255,0.7357660366783122
2,0.13207511953687176,0.09327752688872507,0.7746473535744032
0,0.9219621823723536,0.014483370877636183,0.0635544467500102
2,0.628897001561636,0.022498632987887353,0.3486043654504765
0,0.2399423797448631,0.056467491736934015,0.7035901285182029
1,0.34623442585856445,0.07136615549377584,0.5823994186476598
2,0.11061660802977644,0.08516472613761425,0.8042186658326093
0,0.884689346703846,0.02340926919408737,0.09190138410206661
2,0.2953470537586817,0.0688198416932525,0.635833104548066
0,0.9028022579666191,0.018940350306600795,0.07825739172678005
0,0.6187962107729822,0.09444213174183583,0.28676165748518195
0,0.9193233045383902,0.01473744795226857,0.06593924750934124
2,0.10859015716950393,0.08144033765841843,0.8099695051720776
0,0.9289566322349736,0.012597794328807027,0.05844557343621936
2,0.3140770172363551,0.07260987889020123,0.6133131038734436
0,0.9231229259092715,0.012613669907347495,0.06426340418338095
0,0.8323656765460831,0.029118102615600713,0.13851622083831608
2,0.14141649525190672,0.12297015713337822,0.735613347614715
2,0.2052564834260245,0.051157590149705896,0.7435859264242697
0,0.6580270032039675,0.08106788209896376,0.2609051146970688
0,0.9147191985408696,0.01601708552963069,0.0692637159294997
0,0.9219621823723536,0.014483370877636183,0.0635544467500102
0,0.8598133668237743,0.012603617591123955,0.12758301558510154
2,0.9261749784697092,0.013176967955376947,0.06064805357491386
0,0.9289566322349736,0.012597794328807027,0.05844557343621936
0,0.5283921550860088,0.08083671551645713,0.3907711293975341
0,0.5342472786454393,0.10409207843796375,0.36166064291659705
0,0.7554933927215433,0.021196708691916494,0.2233098985865399
1,0.5824467310753565,0.07871339773034285,0.3388398711943007
0,0.9289396710908668,0.011763512320390204,0.05929681658874296
0,0.49042687356941694,0.08441524119267249,0.42515788523791004
0,0.23609296578164432,0.05460421801075203,0.7093028162076039
0,0.9251534991999408,0.01212932514781073,0.0627171756522483
0,0.2572739097465694,0.05512210807535335,0.6876039821780772
0,0.8847638509734341,0.01938816115840197,0.09584798786816366
2,0.5577940426603446,0.052570406265114424,0.38963555107454084
2,0.14056084227872576,0.04833325676901872,0.8111059009522557
2,0.8223974689565128,0.02248153839943807,0.15512099264404947
2,0.0341026407114362,0.032610782909592025,0.9332865763789718
2,0.7877383881021454,0.04760050972045444,0.1646611021774003
0,0.9267892742519208,0.012046413872308485,0.06116431187577041
2,0.3614181297055167,0.06595827778867226,0.572623592505811
0,0.474560781608401,0.08443857104711482,0.44100064734448424
0,0.9231031455953818,0.013549857652956354,0.06334699675166103
0,0.9200370029208963,0.013969107839234982,0.0659938892398679
0,0.9223625785961619,0.012584076502386072,0.06505334490145205
2,0.025497756625077996,0.022568764493574124,0.9519334788813477
2,0.8632012689286241,0.023549584589130354,0.11324914648224539
0,0.9257010733965176,0.014102184390957628,0.06019674221252467
1,0.5954628010222102,0.08179711419628298,0.3227400847815068
0,0.9250766020232771,0.013254297804228524,0.061669100172494176
0,0.747353674932347,0.03110317630929227,0.2215431487583608
0,0.9250766020232771,0.013254297804228524,0.061669100172494176
2,0.3773100080752917,0.029869163479759226,0.5928208284449492
0,0.9176856831648839,0.01413831776666323,0.06817599906845284
2,0.20369587159395633,0.05033749137741738,0.7459666370286263
2,0.7904162286623747,0.01587851806130818,0.19370525327631705
2,0.13494407016426407,0.08880993280992236,0.7762459970258135
0,0.20369587159395633,0.05033749137741738,0.7459666370286263
2,0.01983125302278219,0.022907902174532216,0.9572608448026856
2,0.6029925663304586,0.09756536092592698,0.2994420727436144
0,0.8599519211390183,0.02948489954798211,0.11056317931299951
0,0.4725256383953792,0.08197335274036889,0.44550100886425203
0,0.8760141485385908,0.019898346088101315,0.10408750537330773
0,0.17888454722025823,0.02920748727785999,0.7919079655018816
0,0.9261749784697092,0.013176967955376947,0.06064805357491386
0,0.3400188595791456,0.03588280702720605,0.6240983333936483
1,0.14020727487219264,0.10264522408328529,0.757147501044522
0,0.624530435650212,0.0271460531576588,0.3483235111921292
0,0.7700981325861104,0.02337644947336703,0.20652541794052268
2,0.23661384884933198,0.05787325260069839,0.7055128985499698
0,0.4469929477227172,0.08792464209791183,0.46508241017937096
0,0.8501977910798841,0.010219658108113957,0.13958255081200158
0,0.9289566322349736,0.012597794328807027,0.05844557343621936
2,0.9219621823723536,0.014483370877636183,0.0635544467500102
0,0.9289566322349736,0.012597794328807027,0.05844557343621936
2,0.21071797723595836,0.0524824197779131,0.7367996029861286
2,0.8099283830723931,0.022645385370790475,0.16742623155681632
2,0.0947628546149579,0.12130405563518708,0.783933089749855
2,0.023229749385593076,0.0193808706457861,0.957389379968621
0,0.8995479840241054,0.013072238681748144,0.08737977729414638
0,0.9069082839030231,0.013078797039862523,0.08001291905711426
2,0.02153111617091865,0.0208703370846051,0.9575985467444762
2,0.44856231989924467,0.09399241040557806,0.4574452696951772
0,0.8264678276433525,0.02134830098787018,0.15218387136877717
0,0.9289566322349736,0.012597794328807027,0.05844557343621936
0,0.5503763429748145,0.05630591112098636,0.3933177459041991
0,0.5596366619732802,0.0856334838418885,0.3547298541848312
0,0.1647440580436854,0.12102014875144095,0.7142357932048737
0,0.8225599430258419,0.017464837348537602,0.15997521962562036
0,0.9261749784697092,0.013176967955376947,0.06064805357491386
0,0.7864392131991571,0.017016221294501522,0.1965445655063411
1,0.5236938030711549,0.09719616042921846,0.37911003649962655
0,0.1599256879793702,0.0963688236845979,0.743705488336032
0,0.8007337458961428,0.019117544254249358,0.18014870984960785
0,0.82471388049346,0.03462069460214783,0.14066542490439213
2,0.009845603044129658,0.00859225275960724,0.9815621441962631
2,0.6511209845571881,0.08459087172631621,0.2642881437164956
0,0.273612929275098,0.06300190953004957,0.6633851611948522
0,0.9289396710908668,0.011763512320390204,0.05929681658874296
2,0.05512333133690671,0.026758406347083052,0.9181182623160102
0,0.9233898373676378,0.01338769578279809,0.06322246684956397
2,0.018681116279425106,0.01957162765181702,0.961747256068758
0,0.9226527662927736,0.014346635859351916,0.06300059784787444
2,0.8223974689565128,0.02248153839943807,0.15512099264404947
0,0.5657354094659929,0.0864691822404366,0.34779540829357064
0,0.2563320546913313,0.052035160721880636,0.6916327845867878
2,0.02364912474643627,0.019270901623566407,0.9570799736299973
0,0.9219621823723536,0.014483370877636183,0.0635544467500102
0,0.9186723065091964,0.014034681220498528,0.06729301227030478
0,0.8997246106883064,0.02099553974512596,0.0792798495665676
2,0.024787197152018412,0.03144536860049402,0.9437674342474875
0,0.7837536771617853,0.020259967178306283,0.1959863556599079
