target,prediction_0,prediction_1,prediction_2
2,0.14134858115917479,0.06563964064936609,0.793011778191459
0,0.8003557450078579,0.021856085360785763,0.1777881696313561
0,0.9205762042485025,0.01566517106042265,0.06375862469107478
2,0.2880005194365193,0.10470057430939507,0.6072989062540858
0,0.668913523239807,0.033539989425746194,0.29754648733444655
0,0.7610829128427102,0.02256580338212639,0.2163512837751635
0,0.8448935717400937,0.021147956320253996,0.13395847193965235
2,0.05903768300965064,0.05457406671096679,0.8863882502793825
0,0.9322911387046589,0.008430933341503369,0.059277927953837704
1,0.3517985956428788,0.06585298436745578,0.5823484199896655
2,0.07601983377082891,0.010264105642256901,0.9137160605869141
0,0.7719597138481861,0.018191084593299312,0.20984920155851466
0,0.7999740164700203,0.021524904174881152,0.1785010793550984
0,0.9023243151628653,0.014306085093906778,0.08336959974322784
0,0.884441523030404,0.028121338115786168,0.08743713885380981
2,0.3870693572297463,0.05544255580211955,0.5574880869681342
0,0.890844434999722,0.014528132725898823,0.09462743227437917
2,0.4524967273173464,0.11222451763303697,0.43527875504961655
0,0.9107191829468582,0.016900714547752882,0.07238010250538877
2,0.35939279895481047,0.06246298563522845,0.5781442154099609
0,0.7770149097101552,0.025060994557602554,0.19792409573224212
1,0.484584600416491,0.07764340922865168,0.4377719903548576
2,0.2211196958904626,0.04008508698742546,0.7387952171221119
0,0.9198240607139968,0.01613458074599821,0.06404135854000499
0,0.5851280415956671,0.08286972801904034,0.3320022303852922
0,0.9220319810763042,0.014484889713008474,0.06348312921068712
0,0.9362080409720234,0.011598536034657247,0.05219342299331939
0,0.9345062713814186,0.013682845476788549,0.051810883141792864
0,0.5734647651794696,0.05956722953092488,0.36696800528960555
0,0.9221916574143587,0.011398766958146931,0.06640957562749428
2,0.25607785278819756,0.07502878254328102,0.6688933646685215
2,0.3289255461515669,0.03454012059875735,0.6365343332496757
0,0.44240402585164224,0.11039657460796029,0.44719939954039734
2,0.4856677233153304,0.06982174885915725,0.44451052782551237
0,0.7117664114836865,0.06152585121861252,0.22670773729770105
2,0.2282208622084143,0.06002499614806563,0.71175414164352
2,0.6042609373600222,0.0347145901081797,0.36102447253179815
0,0.868843767793086,0.03192663207278167,0.09922960013413218
0,0.5144408388693726,0.046079620272148285,0.439479540858479
0,0.5029284714134872,0.043797438793325816,0.4532740897931872
0,0.8981806369944192,0.017494308010941508,0.0843250549946393
2,0.38679584817165785,0.15904177269356082,0.4541623791347812
0,0.7547675293488514,0.018585724324909476,0.22664674632623916
0,0.961804750359269,0.004766616335296481,0.033428633305434594
0,0.9396564689446543,0.010775733043956067,0.04956779801138965
0,0.7599997172086509,0.03238211249946473,0.20761817029188429
0,0.8866141789497218,0.00989360172843626,0.10349221932184183
2,0.7911086912413322,0.027597672480782192,0.18129363627788544
0,0.7403186236758509,0.02070968039447142,0.23897169592967762
2,0.45994322514541847,0.06981786608905602,0.47023890876552565
0,0.903244000725081,0.02595033891149013,0.07080566036342847
0,0.9278529516692572,0.014455486453471403,0.05769156187727128
2,0.21356534647762979,0.06042324385814131,0.7260114096642288
2,0.4192960084551437,0.057442533602137,0.5232614579427194
2,0.34000681095151003,0.04396044334955406,0.6160327456989358
0,0.9159851317889929,0.019516497390174577,0.06449837082083246
0,0.7526975318501182,0.040455684346203724,0.20684678380367807
0,0.6439476718808667,0.10422079839531745,0.25183152972381595
0,0.921594913112315,0.012438362495555664,0.06596672439212922
0,0.8872974773768787,0.028355435706068192,0.08434708691705313
1,0.7102342832231355,0.040394094890611465,0.2493716218862531
2,0.7486126775498028,0.03544237020599366,0.21594495224420354
0,0.8056684931871597,0.024957400327408123,0.16937410648543225
2,0.06180110436753134,0.013063765955823349,0.9251351296766449
2,0.22845244076322221,0.047518844942683325,0.7240287142940947
2,0.0,0.002976190476190476,0.9970238095238094
1,0.7936058829798559,0.02139429568985534,0.1849998213302886
2,0.43375137314131607,0.04651196707347945,0.5197366597852047
2,0.20029700287636437,0.07172588676372055,0.7279771103599151
0,0.7757296779810132,0.02873035425612864,0.19553996776285815
0,0.9424736246574895,0.007437584077231964,0.05008879126527853
0,0.8457516377303239,0.01715735154622529,0.1370910107234507
0,0.941312714961039,0.009554816925266982,0.04913246811369418
0,0.9269792763239134,0.015415571431684505,0.057605152244401873
2,0.0002959163543105149,0.00025025025025025025,0.9994538333954393
2,0.10834448120059711,0.02137726828155669,0.8702782505178461
0,0.9329118450598719,0.009053088305903827,0.05803506663422432
0,0.5155316922392743,0.03791039457554144,0.4465579131851842
0,0.8457757564992464,0.013856578860609254,0.14036766464014402
0,0.8580278271111575,0.022943642920070374,0.11902852996877193
0,0.5484749797211498,0.03797040013084716,0.4135546201480029
2,0.8605603790531914,0.012948288581778945,0.12649133236502963
1,0.6442325214537481,0.016735222729537855,0.339032255816714
0,0.746760378245405,0.04315375374827259,0.21008586800632226
0,0.7202320493751762,0.03400825373182862,0.24575969689299515
2,0.6303556574649691,0.06034184521153095,0.30930249732349996
0,0.9332843791366164,0.008917369301112381,0.057798251562271113
2,0.1776814621688824,0.07396909235957465,0.7483494454715428
0,0.9332170945631009,0.012318836275559727,0.05446406916133942
0,0.7153032768366853,0.03225128673005062,0.25244543643326417
0,0.8503346363420989,0.0,0.14966536365790095
0,0.6330964945344684,0.06070944054081667,0.306194064924715
0,0.7549812212825845,0.03413079548585322,0.2108879832315622
0,0.932969421198746,0.013162710567087291,0.05386786823416647
0,0.9325746673984702,0.014538427071206167,0.05288690553032333
0,0.8875032836090632,0.014171298383804369,0.09832541800713229
0,0.9369772916123498,0.010517906201608121,0.05250480218604216
2,0.025081724691935415,0.07236900679502699,0.9025492685130377
0,0.8805215193576563,0.02794302162985288,0.09153545901249059
0,0.6538926384965604,0.060175762981300326,0.28593159852213923
2,0.06726336958535101,0.07146831496676698,0.861268315447882
2,0.047750631152427,0.008566953513381674,0.9436824153341913
2,0.04469552013943697,0.05364691059530358,0.9016575692652592
2,0.08638450449563959,0.03633151354498629,0.877283981959374
0,0.9369772916123498,0.010517906201608121,0.05250480218604216
0,0.9219369224696738,0.014937086773772798,0.06312599075655294
0,0.9312699662082985,0.013076568784028787,0.05565346500767199
2,0.5989727490365626,0.05956902169076957,0.3414582292726677
0,0.47085354953352676,0.05969498064777055,0.46945146981870256
2,0.18474810023964675,0.04644851028746703,0.7688033894728863
0,0.8948874208615133,0.02584664377453927,0.07926593536394752
2,0.27715354279934723,0.07667562216121238,0.6461708350394403
0,0.7685284598288745,0.03156972175436936,0.19990181841675636
2,0.18510082046875873,0.05721859896465388,0.7576805805665874
0,0.9304106535590007,0.011667901403309784,0.05792144503768886
0,0.5830964329508875,0.03109618802620896,0.38580737902290374
0,0.9330543913792185,0.010151190848574741,0.056794417772206576
0,0.9340453809946433,0.010071731091699287,0.055882887913657316
0,0.9297551646002817,0.013738614881428822,0.056506220518289116
2,0.3508355919748325,0.08133424088294754,0.5678301671422199
0,0.9148093130963179,0.011242258418785572,0.0739484284848965
0,0.911307675723958,0.017728520657726832,0.07096380361831515
0,0.7448926218593362,0.03387928371002648,0.2212280944306372
0,0.9376363850866178,0.0098990475465161,0.052464567366865895
0,0.7273907215569695,0.026875123401254815,0.2457341550417756
0,0.712578935729805,0.050239527880943324,0.2371815363892515
0,0.8003472578832013,0.018517866042309164,0.1811348760744894
0,0.8306681483249383,0.020184417915062678,0.14914743375999903
2,0.3434885204278718,0.06961803228437609,0.5868934472877522
0,0.8929639504438907,0.023556021163788392,0.08348002839232092
2,0.1892156926868018,0.03235418713568514,0.7784301201775131
0,0.6681719628221527,0.028422201447096358,0.3034058357307511
2,0.053822664818981,0.041283017976592694,0.9048943172044259
0,0.922144377612438,0.015109520220402734,0.06274610216715931
2,0.7154028012465639,0.08939701816767918,0.19520018058575675
2,0.5545919261469947,0.04141503082563317,0.40399304302737216
0,0.717955182976959,0.06647078617335724,0.21557403084968357
0,0.9536736246574895,0.005304250743898632,0.04102212459861186
0,0.943812880710718,0.009631553153800203,0.046555566135481743
2,0.7480280866192764,0.01298245626621391,0.23898945711450975
0,0.474428178556111,0.08102458761492254,0.4445472338289666
0,0.2862831197131682,0.06551566984415828,0.6482012104426734
0,0.7766412460804336,0.03531626018424393,0.1880424937353224
0,0.3656057879799282,0.04064691637190483,0.593747295648167
0,0.8408377837446961,0.027672104901927584,0.13149011135337638
0,0.9172053891359456,0.00599176788666053,0.0768028429773938
2,0.2423213692289393,0.050182052835746685,0.707496577935314
0,0.9239674054671261,0.013298669626958155,0.06273392490591538
0,0.8094083760999902,0.034355336649431696,0.156236287250578
2,0.23727908602671893,0.059130697590116986,0.703590216383164
0,0.941312714961039,0.009554816925266982,0.04913246811369418
2,0.34758242407734563,0.06514280310592768,0.5872747728167268
0,0.9380365164287148,0.011669603219578786,0.05029388035170605
0,0.8783173312121558,0.012109486411594253,0.10957318237624965
0,0.5776860665567874,0.026311563886109748,0.3960023695571029
0,0.7084825152530249,0.02902444353992303,0.2624930412070519
2,0.13259984001359654,0.05389077969615093,0.8135093802902527
2,0.07400842657822745,0.01215986394557823,0.9138317094761943
2,0.7655632233625896,0.020925700347855215,0.21351107628955515
0,0.9122340886639003,0.01527925614912947,0.07248665518697028
0,0.1324681840820441,0.030732491578871795,0.8367993243390843
0,0.9356026771032611,0.00975904894045394,0.054638273956285156
2,0.8111361245007077,0.024979931172579253,0.16388394432671288
2,0.7180516378015928,0.03687632226724407,0.24507203993116336
0,0.7687133994136672,0.021971198007113238,0.20931540257921963
2,0.3621693454389447,0.05986572084714628,0.5779649337139091
0,0.9245586901991919,0.015617455258911186,0.05982385454189684
2,0.016544528172595552,0.01092538876177111,0.9725300830656334
2,0.6982819144004658,0.03214148064468526,0.2695766049548489
0,0.9205819350753564,0.016390605944816197,0.06302745897982717
0,0.606334183383558,0.06383874807995528,0.32982706853648686
1,0.3901085183801347,0.059207853427625315,0.55068362819224
2,0.254235003217736,0.04559868122814148,0.7001663155541226
0,0.7177908829555087,0.04679244636089515,0.235416670683596
2,0.44419463090213024,0.09299442147902727,0.46281094761884245
2,0.18068508119895424,0.045792520598522346,0.7735223982025232
0,0.9152907893947496,0.027131424847241643,0.057577785758008794
0,0.22894822319599833,0.04750888873808264,0.7235428880659188
2,0.2997479467800863,0.0699886140486553,0.6302634391712586
0,0.9353540392599242,0.010474157230074521,0.0541718035100013
0,0.3692891510950456,0.059320493309119135,0.5713903555958354
0,0.5357373091132196,0.07753582667129581,0.3867268642154845
2,0.02877577502631688,0.002438520911427315,0.9687857040622555
0,0.9384970674551258,0.01290595567463582,0.048596976870238326
2,0.31828137739864404,0.08617101573374313,0.595547606867613
2,0.4121321605722718,0.055901591910910285,0.531966247516818
1,0.605869644049403,0.07881810455325221,0.3153122513973448
0,0.38372042132533074,0.05114252933946633,0.5651370493352028
2,0.5166398947032192,0.03785904423074427,0.44550106106603643
2,0.49618286486820873,0.08619994446345414,0.41761719066833713
0,0.6487044293073198,0.07520837623006822,0.2760871944626121
0,0.9357811100153319,0.011112900537175103,0.05310598944749285
0,0.5762097150975883,0.037719007085801455,0.3860712778166104
2,0.26261615685500056,0.06289658523524598,0.6744872579097534
2,0.37271569365526436,0.0764886908443068,0.5507956155004284
0,0.9014289937645368,0.00989360172843626,0.08867740450702702
0,0.580451467006871,0.06291828526939831,0.35663024772373064
0,0.9287246511061416,0.013795206470049297,0.057480142423808986
2,0.6701846997982356,0.02383803696144038,0.305977263240324
0,0.9298571751035795,0.012952443082414675,0.057190381814005736
0,0.8768022004687833,0.013437189234944505,0.10976061029627207
0,0.9321924140865883,0.013732798781760211,0.05407478713165139
2,0.8110137089152174,0.030382384627291602,0.15860390645749126
0,0.9298229399854878,0.0140514132757234,0.056125646738788594
0,0.7678396660994414,0.02022369311935719,0.21193664078120142
0,0.3821089492731413,0.033293911001077245,0.5845971397257814
0,0.9129154151265787,0.0063403808085034565,0.08074420406491795
2,0.4155543376770998,0.08045102098810539,0.5039946413347948
0,0.9316862574581247,0.011955221618125707,0.056358520923749274
2,0.10834113003736237,0.01452871807944152,0.8771301518831959
0,0.9220958714403831,0.017205948980727984,0.060698179578888956
2,0.8396629307737842,0.03736262409830865,0.1229744451279072
2,0.19292127806840006,0.06708711245664511,0.7399916094749547
2,0.11614888330178649,0.025793991569765282,0.8580571251284483
0,0.6814655438962365,0.05813738252201326,0.2603970735817503
0,0.8191204479024923,0.03922165000751522,0.14165790208999235
0,0.92393022863546,0.01253061294773157,0.06353915841680846
0,0.6859679502412547,0.04536598541786259,0.26866606434088264
2,0.8953595792653799,0.011913678395815521,0.09272674233880468
0,0.9109608160261612,0.019647667049635005,0.0693915169242038
0,0.3189868881418982,0.06835706291129695,0.6126560489468049
0,0.9124481351331797,0.005766587077635482,0.08178527778918489
2,0.8975048316086839,0.015684760393301102,0.08681040799801508
2,0.3914039049938148,0.045567268877567235,0.563028826128618
2,0.14837406585662238,0.038033298224693236,0.8135926359186842
0,0.9304746740576275,0.01219309671881504,0.05733222922355691
0,0.9119407927639623,0.014807956422132729,0.07325125081390443
2,0.4315960471698119,0.036720012662999464,0.5316839401671889
2,0.1596200787396767,0.03377237092139279,0.8066075503389303
2,0.2364535502023497,0.07245168163236153,0.6910947681652887
0,0.8343205900400044,0.023470716668780027,0.14220869329121563
2,0.02018077249012661,0.025022867774947572,0.9547963597349257
0,0.8671501806033376,0.046295376924830704,0.08655444247183162
0,0.905913671999021,0.007760676771568997,0.08632565122941015
0,0.15313235294117647,0.06352941176470588,0.7833382352941176
0,0.5635084085536084,0.03167910988371516,0.40481248156267635
2,0.5302493133453599,0.02669790103791425,0.44305278561672573
2,0.9213342600992287,0.009282370552453656,0.0693833693483176
0,0.9371248849834933,0.009873123515842998,0.0530019915006632
2,0.6061917610909194,0.009325964424774066,0.38448227448430633
2,0.2775716419359931,0.05024565735814886,0.6721827007058581
0,0.7936837460278686,0.03520649352864844,0.17110976044348294
0,0.9368263985776296,0.009408016367934565,0.053765585054435516
0,0.9423813144552262,0.007824228284405984,0.04979445726036792
0,0.8367624460383143,0.021685590728856147,0.14155196323282965
2,0.03850809084729182,0.03365229312796224,0.9278396160247462
0,0.47685211957612156,0.06469568072306112,0.45845219970081724
0,0.7747881357605919,0.029361027888032173,0.19585083635137587
2,0.20923201861920612,0.02516711873931358,0.7656008626414804
0,0.9104550879115374,0.014763022522329979,0.07478188956613253
0,0.25774512118300064,0.08246276498667184,0.6597921138303271
2,0.26317991272360336,0.02874208995459848,0.7080779973217982
2,0.12411117172065238,0.03484293245918523,0.841045895820162
1,0.24810841781705706,0.030829430652556195,0.7210621515303867
0,0.941178031382999,0.010344189534922124,0.04847777908207892
0,0.8697391208417273,0.018978451917508726,0.11128242724076427
2,0.36084929597140186,0.07526382163257239,0.5638868823960257
0,0.9173215402077081,0.010625905270614435,0.07205255452167741
0,0.9054055509669003,0.004425230131032404,0.09016921890206722
1,0.3044047880231255,0.08970000833354884,0.6058952036433256
0,0.773975326454015,0.03250632607819154,0.1935183474677935
2,0.423604775745126,0.07095369980042698,0.505441524454447
0,0.4106011398809253,0.0325825622984061,0.5568162978206687
0,0.9297561676882556,0.01288712449321651,0.057356707818527634
2,0.2647179049992349,0.021274619100706056,0.7140074759000591
0,0.5533911294215944,0.040059224056874,0.40654964652153147
0,0.5833172752602048,0.09247928316181232,0.3242034415779828
0,0.6341062372152076,0.029743458542101312,0.33615030424269116
2,0.5033171184645777,0.07795274596861199,0.4187301355668104
2,0.04461832635863461,0.01954438397541253,0.9358372896659528
0,0.8007652215967784,0.0445892761870891,0.15464550221613232
2,0.24403938820169055,0.04995011382599492,0.7060104979723145
0,0.926811345026859,0.014474784421695319,0.058713870551445634
2,0.38261742798115106,0.06396026181145935,0.5534223102073896
0,0.8916666625283778,0.016189407393048992,0.09214393007857324
0,0.6969609533982369,0.06696742788228874,0.23607161871947424
2,0.8159395294445797,0.024420735225152083,0.15963973533026812
0,0.7363256865227975,0.04235202239389776,0.22132229108330473
2,0.4083865820021902,0.08382178520589875,0.5077916327919113
0,0.9283697312527214,0.011401394240142656,0.060228874507135655
2,0.9373778878853747,0.010146813775382943,0.052475298339242214
0,0.8541321571322145,0.02717882489498177,0.11868901797280411
0,0.9284615594368246,0.01070098737421426,0.06083745318896101
0,0.5847280289810133,0.05861843068103468,0.35665354033795216
0,0.934166312148168,0.014031879456851526,0.05180180839498052
2,0.14997558055132332,0.04385994473929712,0.8061644747093795
0,0.4712263408702383,0.04387999121318307,0.48489366791657856
0,0.9179055509669004,0.004425230131032404,0.07766921890206721
2,0.06855156340330383,0.03563824552653456,0.8958101910701616
0,0.933811958004208,0.013154765692201526,0.053033276303590476
0,0.8775127149610389,0.01742148359193365,0.10506580144702751
0,0.8842855253107774,0.023862112673052722,0.09185236201616973
2,0.175629078237758,0.07977559772947211,0.74459532403277
2,0.010998595633232662,0.030817500323571716,0.9581839040431955
2,0.3731433284183125,0.029655774122351812,0.5972008974593357
2,0.2811978420756143,0.03769507634778531,0.6811070815766005
2,0.42720276195433293,0.048894370722607,0.52390286732306
2,0.5415004335016979,0.07046672890328433,0.38803283759501744
0,0.8364728248370316,0.020411750872858365,0.1431154242901103
0,0.9260957379954062,0.01288438012590588,0.06101988187868774
0,0.9285789627267399,0.01308574503195918,0.05833529224130075
1,0.5278499561240139,0.15302485636994748,0.31912518750603863
1,0.7932507641695882,0.027675813904493054,0.1790734219259186
0,0.8365530207281441,0.018861272820158582,0.14458570645169727
2,0.10253249757389082,0.037316479664502404,0.8601510227616066
2,0.8475945302463026,0.011140719347703285,0.14126475040599407
0,0.4578475161090294,0.07551918493578456,0.46663329895518624
0,0.9315497607790577,0.010805219539147575,0.0576450196817943
0,0.8661738173595657,0.018160930188900033,0.11566525245153432
2,0.2802601332923484,0.09433772822306498,0.6254021384845866
0,0.633350923346401,0.052905126754299384,0.3137439498992996
0,0.8812089355899404,0.019293955584109585,0.09949710882595002
0,0.8943104493217474,0.01827829108381905,0.08741125959443354
2,0.7370681521285611,0.028757115853303532,0.23417473201813516
0,0.9082383949367563,0.025793003829065297,0.06596860123417829
0,0.9339477162814207,0.013303732885394819,0.05274855083318428
0,0.5378950641300174,0.09080955025902981,0.3712953856109529
0,0.9019010510830838,0.01529748329096497,0.08280146562595112
0,0.7936058829798559,0.02139429568985534,0.1849998213302886
2,0.5736525276347969,0.06944694147330405,0.35690053089189877
0,0.935031884489253,0.009311786949741677,0.05565632856100519
0,0.8777067662347564,0.037861313525642974,0.08443192023960035
0,0.890452301270327,0.015692637911922252,0.09385506081775061
2,0.7057775416918095,0.03686753428186797,0.2573549240263225
0,0.4790839633422903,0.03977390601612902,0.4811421306415806
0,0.5573011578630586,0.054005349456050684,0.38869349268089076
2,0.2044513905297531,0.07209840522698213,0.7234502042432646
0,0.7751424938454425,0.020185122774405893,0.2046723833801517
2,0.38523587848606966,0.09413028927527492,0.5206338322386556
2,0.43869571133821045,0.0470562855050274,0.5142480031567621
0,0.9519440064124975,0.009093918745198052,0.03896207484230447
0,0.8020891958550507,0.047130943691187414,0.15077986045376174
0,0.7135915120785986,0.01705009674410062,0.2693583911773008
2,0.6421289322761781,0.0735633815687375,0.28430768615508456
0,0.8815226539861072,0.028023584037567183,0.09045376197632568
2,0.6908648508587051,0.05043990635189368,0.2586952427894012
2,0.5206500889333147,0.04716720437132291,0.43218270669536246
0,0.9301164472069178,0.010386013631896564,0.059497539161185505
0,0.8621321475407739,0.03545096852079005,0.10241688393843595
2,0.1238617368232603,0.06256289659516052,0.8135753665815793
0,0.5006486057253433,0.061321664722700314,0.43802972955195635
0,0.6444176667135024,0.025834242885787177,0.3297480904007103
0,0.7563652900296111,0.02436846955687503,0.21926624041351372
0,0.9213926532307156,0.017760545353093914,0.06084680141619052
0,0.5353369845774475,0.026230546413127317,0.4384324690094253
2,0.15141304833678218,0.07437875526926102,0.7742081963939569
0,0.9412460945156134,0.008294153096436057,0.050459752387950654
0,0.6198670285052378,0.08720701850321189,0.29292595299155016
1,0.38349436117803026,0.06343212505118478,0.553073513770785
0,0.6313877421801244,0.029639257759579225,0.33897300006029635
2,0.540942650329135,0.030419634044680174,0.428637715626185
2,0.3709475575822792,0.058613675889268954,0.5704387665284518
0,0.8449099209361778,0.012927878583942376,0.1421622004798797
0,0.9321876289719829,0.01119433196472703,0.05661803906328929
2,0.1067440421742474,0.04001687578481998,0.8532390820409324
0,0.9207609445792524,0.013795943517556999,0.06544311190319048
2,0.12374753635017059,0.03900603541384569,0.837246428235983
0,0.941312714961039,0.009554816925266982,0.04913246811369418
0,0.8652847079958702,0.0316791255604008,0.10303616644372908
0,0.711234885744763,0.0360216990860156,0.25274341516922133
0,0.9426519710142675,0.01174878600183522,0.04559924298389739
2,0.29676731726334565,0.07207292289326295,0.6311597598433915
0,0.9338196605627291,0.011028016701461437,0.05515232273580915
0,0.833371799281741,0.02408614074747471,0.14254205997078417
0,0.7638547663722137,0.02556117255699189,0.2105840610707943
0,0.902827196236994,0.01562606821315698,0.08154673554984893
2,0.370247697055162,0.0421606652650464,0.5875916376797918
0,0.8558473201820032,0.031013960705239686,0.11313871911275727
0,0.361876062049542,0.06996442168375423,0.5681595162667038
0,0.6757163320895071,0.04889038236537233,0.27539328554512066
0,0.8687584185343671,0.026118557041468957,0.10512302442416377
2,0.3874658961820008,0.05438730299307611,0.5581468008249232
2,0.37783419042806504,0.04820783146509115,0.5739579781068437
0,0.45070833720364495,0.02085412678311625,0.5284375360132388
0,0.8059334550898524,0.03046083181156799,0.16360571309857952
2,0.4707403578774446,0.07458902296317503,0.4546706191593803
0,0.8739373423209513,0.03802630541847571,0.08803635226057287
0,0.9340801711644172,0.013227654641333129,0.05269217419424937
0,0.9234474739807204,0.014451928664166627,0.062100597355112835
0,0.9335096034935434,0.01122719639015908,0.05526320011629759
0,0.9245685739437212,0.014187408481351553,0.061244017574927305
0,0.6596377813856747,0.03179295428698071,0.3085692643273446
2,0.11110397149308815,0.053638210831959035,0.8352578176749528
0,0.7059859995087239,0.027742011131645265,0.26627198935963103
0,0.6984409546066708,0.039169768473105084,0.26238927692022407
2,0.1527880761812365,0.04408659898594412,0.8031253248328193
2,0.40292312673368186,0.04662654263668915,0.5504503306296291
2,0.477477947317542,0.05928960411308589,0.463232448569372
0,0.39784344168648283,0.06705302235860218,0.535103535954915
0,0.7268629644892463,0.03944265437414872,0.2336943811366049
0,0.9280369788628677,0.013479376878817737,0.05848364425831459
0,0.3899929867659209,0.061515576750917886,0.5484914364831612
2,0.6600477875365053,0.02931693634045826,0.31063527612303626
0,0.9319290482572079,0.014368336393966709,0.053702615348825075
2,0.1923556755363922,0.0926696786978052,0.7149746457658026
0,0.8323127669266911,0.02700211937787782,0.1406851136954309
0,0.9110262783887714,0.019286749041451202,0.06968697256977736
0,0.5688258607620117,0.07506142381588063,0.3561127154221077
0,0.6213640815484812,0.03189330284783876,0.3467426156036801
2,0.6710646361968605,0.043781155192732506,0.285154208610407
0,0.582536383853536,0.06911780374256513,0.348345812403899
0,0.876457868224054,0.011776689546715478,0.1117654422292303
0,0.5537019660584716,0.08171211312564791,0.3645859208158807
2,0.9383800294790234,0.009101290042313807,0.052518680478662566
0,0.6452323502296565,0.01583263378005632,0.3389350159902876
0,0.5193759456604095,0.08858175944416144,0.3920422948954289
1,0.1574378523346926,0.11785335418142326,0.7247087934838842
0,0.835746739455774,0.023817498304631576,0.14043576223959436
0,0.9426519710142675,0.01174878600183522,0.04559924298389739
0,0.8641093117918647,0.01363005431556855,0.12226063389256654
0,0.7969446644176125,0.02616542422991517,0.17688991135247242
0,0.913850236812399,0.014529523863832714,0.07162023932376838
0,0.9329530722404537,0.00936223905202244,0.05768468870752337
2,0.3149087756292173,0.04114501696096627,0.6439462074098161
2,0.2880724002966999,0.06611453180398025,0.6458130678993199
0,0.913365229318735,0.01778645735221505,0.06884831332904971
2,0.6515571016964097,0.0667877193586982,0.281655178944892
2,0.4725413052671771,0.08970611934375813,0.4377525753890648
0,0.9028991703907653,0.006283527932326624,0.09081730167690807
0,0.9068300433900193,0.01810871647075774,0.07506124013922302
2,0.6240577283100358,0.07627037150935559,0.29967190018060835
0,0.7232296603065879,0.054299602402671954,0.22247073729074027
2,0.23166258473599496,0.038515954299215484,0.7298214609647893
0,0.5752371197840914,0.05112768869441558,0.37363519152149294
2,0.21409669731389996,0.04956967891621139,0.7363336237698886
2,0.05256027814643728,0.021573753899219474,0.9258659679543432
2,0.0,0.002976190476190476,0.9970238095238094
2,0.12029300571552604,0.04116699581354754,0.8385399984709265
0,0.941312714961039,0.009554816925266982,0.04913246811369418
0,0.9095286640780998,0.009433388781098567,0.08103794714080151
1,0.4592397474573194,0.07697716106879712,0.4637830914738835
2,0.2254462159134465,0.056482333028828456,0.718071451057725
0,0.9146170595658415,0.018807448663346094,0.0665754917708126
2,0.6192760046402982,0.05206402846704572,0.3286599668926562
0,0.2563710790648853,0.028419847612207297,0.7152090733229072
0,0.6849698304890787,0.02875485003084022,0.28627531948008106
0,0.8428999002411519,0.03008406397271033,0.1270160357861375
0,0.9333647998131926,0.009838920394447732,0.056796279792359586
0,0.8079623374303823,0.017179194869835348,0.17485846769978225
0,0.531987258320622,0.032574616967445,0.4354381247119329
2,0.2852718223719068,0.05985200927482003,0.654876168353273
0,0.9308741081774652,0.011628983805877569,0.057496908016657154
2,0.8754210211786106,0.015283504091984566,0.10929547472940492
2,0.1246036878856009,0.04632113766122732,0.8290751744531718
0,0.9536736246574895,0.005304250743898632,0.04102212459861186
0,0.9348589727221931,0.012421206446734738,0.05271982083107195
0,0.9271558257255951,0.013620163146869589,0.059224011127535336
0,0.9322941219527281,0.013424418907196357,0.054281459140074935
0,0.8615545322024397,0.017618014136716702,0.12082745366084358
0,0.9158102827870664,0.01797885220430525,0.06621086500862822
0,0.8616825428145728,0.03741231194238269,0.10090514524304443
0,0.9374869383563459,0.011398484587276657,0.05111457705637719
2,0.269736740785105,0.06919501691435376,0.6610682423005413
0,0.9153468469176275,0.012519206747724342,0.072133946334648
2,0.13059735262657157,0.03365795730257537,0.8357446900708532
0,0.7923324887622252,0.0254928298500697,0.18217468138770504
2,0.21379034098567118,0.03924198126994947,0.7469676777443796
0,0.8229957650947356,0.02951618604773271,0.14748804885753164
2,0.0,0.00625,0.99375
2,0.5121495030379218,0.06589148014661128,0.4219590168154669
0,0.9083710470013809,0.017140278872230158,0.07448867412638904
2,0.21940923592431477,0.04231372824584827,0.7382770358298371
0,0.9362070795118651,0.00962520130724427,0.054167719180890514
0,0.8433641645073534,0.018708727766943944,0.13792710772570266
0,0.9024633188941209,0.01078220387584289,0.08675447723003608
2,0.3624781329065708,0.07259574922565386,0.5649261178677754
0,0.9334111086456564,0.01379733490707276,0.05279155644727092
0,0.5810582767167862,0.06408676036684602,0.35485496291636776
2,0.14887458186532118,0.07448393113865892,0.7766414869960199
2,0.17741570268565005,0.040589789977547364,0.7819945073368026
2,0.22520386388848523,0.08894452111755734,0.6858516149939576
2,0.12056764011941452,0.022282826736696466,0.857149533143889
2,0.03921011096239067,0.02941487614724648,0.9313750128903628
0,0.7121175293696911,0.03517580512070519,0.25270666550960375
2,0.030255388941741453,0.003032558139534884,0.9667120529187239
2,0.3763040230989838,0.049131979497076164,0.57456399740394
2,0.0,0.0030066637055623257,0.9969933362944378
2,0.04746641767823796,0.01402708062974674,0.9385065016920151
0,0.7242985676997072,0.04202632882380137,0.23367510347649117
2,0.6976514652292425,0.019261889328994843,0.28308664544176276
0,0.8495541645676923,0.03921661834624595,0.11122921708606202
0,0.9219788610072261,0.012030889896542912,0.06599024909623079
0,0.8559590516596914,0.022030576136612117,0.1220103722036962
0,0.7958066893979256,0.0379324400844945,0.16626087051757965
0,0.6398564374494665,0.02950743759610869,0.3306361249544248
0,0.9338333482477691,0.012721758051565168,0.05344489370066548
2,0.1661883733841928,0.05957557163037672,0.7742360549854304
2,0.5332335491253856,0.07015873491762938,0.3966077159569848
2,0.7982197989161883,0.02639301478482973,0.17538718629898195
2,0.34038277796922056,0.05307497578872491,0.6065422462420543
2,0.0005714285714285715,0.0021502419149477974,0.9972783295136235
0,0.9344641876459593,0.010403976380597892,0.055131835973442817
2,0.17663715366917337,0.035863564459623576,0.7874992818712031
2,0.0,0.00625,0.99375
0,0.9314165552340125,0.012158378455513843,0.05642506631047335
0,0.7689295121448233,0.03235892535690579,0.19871156249827096
0,0.7881912071207714,0.028509749238673453,0.18329904364055535
2,0.0636761074546559,0.0239406287613831,0.9123832637839608
2,0.1855966728716195,0.03800618181149155,0.7763971453168889
1,0.7878232371137902,0.05838888648165816,0.1537878764045515
0,0.31075445899257514,0.03806378887799675,0.6511817521294281
0,0.7748793027763287,0.021467337382075475,0.20365335984159588
2,0.6011627560533798,0.03917965705797947,0.3596575868886407
0,0.9160619076067457,0.016025497068372505,0.06791259532488185
0,0.49237532670503237,0.11392071662239497,0.39370395667257263
0,0.9338995896816988,0.0070489346356641695,0.05905147568263683
0,0.5440890466032811,0.06360627173606323,0.39230468166065585
2,0.15225263976551462,0.06260692266246484,0.7851404375720205
2,0.02603157196106672,0.0042554897797319234,0.9697129382592015
2,0.20533704816505563,0.06104771316446549,0.7336152386704788
2,0.90579943201192,0.007464407747594747,0.08673616024048487
0,0.44025132673259293,0.029118876116467657,0.5306297971509394
0,0.7042713243044367,0.06751446811049461,0.22821420758506852
2,0.6055668341181708,0.032772142818201996,0.3616610230636272
0,0.7737684351355328,0.029019979555017523,0.19721158530944957
2,0.7766178168100886,0.01891159771056839,0.204470585479343
0,0.9241578721993546,0.011551295321983152,0.06429083247866182
0,0.5778414746474607,0.03100056024916137,0.3911579651033779
2,0.42137899129232376,0.0522073484412319,0.5264136602664444
2,0.5903426612754231,0.03470340838441637,0.37495393034016056
0,0.9234836336656664,0.017303489296970974,0.059212877037362534
0,0.5432344253034079,0.03621300660727519,0.42055256808931696
2,0.5692772160222023,0.06343729591440418,0.36728548806339356
1,0.3559309059235287,0.047774072281214525,0.5962950217952567
0,0.7416303477402082,0.015702490416444576,0.24266716184334755
2,0.02885964912280702,0.030666666666666665,0.9404736842105264
0,0.8339414793869544,0.012005768049808801,0.154052752563237
0,0.3263981170794204,0.059924054030280526,0.6136778288902992
0,0.9426519710142675,0.01174878600183522,0.04559924298389739
2,0.140051964161318,0.05540770547363236,0.8045403303650499
1,0.38992162780540157,0.08206910383392355,0.5280092683606749
0,0.9359134191163921,0.010868000702278665,0.05321858018132911
2,0.24241727395377982,0.02790223716641221,0.7296804888798081
0,0.9180433132722152,0.009540226107968307,0.07241646061981655
0,0.8903746816862425,0.01631414727516815,0.09331117103858927
0,0.5696612978057701,0.05906036406979555,0.3712783381244344
1,0.5257359030304743,0.06956056462770302,0.4047035323418225
2,0.0,0.0,1.0
2,0.3153242523502061,0.06705740483441174,0.6176183428153817
2,0.33642867612115007,0.05667437022648632,0.6068969536523636
2,0.386161571831885,0.07308323675284949,0.5407551914152656
2,0.22300872810337444,0.08831424054475606,0.6886770313518696
0,0.9343642455012602,0.010876598744564892,0.054759155754174754
2,0.4963114644132946,0.047396405988720136,0.4562921295979853
0,0.3316324739661125,0.03610378792522012,0.6322637381086674
1,0.23903484969983682,0.06245316569182344,0.6985119846083395
2,0.34240081899807934,0.05758613099562041,0.6000130500063002
0,0.868016817767243,0.029293352471547122,0.1026898297612097
2,0.07146283040866971,0.0556554131735386,0.8728817564177918
0,0.9058054289485181,0.020792630916129467,0.0734019401353522
0,0.5635348683878856,0.05633084546940466,0.38013428614270983
0,0.9244084808407981,0.01623944852848465,0.05935207063071709
2,0.09754631993741483,0.062123993548629165,0.8403296865139556
0,0.9286932229073508,0.011989844510458552,0.05931693258219049
2,0.39868725161727153,0.05237949983567591,0.5489332485470525
0,0.922457793517317,0.014720565687407858,0.06282164079527504
0,0.8650507682123286,0.03277750409626149,0.10217172769140996
2,0.4122483566371708,0.12279362399936528,0.4649580193634639
2,0.13312164732666523,0.04279475827793401,0.8240835943954009
0,0.5938507742476812,0.06430381649418555,0.3418454092581336
0,0.8742953617073667,0.04210954265549064,0.08359509563714251
0,0.9343807073821256,0.012543120424336175,0.05307617219353825
0,0.8742560363868374,0.009193167479208586,0.11655079613395422
2,0.9144598108448098,0.01816161662258644,0.06737857253260372
0,0.9342260470737093,0.012700125433861625,0.053073827492428935
0,0.5202443682483608,0.05832712301805761,0.4214285087335815
0,0.5855482197272822,0.10694223794265155,0.3075095423300662
0,0.4268869715068357,0.015331991499607216,0.5577810369935572
1,0.6006371713403537,0.06849452290608782,0.3308683057535584
0,0.9332170697483678,0.013281242403726164,0.05350168784790591
0,0.49957168250183537,0.058248985626581117,0.44217933187158354
0,0.3150170568200152,0.058712449870672805,0.6262704933093122
0,0.9318520267761526,0.012004852523367597,0.05614312070047973
0,0.3523126844174537,0.024691760463442843,0.6229955551191034
0,0.8783721495251875,0.027964438883275648,0.0936634115915368
2,0.5669491079624307,0.038933050075469926,0.39411784196209926
2,0.1531183576733725,0.043105269321538235,0.8037763730050892
2,0.8159395294445797,0.024420735225152083,0.15963973533026812
2,0.2784063171406272,0.04133144750941509,0.6802622353499578
2,0.852999188707685,0.031895761358607895,0.11510504993370686
0,0.9349119103324052,0.01100785362039297,0.05408023604720181
2,0.22612913083116967,0.04780652139675179,0.7260643477720784
0,0.5132765689023985,0.06477312118836269,0.4219503099092389
0,0.941312714961039,0.009554816925266982,0.04913246811369418
0,0.9355913165698097,0.011297483290964968,0.053111200139225455
0,0.9063138999030216,0.017670840475076402,0.07601525962190173
2,0.1375971240347301,0.06300517037254051,0.7993977055927293
2,0.6546382378817652,0.07242239222739492,0.2729393698908398
0,0.9350803231372892,0.010110324227583286,0.054809352635127234
1,0.661137652022298,0.0717067962706453,0.2671555517070566
0,0.9316238762754189,0.010914830580966503,0.057461293143614686
0,0.7665995673010039,0.03979539433615454,0.19360503836284157
0,0.9152907893947496,0.027131424847241643,0.057577785758008794
2,0.021794871794871794,0.03846153846153846,0.9397435897435897
0,0.9085084798759581,0.018077258779865078,0.07341426134417693
2,0.281245410121254,0.046687539127744045,0.6720670507510019
2,0.7505984652176738,0.022709588361134403,0.2266919464211917
2,0.3224648003367422,0.11047223400793627,0.5670629656553215
0,0.21969330721530894,0.0402174000575607,0.7400892927271305
2,0.0,0.0011563634681653137,0.9988436365318348
2,0.5091502396038666,0.08825094608930102,0.40259881430683225
0,0.8978030843657991,0.023706941560666203,0.07848997407353392
0,0.46071728820119545,0.07041142623426942,0.4688712855645353
0,0.797066631789244,0.03403332154714484,0.16890004666361133
0,0.08719997375474312,0.006690986391871626,0.9061090398533854
0,0.9286583420915119,0.009775927786919318,0.06156573012156885
0,0.5081515913616667,0.055800909217472626,0.43604749942086074
1,0.36244900255695656,0.07175528126932809,0.5657957161737153
0,0.5787404917412282,0.019894071496918273,0.4013654367618533
0,0.7295178206697202,0.030640258811133393,0.23984192051914638
2,0.36836624342191415,0.07522779024998981,0.5564059663280959
0,0.6151674471155579,0.06197511439466005,0.32285743848978204
0,0.9136807822542274,0.011810473514125982,0.07450874423164662
0,0.9284113833946728,0.011420354695561616,0.060168261909765396
2,0.9370530442076042,0.011547289479595768,0.05139966631280015
0,0.9323413210596647,0.009926555443535467,0.05773212349679957
2,0.39556586331473503,0.05369711850646699,0.550737018178798
2,0.6261388002551656,0.055141394252141894,0.3187198054926927
2,0.09498529221038172,0.026329001487216386,0.8786857063024018
2,0.05407977396781275,0.007959859213018805,0.9379603668191684
0,0.8910014679245952,0.01044340866696009,0.09855512340844458
0,0.9222811022832468,0.013488604380877855,0.0642302933358753
2,0.0,0.0015238095238095239,0.9984761904761904
2,0.40993287147725144,0.08050252042598231,0.5095646080967663
0,0.8375854438963479,0.02250413491829052,0.1399104211853615
0,0.9301179705032647,0.01152199763620542,0.058360031860529724
0,0.8193379092421252,0.020477636371703595,0.16018445438617093
0,0.47670242846306293,0.07633277685457472,0.44696479468236233
0,0.6812853015824797,0.062138752750516404,0.2565759456670041
0,0.8252240698879275,0.0276491824686886,0.14712674764338382
0,0.9338472778327975,0.012171065349640124,0.053981656817562326
0,0.8359623947773099,0.0216320539436978,0.1424055512789923
1,0.6451561132949939,0.08708554996108168,0.2677583367439243
0,0.31382744867224477,0.07426154693348849,0.6119110043942667
0,0.892361622087187,0.017842315945509033,0.0897960619673041
0,0.8211839420481327,0.036026245433463486,0.14278981251840392
2,0.03476037182183269,0.0411959912325558,0.9240436369456115
2,0.5931954981071064,0.05966633499058149,0.3471381669023122
0,0.600092401255243,0.057126994199458866,0.34278060454529813
0,0.9256239449902668,0.010467447577344318,0.0639086074323889
2,0.5110338868239122,0.0485508063579016,0.440415306818186
0,0.9392224815595245,0.01022465502693799,0.05055286341353756
2,0.0,0.0,1.0
0,0.9331519721458061,0.01057510168022291,0.056272926173970415
2,0.8159395294445797,0.024420735225152083,0.15963973533026812
0,0.5379155845019561,0.07185038390821855,0.3902340315898253
0,0.2982131972981147,0.04791539447056985,0.6538714082313154
2,0.008333333333333333,0.0,0.9916666666666666
0,0.933672804109895,0.014910332452561952,0.05141686343754317
0,0.9322823517210673,0.011423759564530993,0.05629388871440173
0,0.8368232446709953,0.03639575303911217,0.1267810022898925
2,0.1606496638173446,0.09270684917835603,0.7466434870042995
0,0.7216762113142209,0.026949075905340736,0.25137471278043844
2,0.13050754518519528,0.03118033413424559,0.838312120680559
0,0.7933964719943246,0.024455822982934264,0.18214770502274089
0,0.9277376771632638,0.012045748073364346,0.060216574763371764
2,0.295136154184105,0.03762400821521816,0.6672398376006768
0,0.7781059311751449,0.031082689665777635,0.1908113791590773
0,0.927038677296945,0.012851270945778578,0.06011005175727609
