target,prediction_0,prediction_1,prediction_2
2,0.05047295383999486,0.07026657693360173,0.8792604692264034
0,0.8936176895456246,0.012341711076625546,0.09404059937774992
0,0.9387764152963433,0.011485752587291483,0.04973783211636429
2,0.12535469872632524,0.0766499939339408,0.797995307339734
0,0.7939994330662572,0.011990771792475123,0.19400979514126765
0,0.8137781282110473,0.01584462175600858,0.17037725003294404
0,0.8649239996664785,0.025410993700041094,0.10966500663348032
2,0.021202211428229336,0.03946298032540009,0.9393348082463708
0,0.9322270645632212,0.008153059450117756,0.05961987598666117
1,0.35681982565936554,0.09678707779529098,0.5463930965453435
2,0.03481716890709707,0.03628383296300892,0.928898998129894
0,0.7307834551846408,0.0207807658807581,0.24843577893460117
0,0.8526961453852422,0.017527965424450696,0.12977588919030716
0,0.8612101169205896,0.006004144738751849,0.13278573834065877
0,0.8752702091133372,0.03081902401024338,0.09391076687641971
2,0.25353626522979456,0.07528761318710302,0.6711761215831024
0,0.7753809544356295,0.031466530168772176,0.19315251539559825
2,0.5740392108279697,0.12064144277152357,0.30531934640050673
0,0.9294257168141192,0.014655908762099594,0.05591837442378131
2,0.30687403436238014,0.06923490913492172,0.6238910565026982
0,0.8469308392627931,0.015053475628532329,0.1380156851086745
1,0.5345593200759665,0.0784174526638949,0.3870232272601385
2,0.24298710380947214,0.026321396332481685,0.7306914998580463
0,0.9440976965362973,0.011223296806059394,0.044679006657643204
0,0.4482949323010497,0.07233542041137585,0.4793696472875743
0,0.8401899044052451,0.07907109684365146,0.08073899875110342
0,0.9446221032312769,0.010178466968920013,0.045199429799803355
0,0.9464764710344152,0.008788336980374407,0.04473519198521043
0,0.5563921806757038,0.05687154230081748,0.3867362770234787
0,0.9394894577865478,0.008030289468977379,0.052480252744474924
2,0.09553565366639195,0.099590890287513,0.8048734560460951
2,0.19904789302551565,0.040783430531205526,0.7601686764432791
0,0.31188318565476914,0.10373959953513005,0.5843772148101009
2,0.3411571201861748,0.06290974162632594,0.5959331381874992
0,0.6997375917515524,0.06621561331237842,0.23404679493606864
2,0.07952740203026763,0.03640773532636582,0.8840648626433663
2,0.5725427410830833,0.025935980003215314,0.4015212789137012
0,0.9070101169596521,0.026349294342541362,0.06664058869780662
0,0.5575390062695884,0.03724249319081747,0.40521850053959435
0,0.5848417902308634,0.03119932256134555,0.3839588872077909
0,0.9040290194435546,0.0167791454028562,0.07919183515358953
2,0.10237771742267798,0.20621949727473057,0.6914027853025916
0,0.8580343538522192,0.016707259915494536,0.12525838623228674
0,0.951220430813102,0.006766450576651352,0.04201311861024552
0,0.9456807016979224,0.007154511327568115,0.04716478697450944
0,0.7454438185538168,0.036073427806715214,0.218482753639468
0,0.846110307789385,0.006437390476266023,0.1474523017343494
2,0.7867445901401646,0.021537322465587275,0.19171808739424814
0,0.7896018377515583,0.013121827036557385,0.19727633521188434
2,0.3982436024777951,0.1063540116379433,0.4954023858842616
0,0.9142335402306069,0.025540675443097467,0.060225784326295224
0,0.9396926797504056,0.011153728967036645,0.04915359128255822
2,0.08206649900433526,0.04872797446276039,0.8692055265329045
2,0.29508099675118993,0.07256135707092838,0.6323576461778817
2,0.32922316553520153,0.05288779231820838,0.6178890421465902
0,0.8807831852761604,0.007737267523429139,0.11147954720041035
0,0.7233445657187688,0.06744664583238921,0.20920878844884214
0,0.6401459627885845,0.06532495965388051,0.294529077557535
0,0.9320892013586267,0.01085649781980613,0.057054300821567254
0,0.8722621104562417,0.041292149308956985,0.08644574023480131
1,0.7450547278594549,0.059377945428409594,0.195567326712135
2,0.8090741523230484,0.02343061706459791,0.16749523061235358
0,0.8337752319252185,0.025705732462157023,0.14051903561262447
2,0.24532841063229838,0.026384468529547105,0.7282871208381546
2,0.1766347286100656,0.009361639392599144,0.8140036319973353
2,0.02363349185032672,0.012176176347451889,0.9641903318022217
1,0.8802325377706253,0.014388374280510532,0.10537908794886398
2,0.48138085746629844,0.021395759959382817,0.4972233825743187
2,0.036641356719922386,0.07344041236387688,0.8899182309162008
0,0.8249071471323228,0.023537113493106977,0.15155573937457026
0,0.9487839270726875,0.008587455822219807,0.04262861710509145
0,0.8535721469874655,0.023367100728619097,0.12306075228391561
0,0.9429781987981792,0.009762792233601745,0.04725900896821772
0,0.9163835652589367,0.028962013677907752,0.054654421063155635
2,0.003272820944563857,0.0032786233709000984,0.9934485556845363
2,0.022457737361583872,0.012355966718954605,0.9651862959194617
0,0.9315430541736365,0.008108700785217077,0.06034824504114643
0,0.3835489436918001,0.038175526570949865,0.5782755297372502
0,0.9362915814264763,0.011977863481085853,0.05173055509243775
0,0.8060857659472304,0.013294018958666538,0.18062021509410348
0,0.6854549438184058,0.03155137316245578,0.28299368301913846
2,0.7135514655325406,0.031443329794167564,0.2550052046732918
1,0.7684135786648624,0.011032922956869494,0.2205534983782683
0,0.808580978637672,0.03442835533302836,0.15699066602929976
0,0.8334336637809144,0.016573419335782116,0.1499929168833032
2,0.654498072469506,0.04219512686281223,0.3033068006676819
0,0.9542094637454477,0.011279431350790412,0.03451110490376192
2,0.028806901201596846,0.03126032590350098,0.9399327728949022
0,0.9429281574296517,0.010250607154438417,0.046821235415910094
0,0.7727349145671545,0.019628577409129867,0.20763650802371572
0,0.8430710892996962,0.005133856080508614,0.1517950546197959
0,0.653866728564293,0.046034646995834906,0.3000986244398722
0,0.7494017890947062,0.06497667937602133,0.18562153152927216
0,0.9545649247147162,0.008816634378828143,0.03661844090645557
0,0.9490052966821951,0.010104713239421411,0.040889990078383405
0,0.9336274226322282,0.007639754434856218,0.05873282293291579
0,0.9432546107988125,0.008007097947396555,0.048738291253791186
2,0.012133100250465585,0.033788800977975264,0.9540780987715592
0,0.8944797649622415,0.023387532426959144,0.08213270261079911
0,0.46445503562157603,0.033836423551829205,0.5017085408265948
2,0.02318832312852825,0.05235670545412546,0.9244549714173459
2,0.0009261769223818559,0.0008956560680698612,0.9981781670095483
2,0.026462750005907056,0.02715988575074608,0.9463773642433467
2,0.011043922836572549,0.04092658361318971,0.9480294935502378
0,0.9492974351963207,0.00889487316762685,0.0418076916360527
0,0.9529723379045982,0.009319647233333797,0.03770801486206805
0,0.9449019524437259,0.013340450724581088,0.041757596831692674
2,0.6221350530998212,0.06284576640608674,0.3150191804940919
0,0.6804695929341429,0.049516930607757616,0.2700134764580994
2,0.20179487046010533,0.07812678965051421,0.7200783398893804
0,0.8836731150910865,0.019945333539764583,0.09638155136914879
2,0.21786960844720626,0.07712212431661168,0.705008267236182
0,0.8215947191594967,0.02075482916788175,0.15765045167262196
2,0.0534140582139851,0.06970179633857612,0.8768841454474382
0,0.9402920001917828,0.008624939567601702,0.05108306024061538
0,0.5492089304228465,0.02684484431497636,0.4239462252621771
0,0.9345897888940966,0.014223443977590742,0.0511867671283128
0,0.9459263272333989,0.009731168027516184,0.04434250473908506
0,0.9477355774688628,0.008077692654772636,0.04418672987636452
2,0.6528309896679719,0.048414300127860424,0.2987547102041668
0,0.8599661387630287,0.010735800405946178,0.12929806083102513
0,0.9263977384055118,0.008923849896703872,0.06467841169778449
0,0.8002315090839905,0.024871056689741496,0.17489743422626808
0,0.9403633927835061,0.007745230480151696,0.05189137673634231
0,0.7173838178843075,0.025476153069201802,0.25714002904649064
0,0.4842847540543316,0.07262128807345757,0.4430939578722108
0,0.8767737926707804,0.012437804699218142,0.11078840263000131
0,0.8752936496585982,0.012575398747423083,0.11213095159397853
2,0.16292791093317965,0.09385833722111303,0.7432137518457069
0,0.866672036232248,0.024501336824949593,0.1088266269428022
2,0.22658586370990266,0.04299531301264212,0.7304188232774551
0,0.7027243688212361,0.03155211710445096,0.265723514074313
2,0.013553763321393866,0.031911864095164395,0.9545343725834418
0,0.9257399135761544,0.011968532897650028,0.06229155352619474
2,0.5678486741363545,0.09370821747976049,0.33844310838388497
2,0.5866781777238745,0.05810958774219038,0.3552122345339361
0,0.67063393649363,0.05181352997306449,0.2775525335333057
0,0.950291467457946,0.008832087336852913,0.040876445205199785
0,0.9052071031536947,0.014955368285660619,0.07983752856064405
2,0.6894407796195618,0.02092816051547356,0.2896310598649646
0,0.5689456967463343,0.08971865640523514,0.34133564684843065
0,0.3073332738791095,0.059596762118845896,0.6330699640020446
0,0.8309624559887815,0.025342459486586894,0.14369508452463117
0,0.3945010049545032,0.04686215266720705,0.5586368423782898
0,0.7862615302323641,0.041129133855956825,0.17260933591167918
0,0.8606109564771212,0.006169949146155647,0.13321909437672325
2,0.10547102765656251,0.042935650924276134,0.8515933214191613
0,0.9216308585712177,0.011966986936351157,0.06640215449243066
0,0.850546017883757,0.013512135850934923,0.135941846265308
2,0.2319215934493805,0.03959020401260619,0.7284882025380134
0,0.9447175884618254,0.0073843919293282425,0.0478980196088451
2,0.44144704945278174,0.06939870749556963,0.48915424305164895
0,0.953551110443552,0.009885875237343324,0.036563014319104484
0,0.8304269279952046,0.007412859543140007,0.1621602124616556
0,0.48719782282980595,0.022012787139270032,0.490789390030924
0,0.8455792732562273,0.017320152207678238,0.13710057453609445
2,0.011583701986943765,0.005204281506185241,0.9832120165068708
2,0.06324156614052849,0.022408164616433836,0.9143502692430379
2,0.8108677606176936,0.010549378213992246,0.17858286116831426
0,0.9244717861318676,0.012833618037116247,0.06269459583101643
0,0.07937547286819194,0.06727357643301415,0.8533509506987939
0,0.9527825335892608,0.007647219994127695,0.03957024641661144
2,0.8478801641583397,0.017671155520610615,0.13444868032104976
2,0.7872263823489145,0.04806013500264487,0.1647134826484407
0,0.8103508569422647,0.014574202844190748,0.17507494021354428
2,0.41938314592964393,0.12739032301697806,0.453226531053378
0,0.9471292022556881,0.00938792310442463,0.04348287463988734
2,0.062304827019925214,0.014940414752048924,0.922754758228026
2,0.7618115067059363,0.02498282410877232,0.21320566918529132
0,0.9204035585391488,0.007972054847364697,0.07162438661348652
0,0.4829473199152198,0.10220826316923748,0.4148444169155427
1,0.3159448909544902,0.05136868333651745,0.6326864257089926
2,0.24850633108541223,0.053588437145794345,0.6979052317687932
0,0.7443203875196586,0.043625248714875386,0.21205436376546655
2,0.14205535475896588,0.225251123482921,0.632693521758113
2,0.08681993143826831,0.032995677498734464,0.8801843910629971
0,0.9464036860546068,0.011299069911405238,0.04229724403398811
0,0.06432012473929129,0.029399621697491968,0.9062802535632167
2,0.24652083351355453,0.038039701706011925,0.7154394647804339
0,0.9361752673369338,0.00938552948182367,0.05443920318124296
0,0.39493673544031,0.08615383303708612,0.5189094315226039
0,0.5260791345206886,0.08002012516543021,0.39390074031388134
2,0.020609166849505072,0.017628864723472054,0.9617619684270231
0,0.9420793701626375,0.008695991058390492,0.04922463877897092
2,0.317737745298406,0.12498436571787756,0.5572778889837164
2,0.4297654722860763,0.03595215735985573,0.5342823703540679
1,0.3985664728979691,0.08022638610085565,0.5212071410011752
0,0.3676930579168515,0.06189167388176891,0.5704152682013797
2,0.6288472654736535,0.020397324891851646,0.3507554096344947
2,0.1286317601920405,0.1605526589206074,0.7108155808873521
0,0.5941353357612075,0.06934295122719986,0.33652171301159245
0,0.9453789970361388,0.008368805398326703,0.0462521975655342
0,0.7431424873690365,0.03292785722840356,0.2239296554025595
2,0.348173112560628,0.08727413022734645,0.5645527572120256
2,0.38331888471710257,0.07685691761279982,0.5398241976700976
0,0.9260999214542487,0.008419201225184128,0.06548087732056672
0,0.6511390967469236,0.0541932741978266,0.29466762905524996
0,0.9409044082960819,0.01014258710753378,0.0489530045963845
2,0.8691496442490841,0.013386176398947205,0.11746417935196846
0,0.9448429722441268,0.01061720910979798,0.04453981864607526
0,0.882919970699151,0.009944935308463831,0.10713509399238522
0,0.9433675050120471,0.008447743454529982,0.04818475153342242
2,0.6291126868536047,0.02845896638199566,0.3424283467643997
0,0.9532474366897254,0.009605435011357638,0.03714712829891687
0,0.7933938730237179,0.016224413360647207,0.19038171361563466
0,0.2808214895637672,0.04713885220806665,0.6720396582281667
0,0.8942169894986961,0.009194548752395764,0.09658846174890799
2,0.383311108515232,0.07038807786605718,0.5463008136187105
0,0.9507399686600134,0.010240111743522,0.03901991959646473
2,0.2897082048773992,0.017186550468710895,0.6931052446538899
0,0.9365892520566508,0.013395550888371624,0.05001519705497752
2,0.8044826245234186,0.03228505120585211,0.1632323242707294
2,0.09072763863964496,0.08639704581012242,0.8228753155502325
2,0.07586812904127553,0.0407043635227139,0.8834275074360106
0,0.5557108674565718,0.07593347819261036,0.3683556543508179
0,0.8240746014184958,0.04185693397087525,0.1340684646106289
0,0.9471112848436022,0.009301720985508225,0.043586994170889376
0,0.832655856987031,0.03364157929381034,0.13370256371915862
2,0.8635928450975093,0.006829503930330469,0.1295776509721601
0,0.9404626807507237,0.010969772999944394,0.04856754624933186
0,0.3176438147260888,0.13119904785957875,0.5511571374143326
0,0.9314035251018855,0.009143183066225231,0.05945329183188836
2,0.9198711814837428,0.016145373455543788,0.06398344506071324
2,0.38888615545466554,0.053386057529394015,0.5577277870159403
2,0.035385655494719136,0.04003084075499546,0.9245835037502854
0,0.9463002199045358,0.0072552379397955715,0.04644454215566878
0,0.9264963637271191,0.012357443568749748,0.06114619270413112
2,0.4086479255762217,0.10235225249985964,0.48899982192391894
2,0.09399967934103455,0.03291983980074771,0.8730804808582174
2,0.16502627237785783,0.07608191378999933,0.7588918138321424
0,0.8545579197751201,0.018949598564174695,0.1264924816607054
2,0.2684604028134858,0.03776690078895812,0.6937726963975563
0,0.8462757731675117,0.02538218375266584,0.12834204307982242
0,0.9356145769937122,0.006731460126000333,0.057653962880287526
0,0.3913005095203238,0.05030293288296703,0.5583965575967089
0,0.7269962740940722,0.03114889880089708,0.24185482710503073
2,0.6386141118153941,0.024390899919436628,0.3369949882651692
2,0.8799193583257997,0.0054924240927445266,0.11458821758145558
0,0.9468899967607893,0.007658630673646003,0.04545137256556471
2,0.4345405423986082,0.027971838499995592,0.5374876191013962
2,0.06861609289532739,0.03463164837898045,0.8967522587256923
0,0.942474800384162,0.012657137930286933,0.0448680616855513
0,0.9529745653787827,0.005981388173696844,0.04104404644752023
0,0.9520797571859866,0.007480631594379541,0.04043961121963396
0,0.7844951325145039,0.027685004563894205,0.18781986292160294
2,0.013302444204233538,0.016254550323580284,0.9704430054721862
0,0.4782495086868365,0.06509762683942642,0.45665286447373693
0,0.825653153273139,0.022978893376981807,0.151367953349879
2,0.16194578315748998,0.045089842380395054,0.7929643744621149
0,0.907543500822958,0.017061177818233596,0.07539532135880872
0,0.16291380298962752,0.07481013166047888,0.7622760653498932
2,0.32423203335984585,0.04956333226757052,0.6262046343725836
2,0.0342786907024459,0.016819077373137196,0.9489022319244166
1,0.5130650124469894,0.026045232166691124,0.4608897553863195
0,0.9489668884699893,0.007633625259074625,0.043399486270936254
0,0.8318514769874242,0.017483549908197695,0.15066497310437799
2,0.21840026042085633,0.03989994438775845,0.7416997951913853
0,0.8635754311156275,0.008919993096563565,0.12750457578780888
0,0.9381878110720049,0.006735768715078106,0.055076420212916324
1,0.16580312823273616,0.14686037161074744,0.6873365001565162
0,0.8017724809217137,0.021660646170125634,0.17656687290816078
2,0.34374454161110235,0.07281853565148677,0.583436922737411
0,0.25199681797227597,0.053524055686677445,0.6944791263410467
0,0.9534939135925268,0.00839047343740059,0.03811561297007278
2,0.15113920612512302,0.10447814548391067,0.744382648390966
0,0.5918488218035423,0.03510560413467186,0.37304557406178573
0,0.6251258205584478,0.09378805523673193,0.2810861242048202
0,0.6630219345181824,0.026175237032731693,0.3108028284490861
2,0.5303447467028309,0.09882186577638528,0.3708333875207838
2,0.20282340812018126,0.03251204092542444,0.7646645509543936
0,0.7370022174278981,0.07368621058146176,0.1893115719906402
2,0.1481107302316179,0.022369269595809937,0.8295200001725722
0,0.9362684779952032,0.008137642011448318,0.0555938799933484
2,0.28686498437635627,0.21311453726178542,0.5000204783618583
0,0.8417241725822654,0.007721789771935961,0.15055403764579864
0,0.54789803979554,0.08066750870694486,0.3714344514975151
2,0.8377084170598574,0.021334885982449665,0.14095669695769328
0,0.5963366732045198,0.09970276965755225,0.30396055713792774
2,0.5087959683764062,0.04017461774502418,0.45102941387856993
0,0.9461414182600416,0.007247234563311739,0.04661134717664653
2,0.9476884465778186,0.006224599187514018,0.046086954234667576
0,0.836252787977873,0.039070045397309676,0.12467716662481718
0,0.950846015627634,0.006766805025877359,0.04238717934648851
0,0.550323740477069,0.09573738632148371,0.35393887320144723
0,0.9518424700949171,0.00894580440449748,0.03921172550058538
2,0.11479830311746567,0.06218600037125575,0.8230156965112785
0,0.7194863275519597,0.04022277006110556,0.24029090238693435
0,0.8413353869804078,0.006043754745655349,0.15262085827393715
2,0.06611332073293352,0.019604744328025135,0.9142819349390412
0,0.9445642216675378,0.011874258773223394,0.04356151955923886
0,0.9212638372374052,0.011144117056931009,0.06759204570566275
0,0.8247283206419372,0.03660422964071641,0.13866744971734626
2,0.07195821466885823,0.0653059255469875,0.8627358597841542
2,0.007378637373909425,0.006418943962857217,0.9862024186632335
2,0.30082965744691736,0.04635350923013858,0.6528168333229439
2,0.13117954519238134,0.0382208712910247,0.8305995835165939
2,0.5565875933017457,0.02547375655140962,0.41793865014684506
2,0.5146706597710549,0.07483476135863078,0.41049457887031454
0,0.8535238025624657,0.02247574906049243,0.12400044837704192
0,0.9386619497227348,0.009271482963115675,0.052066567314149735
0,0.9445951994449976,0.007525657737018819,0.047879142817983215
1,0.3761134461328652,0.12786160386023138,0.49602495000690333
1,0.7871184389691378,0.02790236383689011,0.18497919719397224
0,0.8909055407051192,0.018230263815066636,0.09086419547981418
2,0.03506074056557141,0.04514726486947254,0.9197919945649559
2,0.7987567899961425,0.018320352509295968,0.1829228574945617
0,0.5266608461508299,0.11249424237831929,0.3608449114708508
0,0.9426563981737683,0.007940908095474241,0.049402693730757785
0,0.9187526300056271,0.012853952371893781,0.06839341762247865
2,0.09477850568261102,0.05116033893767922,0.8540611553797096
0,0.42125977527505193,0.08114375541795953,0.49759646930698814
0,0.8803761831998128,0.015512849899445475,0.10411096690074174
0,0.9159783832741802,0.010182481623114949,0.07383913510270476
2,0.7132007033609495,0.024169874777324102,0.26262942186172683
0,0.9264155510327295,0.022083616030683637,0.05150083293658711
0,0.9534939135925268,0.00839047343740059,0.03811561297007278
0,0.6920151435200503,0.06270971096114887,0.24527514551880084
0,0.9193128044035149,0.012468788773055494,0.06821840682342839
0,0.8541411851777342,0.014628056400116017,0.13123075842214973
2,0.6256771925889295,0.09242505154250434,0.281897755868566
0,0.943405678745271,0.007487840814550696,0.0491064804401778
0,0.8809329389551287,0.03606425342872913,0.08300280761614229
0,0.9223102276061009,0.016354851088175835,0.06133492130572363
2,0.6705882405014355,0.030540561770499585,0.2988711977280648
0,0.4195116285511757,0.04959621141376114,0.5308921600350631
0,0.6684924228221886,0.05329505473399504,0.2782125224438164
2,0.02600371480558528,0.038638435177101534,0.9353578500173132
0,0.8128458521491728,0.018454430445972055,0.1686997174048548
2,0.21835311097263246,0.11308219160824057,0.6685646974191268
2,0.5745857530122183,0.052645809529193024,0.3727684374585888
0,0.9314805969490043,0.011265614386703832,0.05725378866429109
0,0.7835931277835163,0.043486921161211195,0.172919951055272
0,0.769031787115021,0.02058012962433388,0.21038808326064481
2,0.34974460319011513,0.06727216788036607,0.5829832289295187
0,0.8438342605460896,0.05084907994447718,0.1053166595094326
2,0.7953715427064708,0.03233280170666029,0.172295655586869
2,0.4337325365947426,0.04629897954066949,0.519968483864588
0,0.9494000379128434,0.006754776813183024,0.043845185273973415
0,0.7992795262558494,0.04250771530895544,0.15821275843519517
2,0.03982878950273152,0.13982790809377346,0.8203433024034951
0,0.6229709201323652,0.05896079515262533,0.3180682847150095
0,0.6496975834008549,0.022620550991761853,0.3276818656073834
0,0.60250814038591,0.043500931285093566,0.35399092832899676
0,0.9332422944124964,0.012054580826212944,0.054703124761290745
0,0.6304246053710871,0.013861027587969591,0.3557143670409432
2,0.08373370623820833,0.02067818011034653,0.8955881136514451
0,0.9406272165459321,0.007918696019193828,0.0514540874348741
0,0.679230947862555,0.05036229487347002,0.27040675726397534
1,0.39850939700271976,0.10464960771414401,0.496840995283136
0,0.6123987914099388,0.012689597819867523,0.3749116107701936
2,0.40889300766413844,0.02734551181190902,0.5637614805239525
2,0.23874780355961117,0.03448992905439658,0.7267622673859921
0,0.7977497263022818,0.01016378210583368,0.1920864915918847
0,0.9441684017907533,0.008203113935402616,0.047628484273844064
2,0.018422635907563788,0.013618694280513812,0.9679586698119225
0,0.9175899489964238,0.008429398002770093,0.07398065300080613
2,0.046224287750191884,0.03483695216945619,0.9189387600803518
0,0.947941710964385,0.007094483619033159,0.04496380541658059
0,0.7385755857164112,0.056879523447079174,0.2045448908365095
0,0.7686606599886742,0.030832540451981316,0.20050679955934453
0,0.9486925095514521,0.008401077903326613,0.042906412545219944
2,0.2844108333826765,0.06444941657930375,0.65113975003802
0,0.9442249233510592,0.00678076469837132,0.04899431195056961
0,0.8889004154622033,0.01778337526337771,0.09331620927441883
0,0.8442822303635265,0.01494582964718169,0.14077193998929183
0,0.93728565524924,0.01043068086558514,0.05228366388517499
2,0.5935368829204529,0.019493678794249104,0.386969438285298
0,0.8037154704989548,0.041270208971287754,0.15501432052975714
0,0.3480322414352277,0.08563604821598723,0.5663317103487849
0,0.6800319811263754,0.04881230296049416,0.2711557159131307
0,0.8689531451819978,0.016442643276308462,0.11460421154169348
2,0.18555930265927142,0.029722347885305152,0.7847183494554234
2,0.2832069401998621,0.05222489453000054,0.664568165270138
0,0.48941924525386316,0.029168854165209552,0.4814119005809277
0,0.8780471329405038,0.01801059548099258,0.10394227157850348
2,0.6274226063338921,0.06916404376701682,0.3034133498990907
0,0.8595159564327807,0.0391796943834222,0.10130434918379704
0,0.9515060583722301,0.008038608553516001,0.04045533307425381
0,0.9419369003309217,0.007940730692575148,0.050122368976503164
0,0.9356993645090936,0.008994363252591956,0.05530627223831452
0,0.9455481811739527,0.01104144496786268,0.04341037385818495
0,0.34339014272660023,0.02494101701797355,0.6316688402554264
2,0.03300118023513532,0.05244593305038162,0.9145528867144828
0,0.8206240541983917,0.013305940845534664,0.16607000495607338
0,0.7790661877752565,0.03318964611353367,0.1877441661112099
2,0.38491616588820626,0.05252964943535889,0.5625541846764349
2,0.36502800771482213,0.04429430104309927,0.5906776912420785
2,0.48373161897090483,0.06979162135256745,0.4464767596765278
0,0.43544672700560505,0.06192112276870334,0.5026321502256915
0,0.7986301007038691,0.033684754612887766,0.16768514468324308
0,0.9520790000947471,0.006922096963992619,0.0409989029412602
0,0.44397537485625405,0.11280596637352523,0.44321865877022076
2,0.79567101678853,0.019128562161375783,0.18520042105009432
0,0.9459797844142833,0.014301429612962359,0.039718785972754043
2,0.04902076777419263,0.06620014660257793,0.8847790856232296
0,0.8842164170835054,0.017643007275352396,0.09814057564114215
0,0.9002017389597169,0.02573854005736102,0.07405972098292225
0,0.36389534714433897,0.0810853409539801,0.5550193119016809
0,0.8040796684459647,0.00943336140005858,0.18648697015397686
2,0.597878804895867,0.04929699198399654,0.3528242031201365
0,0.7010758418134992,0.06344214068799313,0.2354820174985073
0,0.9041192194144946,0.00970870579022924,0.08617207479527568
0,0.5643046397283137,0.0574853848989774,0.37820997537270845
2,0.9485938445379064,0.0068199165887082094,0.044586238873385295
0,0.8094246194258561,0.008508788272052651,0.1820665923020912
0,0.5159396151445991,0.10506475989690456,0.3789956249584963
1,0.114145342841093,0.130047763080459,0.755806894078448
0,0.8781243903774996,0.016737440032532858,0.10513816958996731
0,0.9414746502134892,0.010631477811540507,0.04789387197496885
0,0.8386610276411481,0.008082910724644773,0.15325606163420755
0,0.8583207981728304,0.0161464132534453,0.12553278857372546
0,0.9404920334800178,0.0086591380276779,0.05084882849230428
0,0.9452429583049639,0.006352327975320182,0.04840471371971597
2,0.20466380837317205,0.03605753637006842,0.7592786552567593
2,0.33731189545825874,0.12178222599491569,0.5409058785468256
0,0.9148059757662695,0.02230001245262303,0.06289401178110748
2,0.4270160539419905,0.09282009487323362,0.48016385118477584
2,0.37463036269564903,0.10233329974613527,0.5230363375582159
0,0.8725053990247391,0.007078796609283953,0.12041580436597693
0,0.918473155488255,0.013769753470786832,0.06775709104095828
2,0.35589535976362385,0.05460322531839183,0.5895014149179842
0,0.711880355786469,0.0318725563246117,0.25624708788891926
2,0.22683702901447972,0.06014567639962067,0.7130172945858997
0,0.6244636423997735,0.08403645728271988,0.2914999003175071
2,0.08200758610916563,0.039047191478190524,0.8789452224126436
2,0.01841498905532344,0.02652378265695964,0.9550612282877168
2,0.006562110703541952,0.01531845955491106,0.978119429741547
2,0.04277084957859235,0.019677559471198224,0.9375515909502092
0,0.9453194149800609,0.010452175821423878,0.04422840919851435
0,0.8888127986376886,0.0037544168082531584,0.10743278455405857
1,0.3565016617869921,0.06788882621122859,0.5756095120017795
2,0.05108746033029369,0.08419705344594883,0.8647154862237573
0,0.9323616669706447,0.011810618831846332,0.05582771419750894
2,0.5070826580900964,0.04631820581387787,0.44659913609602564
0,0.24098161315751587,0.03101533697944042,0.7280030498630438
0,0.7980586532758747,0.0167192068787147,0.18522213984541044
0,0.8392150795810814,0.027529526480244974,0.1332553939386737
0,0.9497834531107666,0.006871819009915287,0.04334472787931783
0,0.9132573961185058,0.00731136214484725,0.07943124173664674
0,0.5760347924569946,0.03844680528786373,0.38551840225514156
2,0.14077264235390566,0.09291411253000795,0.7663132451160867
0,0.9468597393291833,0.00751408015420077,0.04562618051661616
2,0.8349824527131164,0.004879209933368224,0.16013833735351535
2,0.02398067967972864,0.020827057403895708,0.955192262916375
0,0.9501965528187885,0.009796487435303553,0.040006959745906796
0,0.9531251991000125,0.008777135861251173,0.03809766503873649
0,0.9404966188035453,0.011576208314647009,0.04792717288180788
0,0.9436753302426144,0.012759089319091452,0.04356558043829386
0,0.8913475114093286,0.0152634498809444,0.09338903870972647
0,0.9307418124559306,0.013432430560316875,0.05582575698375271
0,0.7996177506397921,0.047158660094984275,0.15322358926522392
0,0.9429132908575213,0.008671088255579029,0.04841562088689967
2,0.18656552541581495,0.10572522383688465,0.7077092507473005
0,0.8049027920963729,0.04655953870249342,0.14853766920113395
2,0.15666014227797745,0.01818305210451073,0.8251568056175117
0,0.8727568639596152,0.01947572483922627,0.10776741120115843
2,0.24901039424528995,0.04662650011308787,0.7043631056416222
0,0.9149107167956946,0.031188414982900134,0.053900868221404864
2,0.05984824651023284,0.026185129726442883,0.9139666237633245
2,0.455136188836926,0.08010050274395991,0.4647633084191143
0,0.8912013996978381,0.009817890505664157,0.09898070979649769
2,0.21439518436930824,0.044678269328571406,0.7409265463021207
0,0.949930450213628,0.009879412865137178,0.040190136921235096
0,0.8855457427385113,0.015636990305827412,0.09881726695566123
0,0.8185985174276439,0.01524283412360775,0.1661586484487484
2,0.5263067639269793,0.1030726182726209,0.37062061780039995
0,0.9344067274734731,0.018284489954042787,0.04730878257248399
0,0.42885502448893387,0.07309425371740587,0.4980507217936603
2,0.24197026672321148,0.09812136471392068,0.659908368562868
2,0.05259047503135024,0.09193228151340914,0.8554772434552409
2,0.1400278166719768,0.05155820041771472,0.8084139829103086
2,0.059641023317393294,0.013423401473147864,0.9269355752094588
2,0.02578656594688222,0.013038927047288977,0.9611745070058287
0,0.8115924311264439,0.015766829299113244,0.17264073957444295
2,0.02090436529661723,0.02731559933285967,0.9517800353705229
2,0.45341176605691463,0.07045292276878432,0.47613531117430113
2,0.004442887494077199,0.023354376176238686,0.972202736329684
2,0.1020217686156958,0.01927504626460018,0.8787031851197041
0,0.8014310535970943,0.030917593850887118,0.16765135255201852
2,0.7980923199690716,0.011421389117493616,0.19048629091343447
0,0.8418187238827752,0.044300362129631336,0.1138809139875931
0,0.9460616137495125,0.00801844962787678,0.04591993662261072
0,0.8549358698290817,0.016023983478286218,0.129040146692632
0,0.5268360549623726,0.08872376909525985,0.38444017594236746
0,0.5748618606127502,0.028087714801163958,0.39705042458608575
0,0.953979213657942,0.009028178569898057,0.036992607772160055
2,0.10643050021660935,0.09349107105838249,0.8000784287250081
2,0.43805594056834507,0.08028162280699465,0.48166243662466035
2,0.6860675067497358,0.024820605244720264,0.2891118880055441
2,0.16703614032863373,0.05241199460550644,0.7805518650658602
2,0.008052301182667566,0.013184296743304387,0.978763402074028
0,0.9541938406671499,0.007518636033649372,0.03828752329920067
2,0.18483067498227265,0.057136209712789036,0.7580331153049382
2,0.008522304666235363,0.023953079290231667,0.9675246160435328
0,0.9426153203374484,0.008944089720185355,0.04844058994236572
0,0.870375885039319,0.020117286879578363,0.10950682808110246
0,0.8388060451242675,0.017676513261256802,0.1435174416144762
2,0.027171273123330654,0.01017595848774771,0.9626527683889217
2,0.14164937337298183,0.03083768198905761,0.8275129446379605
1,0.7533128613583999,0.03849021173379308,0.2081969269078074
0,0.25295056769608354,0.03547607581243377,0.7115733564914828
0,0.7839412381494522,0.012720749163354268,0.20333801268719376
2,0.641116844874493,0.03204495534579428,0.32683819977971246
0,0.9380754353901566,0.013322899976603646,0.048601664633239824
0,0.3811579233532596,0.102866298647556,0.5159757779991845
0,0.9384895091839078,0.005956048915565028,0.05555444190052724
0,0.5945456789266221,0.08292675769765237,0.3225275633757256
2,0.02835162929280063,0.040936364506206385,0.9307120062009933
2,0.008079434774993354,0.05228187274267538,0.9396386924823312
2,0.05773897587486534,0.04290198347646848,0.899359040648666
2,0.8018117119822468,0.042712806598482735,0.15547548141927064
0,0.5840096659717329,0.05202201402925877,0.3639683199990086
0,0.33481840143773833,0.11443390211503479,0.5507476964472272
2,0.6585059664275128,0.03499621332935911,0.30649782024312827
0,0.8223024470908994,0.024111774797674557,0.15358577811142612
2,0.8050814666708964,0.015569118050413899,0.17934941527868936
0,0.8980053591418823,0.007928535348957365,0.09406610550916047
0,0.6928038053020514,0.03237742545751504,0.27481876924043347
2,0.5318554411683384,0.0657410562151171,0.4024035026165443
2,0.6817030924800926,0.04009258429016419,0.2782043232297432
0,0.9279998169427875,0.016493840892637494,0.055506342164573876
0,0.6373577709334278,0.03172026721433226,0.33092196185224
2,0.3088330670836897,0.05624866397078135,0.6349182689455288
1,0.3576604762512413,0.07159848560483441,0.5707410381439242
0,0.8054440347671314,0.013073013266421157,0.181482951966448
2,0.014322512871535993,0.021451200811585334,0.9642262863168783
0,0.8685213733562295,0.008692108222053883,0.12278651842171664
0,0.23897425811492956,0.05453529011944311,0.7064904517656269
0,0.9407472865525885,0.007406460892135457,0.051846252555275064
2,0.04804352045628437,0.03282796229151867,0.9191285172521967
1,0.46875504350274055,0.11624795272867318,0.4149970037685857
0,0.9442815901409221,0.009856162451827378,0.04586224740725047
2,0.2609151745012508,0.03618208409322064,0.7029027414055287
0,0.8979164850002909,0.006489985618106911,0.0955935293816022
0,0.8772847951800471,0.014371865789190957,0.10834333903076233
0,0.6240370754150947,0.02604685392205232,0.3499160706628531
1,0.5363866490089559,0.08912066297583476,0.37449268801520924
2,0.010028157751261061,0.01070864148553846,0.9792632007632002
2,0.31362384438639973,0.09010396579901311,0.5962721898145875
2,0.3294766425677672,0.04970794333677479,0.6208154140954582
2,0.205942550360257,0.034258645214623455,0.7597988044251198
2,0.16515531448228613,0.10834685926576539,0.7264978262519488
0,0.9284441139803472,0.01026826733371507,0.06128761868593807
2,0.6440922304594779,0.02133978949463313,0.3345679800458888
0,0.3825911917282315,0.07017094896505661,0.5472378593067119
1,0.3607490767166954,0.11733268502131296,0.5219182382619917
2,0.0965013722606669,0.03291340747650145,0.8705852202628314
0,0.8480747872202568,0.03578419071709545,0.11614102206264797
2,0.18146877041660955,0.07482464441566287,0.7437065851677273
0,0.8770230993735323,0.025788073828644134,0.09718882679782315
0,0.6565537164168901,0.0712400760970654,0.27220620748604485
0,0.9058341778364821,0.018502875052163612,0.07566294711135386
2,0.05807562593330518,0.09453251528454869,0.8473918587821463
0,0.9376493302483097,0.006520588861247766,0.05583008089044249
2,0.3972934363696882,0.045623902516281845,0.55708266111403
0,0.9550126302870436,0.007015748521388468,0.03797162119156769
0,0.8271463351714008,0.04306676174841899,0.12978690308018032
2,0.14330431209846042,0.09011379329900641,0.766581894602533
2,0.12159609545505198,0.040182534364480355,0.8382213701804676
0,0.699658767997786,0.07046591394514247,0.22987531805707137
0,0.917707590971802,0.01989790414063587,0.062394504887562374
0,0.9474056365706437,0.011842713593785288,0.04075164983557126
0,0.8756466105255067,0.003464955750445727,0.12088843372404781
2,0.9205913080141785,0.011262465193330065,0.0681462267924914
0,0.9418249894834447,0.01925539599734398,0.038919614519211346
0,0.5189998738600482,0.11229292433295192,0.3687072018069998
0,0.49349040924751764,0.13985513917857764,0.3666544515739048
0,0.7487102777049395,0.016528217100710466,0.23476150519434968
1,0.49405683717953625,0.11160966241389662,0.394333500406567
0,0.9534939135925268,0.00839047343740059,0.03811561297007278
0,0.43117465665030835,0.08476816131149965,0.4840571820381922
0,0.21891011997567764,0.06610765760939924,0.7149822224149233
0,0.9391951790913531,0.00799121476136832,0.052813606147278536
0,0.27496084899826007,0.057834832102258926,0.6672043188994816
0,0.8993551133518466,0.017639160080115925,0.08300572656803748
2,0.47982881587188747,0.03613222728785743,0.48403895684025516
2,0.17201458481933707,0.03374445837234535,0.7942409568083176
2,0.885053571810762,0.015562859038193285,0.09938356915104503
2,0.14062919748673275,0.02496045378317346,0.8344103487300937
2,0.8205775127594794,0.049282069561640655,0.13014041767888002
0,0.9544145834654525,0.009048089165706817,0.03653732736884046
2,0.4056225152558942,0.08069596085295708,0.5136815238911484
0,0.5891275076471699,0.08620097928360501,0.32467151306922537
0,0.9478896842953791,0.006968649232002764,0.045141666472616734
0,0.937672447236199,0.011550593343377161,0.05077695942042305
0,0.9103075111546824,0.010206317308326624,0.07948617153699099
2,0.030089650669598914,0.042023892239254804,0.9278864570911461
2,0.8386615784258735,0.06926341956874073,0.0920750020053859
0,0.9510510657545865,0.0071329477974197125,0.041815986447993454
1,0.6349422939567797,0.06442914055943208,0.3006285654837881
0,0.9446207402532387,0.007470868502904975,0.04790839124385642
0,0.7015373966176824,0.03550311428233431,0.2629594890999831
0,0.9415911585352569,0.007983343535127639,0.05042549792961538
2,0.2271005681278323,0.033262227516667596,0.7396372043554994
0,0.9372817591304201,0.011228092017473811,0.051490148852105816
2,0.2663200794876452,0.031136759330421978,0.7025431611819324
2,0.7837985190541553,0.014573203442647465,0.20162827750319742
2,0.09914992168788993,0.06242421456202398,0.8384258637500862
0,0.256938966370917,0.04451782229118856,0.6985432113378937
2,0.01157861440371994,0.007381003948463617,0.9810403816478164
2,0.5816231007956446,0.10431943298363497,0.31405746622072034
0,0.8997064885681411,0.018564151289933536,0.08172936014192515
0,0.45814479573405925,0.06320817836872217,0.47864702589721875
0,0.941537932683476,0.020720007491166603,0.03774205982535738
0,0.17766852350230583,0.0202213516565276,0.8021101248411663
0,0.9428343264428934,0.00781205581831993,0.04935361773878661
0,0.45441212142900617,0.03911074898658471,0.506477129584409
1,0.20229237906435443,0.09025702927555658,0.7074505916600888
0,0.612603092387184,0.023608713909541255,0.3637881937032749
0,0.8362302355121878,0.01742316250672253,0.14634660198108948
2,0.25877323797993,0.09564275450891448,0.6455840075111556
0,0.41819742931782444,0.08628751697597727,0.49551505370619825
0,0.8662305306891088,0.0060330712599485446,0.12773639805094264
0,0.9516616073264828,0.007822180297227832,0.040516212376289405
2,0.9478350419267917,0.010412215517702236,0.04175274255550627
0,0.9550139180922302,0.006919927028249638,0.038066154879520114
2,0.24912784435982072,0.039940552784518135,0.7109316028556608
2,0.6679198231067985,0.0562970781760024,0.27578309871719886
2,0.0751722543850692,0.14232846482814623,0.782499280786785
2,0.0238020407712221,0.04371262647986653,0.9324853327489114
0,0.8933398768550379,0.010345083225673431,0.09631503991928862
0,0.8862171556198264,0.012168846636462683,0.10161399774371074
2,0.007975074487192937,0.0045638905648161705,0.9874610349479908
2,0.3965862759777364,0.10455294863022346,0.49886077539204005
0,0.8782234752599274,0.01917019832347267,0.10260632641659972
0,0.9448829973976803,0.008847681389052781,0.0462693212132669
0,0.615524612142124,0.04574784285525306,0.338727545002623
0,0.5732067595094523,0.06349078552361014,0.3633024549669376
0,0.3103737023073387,0.06297905189744996,0.6266472457952115
0,0.7725427218826486,0.021269987403139092,0.20618729071421227
0,0.9556482977754319,0.007618687377567769,0.03673301484699997
0,0.7609649124864009,0.031166068295121398,0.20786901921847784
1,0.4438627060357211,0.1590959422540465,0.39704135171023236
0,0.2299507401878564,0.06948453477267803,0.7005647250394659
0,0.8869037064614554,0.011611761563608177,0.10148453197493652
0,0.7194856322698588,0.060324449598954936,0.22018991813118624
2,0.0031410163465236058,0.0008956560680698612,0.9959633275854065
2,0.657604850119143,0.07238569731973603,0.2700094525611209
0,0.4389741537010294,0.035124643880051716,0.525901202418919
0,0.9382430322811067,0.007171010489522076,0.05458595722937133
2,0.19516019451544958,0.055501607220900875,0.7493381982636496
0,0.94925892001179,0.007951736267004794,0.04278934372120547
2,0.005794029956301762,0.0037984418488620168,0.9904075281948361
0,0.9348496848936676,0.0064912503545129395,0.058659064751819215
2,0.878897280048508,0.013988745009886602,0.1071139749416058
0,0.5333694375299621,0.10185362053342505,0.3647769419366126
0,0.32370047873417723,0.051525280762132544,0.6247742405036901
2,0.008140794296809096,0.004564506778304624,0.9872946989248863
0,0.9444246608111596,0.008968170118456196,0.04660716907038425
0,0.9320270795403265,0.010583565854608873,0.05738935460506483
0,0.8470428364774844,0.035220210414902295,0.11773695310761344
2,0.03898348218738494,0.03594975009792395,0.9250667677146912
