target,prediction_0,prediction_1,prediction_2
2,0.12036856603788225,0.03230314867779322,0.8473282852843245
0,0.8908677378191464,0.028015866946163398,0.0811163952346901
0,0.9546495253989595,0.013647877639317293,0.03170259696172326
2,0.030025666396847117,0.04670587760732954,0.9232684559958233
0,0.7652893437717897,0.061324505519281716,0.17338615070892852
0,0.8505800122555509,0.0038424800666461228,0.1455775076778029
0,0.8424094902434689,0.02457437747371739,0.1330161322828137
2,0.01457246369399136,0.013706604407137057,0.9717209318988717
0,0.9717547301276734,1.7878268128638125e-05,0.028227391604198092
1,0.21939121212133436,0.04272838449471161,0.7378804033839541
2,0.020724241577696614,0.011165070243429307,0.9681106881788741
0,0.7252001120001436,0.03338605795670926,0.24141383004314715
0,0.9312355115943667,0.007064192245740516,0.061700296159892816
0,0.7772058044198419,0.025267010080060784,0.19752718550009724
0,0.9467184462078628,0.016303594265230873,0.0369779595269063
2,0.4861537264385085,0.0931193363946708,0.4207269371668207
0,0.9125470065029986,0.005610950988814305,0.08184204250818718
2,0.5493370949664756,0.08100490730917825,0.3696579977243461
0,0.9146598202396653,0.02392522506259037,0.06141495469774427
2,0.2975530598971801,0.08195789789790725,0.6204890422049126
0,0.9187498348724055,0.01870782292394405,0.06254234220365053
1,0.2838128694646711,0.06515916208147791,0.651027968453851
2,0.09332757679923884,0.030042670553966266,0.876629752646795
0,0.8406624516652363,0.009394905134461057,0.14994264320030254
0,0.4521045408034747,0.13984143396031823,0.4080540252362071
0,0.8972951890035691,0.08664391297293171,0.01606089802349917
0,0.9068821023628628,0.004115054358997584,0.0890028432781394
0,0.953375313795071,0.0057923369826535925,0.04083234922227532
0,0.24810910147779516,0.0667111018163549,0.6851797967058498
0,0.8902760107181831,0.019418570448242516,0.09030541883357444
2,0.05190286337334106,0.013429538186508173,0.9346675984401508
2,0.14469234473528483,0.06381969353948204,0.7914879617252331
0,0.44665789224072183,0.07902679853001077,0.4743153092292674
2,0.35109325519226336,0.11254482498374004,0.5363619198239966
0,0.8035140753595412,0.0767246160574416,0.11976130858301709
2,0.17703562855138827,0.05831520869507615,0.7646491627535356
2,0.5876747761390179,0.05746820216988893,0.35485702169109323
0,0.9445695496502513,0.04065004730770181,0.014780403042046919
0,0.16998015999150867,0.042368809222653195,0.7876510307858381
0,0.4236849291891415,0.022245434356982837,0.5540696364538756
0,0.6963940649217563,0.020147405813476082,0.2834585292647676
2,0.510113434255765,0.1683168389940282,0.3215697267502068
0,0.8006299479343811,0.013362453705736379,0.18600759835988254
0,0.9585998416851366,0.004991862247716488,0.03640829606714706
0,0.9367499236347393,0.013238980327767795,0.050011096037492764
0,0.6425409974575796,0.10028246995720755,0.2571765325852128
0,0.8843785964413097,0.0034176787278911475,0.11220372483079923
2,0.7973587273613121,0.04202131642673216,0.1606199562119557
0,0.7881419295612432,0.0016339879779834312,0.21022408246077343
2,0.4597618174206808,0.08357582023453511,0.45666236234478413
0,0.9482197009529726,0.03160946059334059,0.020170838453686873
0,0.9841819375861527,0.006426547094567585,0.009391515319279706
2,0.03461288909016112,0.013499725087157235,0.9518873858226815
2,0.361239193000323,0.09571030287402396,0.543050504125653
2,0.40942324198321156,0.040302523898079916,0.5502742341187085
0,0.9682045719567535,0.00037100637601249973,0.031424421667233984
0,0.8820097076373565,0.03199899527961461,0.08599129708302895
0,0.7230073469553779,0.08289083298056067,0.1941018200640613
0,0.9072301822842292,0.0011769597443576107,0.09159285797141331
0,0.9497766224835444,0.043784326824386786,0.006439050692068805
1,0.7998200783061571,0.03951397180369765,0.16066594989014538
2,0.77695065316934,0.048852298992465175,0.17419704783819487
0,0.9259278458122576,0.012827646281367152,0.06124450790637516
2,0.0016998244599734883,0.00025686502065659465,0.9980433105193699
2,0.25562470820711586,0.08302358413994333,0.6613517076529409
2,0.008203713324608083,0.004394385387145683,0.9874019012882462
1,0.8852850319466494,0.006150378436589069,0.10856458961676155
2,0.18912305759189202,0.10993723524500389,0.7009397071631042
2,0.10153653526259358,0.06554838364757949,0.8329150810898269
0,0.9057402631707868,0.005962397278686254,0.08829733955052678
0,0.9345443216513619,0.010167166098852423,0.05528851224978573
0,0.8635525914026905,0.0016076587687061275,0.1348397498286033
0,0.9282449181489255,0.011484706966875443,0.06027037488419901
0,0.9355157380395921,0.024324171924993063,0.04016009003541485
2,0.0004759712257621095,0.00012942165824727383,0.9993946071159905
2,0.10560342778898131,0.004889479442469578,0.8895070927685491
0,0.9703701080096268,0.0002612772319559841,0.02936861475841738
0,0.6519823891261723,0.007042713337808547,0.3409748975360191
0,0.9137265058406492,0.0025222252711545306,0.08375126888819613
0,0.7466235633486682,0.024390643042728966,0.2289857936086029
0,0.9070376708655791,0.03540955854037465,0.05755277059404625
2,0.9189035119110094,0.005234911925033451,0.07586157616395718
1,0.4592203805651387,0.004737022639784397,0.5360425967950769
0,0.9144744516904431,0.030209079805723512,0.05531646850383329
0,0.7968424613386121,0.04324960866543257,0.15990792999595527
2,0.45984518979264183,0.0593232741920092,0.480831536015349
0,0.9603327704359454,0.012707033434893425,0.02696019612916114
2,0.3665710294227911,0.09436443271280606,0.5390645378644029
0,0.9666404011381226,0.007582680601334204,0.025776918260543215
0,0.8865238200942169,0.032157718755970205,0.08131846114981295
0,0.9092298607244769,0.01888116939578979,0.07188896987973323
0,0.4625834750021065,0.11210236408747404,0.42531416091041946
0,0.9544513663561097,0.005819269130369271,0.0397293645135212
0,0.9644755324727201,0.012419377302286243,0.02310509022499375
0,0.9086206527309623,0.03704616158470549,0.054333185684332236
0,0.9082748478264396,0.03300550229956181,0.05871964987399846
0,0.958456891355605,0.002021200269028422,0.039521908375366656
2,0.014893615429885196,0.01818240063161156,0.9669239839385032
0,0.9512554887532317,0.018347394041807415,0.030397117204960983
0,0.5586512434574651,0.07324848164110137,0.3681002749014335
2,0.09424787863977264,0.03831794639540202,0.8674341749648252
2,0.001352433838043489,0.00734753002452609,0.9913000361374303
2,0.0022937205041110163,0.0034659486173607193,0.9942403308785281
2,0.00812876801588647,0.028940717143785717,0.9629305148403279
0,0.9642235490751664,0.0035953496429603493,0.032181101281873147
0,0.9639489498307743,0.018623020509344543,0.017428029659881144
0,0.6427722282443556,0.12217352134569373,0.23505425040995065
2,0.6752193073654362,0.07061448883376772,0.25416620380079596
0,0.3519263295655872,0.10212119837693993,0.5459524720574729
2,0.11448497250356193,0.04861031980410464,0.8369047076923334
0,0.9010042517674003,0.01906116475981033,0.07993458347278948
2,0.3412446111930779,0.11786576517340508,0.540889623633517
0,0.6954308702602809,0.09808933980070124,0.20647978993901778
2,0.07917196942368632,0.05170509405218399,0.8691229365241296
0,0.890528376171689,0.0008174610567557006,0.10865416277155536
0,0.6147553321132454,0.025581153954905705,0.359663513931849
0,0.9437717167560773,0.0003453758632651729,0.055882907380657446
0,0.897949626442883,0.006925916304633482,0.09512445725248353
0,0.9282750513672422,0.01279433837884369,0.058930610253914086
2,0.2742374076519051,0.03888761743378895,0.686874974914306
0,0.8751290212367965,0.00700970283543131,0.11786127592777225
0,0.9137702886708858,0.03025373274243999,0.05597597858667432
0,0.8464445696182465,0.03926203731699653,0.11429339306475687
0,0.9421489305563607,0.006753616853605312,0.05109745259003412
0,0.8056479515449856,4.181494765232999e-05,0.19431023350736215
0,0.6774346569984679,0.05785401515439948,0.2647113278471326
0,0.896049158698019,0.019890431217185135,0.08406041008479583
0,0.9335173304269652,0.017028020574005282,0.04945464899902969
2,0.3434256377701197,0.08915900968400707,0.5674153525458733
0,0.8032724049828351,0.06651740764750787,0.1302101873696571
2,0.047594915504393216,0.014839454898894641,0.9375656295967122
0,0.5552426019954416,0.004629748015035442,0.4401276499895229
2,0.0017155611707907817,0.01449507434854203,0.9837893644806672
0,0.7335733049831651,0.03322760885626766,0.2331990861605674
2,0.8723858316379391,0.04410440428444816,0.08350976407761258
2,0.28864378608624497,0.06403793051029373,0.6473182834034612
0,0.717493508930115,0.016800770321257714,0.2657057207486273
0,0.9130655706263854,0.011265550455381747,0.07566887891823292
0,0.9709978177940491,0.010061173326421083,0.018941008879529764
2,0.5542736915477466,0.03862042748325253,0.40710588096900086
0,0.5612995432348691,0.107323341218132,0.3313771155469989
0,0.2355384041195412,0.0835719987450913,0.6808895971353676
0,0.6335125251557664,0.04240405091028335,0.32408342393395023
0,0.7454147330968852,0.013195530419118539,0.2413897364839962
0,0.8677077430384411,0.035344423254363794,0.09694783370719501
0,0.9780432442583302,0.00013875031074353226,0.02181800543092624
2,0.18643270630591607,0.074380689884327,0.7391866038097569
0,0.9518367887950689,0.0032617228489476434,0.04490148835598339
0,0.860286739892581,0.037859631357732376,0.10185362874968655
2,0.6043198012078644,0.12339988658425093,0.2722803122078848
0,0.8865863518624655,0.006697537026359918,0.10671611111117461
2,0.11705547885374813,0.02251337372989872,0.8604311474163532
0,0.9780698772058487,0.010629110201707868,0.011301012592443479
0,0.9309005861327841,0.011815216484778677,0.05728419738243718
0,0.4350882265428807,0.0756028032816693,0.4893089701754501
0,0.9121221391561549,0.019562906958660708,0.06831495388518445
2,0.17875253323768384,0.054199573098315995,0.7670478936640002
2,0.012026699070682871,0.006823181325997481,0.9811501196033197
2,0.8132768337352507,0.013236308026803591,0.17348685823794566
0,0.9476117331226853,0.002271509723110185,0.05011675715420442
0,0.0019542972504629137,0.05280911420333874,0.9452365885461983
0,0.9745593197262182,0.00018934519574178733,0.025251335078040067
2,0.7514999782125986,0.013500307541468505,0.23499971424593302
2,0.7109260712095977,0.03437997560997744,0.25469395318042487
0,0.876765020231909,0.0028989378826011067,0.12033604188548978
2,0.033395428177001224,0.033025212745016144,0.9335793590779827
0,0.8549132214623862,0.04434205491079646,0.10074472362681734
2,0.018678503208781234,0.016315350730310128,0.9650061460609085
2,0.6464036473071979,0.01981994397556245,0.33377640871723974
0,0.9353820827838294,0.018800207985462444,0.045817709230708124
0,0.760987028205507,0.05184459376568473,0.18716837802880823
1,0.541631215781329,0.012064556953620593,0.4463042272650504
2,0.23038051179214766,0.06354532105595688,0.7060741671518955
0,0.7349412313111543,0.06357131349050099,0.2014874551983447
2,0.4485269620622625,0.18771224994375224,0.3637607879939852
2,0.29550107930338604,0.06016312937431831,0.6443357913222957
0,0.9817426223101557,0.0007648573018727408,0.017492520387971344
0,0.00018551934067353694,0.003709501644234477,0.9961049790150921
2,0.03199862547458913,0.012644745346124824,0.9553566291792861
0,0.9168747883651645,0.0024513091610923383,0.08067390247374326
0,0.008653267319658911,0.16919431179769767,0.8221524208826434
0,0.5444469517192121,0.06006380971571676,0.3954892385650712
2,0.0005676597584000519,0.0001682057320748677,0.999264134509525
0,0.9119813584809623,0.004084050683474026,0.08393459083556366
2,0.17088484793019884,0.10463902996280725,0.7244761221069939
2,0.36609377534083465,0.0713273867491621,0.5625788379100033
1,0.7002674395471484,0.05070567265728658,0.24902688779556506
0,0.08636553456179652,0.013034094147873236,0.9006003712903303
2,0.33984792479052833,0.005373938481427518,0.6547781367280442
2,0.4742346477742699,0.12900466956161932,0.39676068266411074
0,0.4194312357774584,0.12217639875074827,0.45839236547179335
0,0.8282189095957869,0.0357452926017068,0.13603579780250621
0,0.723974349735115,0.037544630025798775,0.2384810202390861
2,0.20246728831543045,0.07587833443145005,0.7216543772531195
2,0.3051782964776356,0.015573191070862339,0.679248512451502
0,0.8222919737647008,0.023916919202657518,0.15379110703264165
0,0.6606132808268289,0.0791140389222788,0.2602726802508922
0,0.905616880504853,0.024346409305465742,0.07003671018968119
2,0.8269863335755798,0.03648544805364833,0.13652821837077186
0,0.9834760803595366,0.00864711242333892,0.007876807217124407
0,0.8550332371282147,0.011737853583998365,0.133228909287787
0,0.9699132712252015,0.0007677085894102787,0.02931902018538836
2,0.790633141246836,0.016968585859735746,0.19239827289342828
0,0.9335863592677095,0.045823476287814344,0.020590164444476124
0,0.7518015005418945,0.034109403168625645,0.21408909628947975
0,0.2712322678275382,0.03651138803146638,0.6922563441409955
0,0.9393577840771471,8.06782377561081e-05,0.06056153768509672
2,0.314513924093662,0.0975657167319853,0.5879203591743527
0,0.9046843193445753,0.0272470996850795,0.06806858097034514
2,0.08128801347343162,0.026148454960777157,0.8925635315657913
0,0.8421741704819206,0.02505089234927825,0.13277493716880134
2,0.9061205364306032,0.0668444738097819,0.027034989759614974
2,0.05259218150059584,0.019141673088820227,0.9282661454105839
2,0.0005251397433785689,7.62548060898806e-07,0.9994740977085604
0,0.6365757416821453,0.0773552040264973,0.28606905429135737
0,0.7971789929714814,0.057926918433645336,0.14489408859487324
0,0.953989728434084,0.0006630205504292713,0.04534725101548678
0,0.8611034072310231,0.03874294349581746,0.10015364927315956
2,0.9875021473489903,0.0012766402119751892,0.011221212439034366
0,0.9056431412795484,0.00305343654540016,0.0913034221750515
0,0.10172572745483272,0.056629589039947685,0.8416446835052196
0,0.8877312856010279,0.0031759235609226943,0.10909279083804943
2,0.8219476457277751,0.0070351509967396635,0.1710172032754854
2,0.7747643506993382,0.009051561422752472,0.21618408787790935
2,0.012351670917751892,0.003326681900432659,0.9843216471818155
0,0.8952107052073855,0.015837129115826735,0.08895216567678782
0,0.9311244216927429,0.030358615482609496,0.038516962824647574
2,0.4921165228463416,0.08781809431956854,0.4200653828340898
2,0.028920286154239607,0.003390545427212466,0.9676891684185479
2,0.1029111892590553,0.048541500880614555,0.8485473098603301
0,0.814611144835189,0.03417816908708845,0.15121068607772256
2,0.01730525498141691,0.0003615565933639367,0.9823331884252192
0,0.8154583104842833,0.03002954875489457,0.15451214076082212
0,0.9526987136597825,0.00786371519961392,0.039437571140603554
0,0.39406951995142864,0.07498034859756852,0.5309501314510028
0,0.2003489990130765,0.05782475769036154,0.741826243296562
2,0.45539342486580714,0.00705768975653744,0.5375488853776554
2,0.8642562198791341,0.012183138986953052,0.12356064113391278
0,0.9587020974657058,0.0012331845894902077,0.040064717944803936
2,0.5483759467450993,0.03618304525906274,0.41544100799583794
2,0.12599538405898766,0.03977671437753362,0.8342279015634788
0,0.9159492539971305,0.027893336177161495,0.05615740982570812
0,0.9803278057067332,0.0024607708154736653,0.017211423477793183
0,0.9021148234924238,0.0012609680339978695,0.09662420847357835
0,0.8366205924004838,0.011155432544739398,0.15222397505477678
2,0.03861449949555498,0.011874666275074065,0.949510834229371
0,0.2786547142728787,0.10619875300837453,0.6151465327187468
0,0.859137318395726,0.008706047821149825,0.13215663378312417
2,0.033248116623528105,0.023388709931283374,0.9433631734451885
0,0.9418304474231729,0.0027410329902989613,0.05542851958652819
0,0.009228282328494007,0.014587040145127971,0.9761846775263782
2,0.08037469841949565,0.04950682525358574,0.8701184763269186
2,0.010111860324397742,0.014393922838287474,0.9754942168373147
1,0.0001711411936976739,2.3588263972932805e-05,0.9998052705423293
0,0.9887067438510884,0.0004724652214377867,0.010820790927473671
0,0.9662612609451052,0.016902343223940214,0.016836395830954688
2,0.12660537952721887,0.03886766177193042,0.8345269587008507
0,0.9390175483038531,0.0026452192190179595,0.058337232477128895
0,0.8929233771365529,0.002822478863746177,0.10425414399970087
1,0.48676461718567376,0.1023690560033751,0.41086632681095103
0,0.7900792875650305,0.03583261667275981,0.17408809576220965
2,0.8459449712920568,0.06148533114849423,0.09256969755944906
0,0.35321533979990366,0.08410856278694681,0.5626760974131495
0,0.9730415722251486,0.010722505116672821,0.01623592265817853
2,0.2485462643778688,0.09859987879273527,0.6528538568293959
0,0.31387337523616654,0.09146200180649311,0.5946646229573403
0,0.6152173048764614,0.21072743901172114,0.17405525611181744
0,0.7561535275485688,0.0057674281931197075,0.23807904425831158
2,0.5130166426709883,0.08957033657731184,0.3974130207516999
2,0.004854452002280457,0.20296272246257444,0.7921828255351451
0,0.8667550679925761,0.0908941179825504,0.04235081402487362
2,0.27632159525494204,0.031186422745966287,0.6924919819990916
0,0.9079545815314487,0.005131375965484471,0.08691404250306699
2,0.47338580319956414,0.11305677266855368,0.4135574241318823
0,0.8336032098735794,0.027949666834600862,0.13844712329181982
0,0.5603692997930074,0.06792839415254918,0.3717023060544434
2,0.7773991836996411,0.022022770503321475,0.2005780457970374
0,0.6420438272396587,0.058026540465333704,0.2999296322950077
2,0.30039753945674835,0.06245221037439266,0.637150250168859
0,0.9121766651270964,0.001321009405406991,0.08650232546749656
2,0.9545899025221417,0.00986374334617771,0.035546354131680585
0,0.9553257964370572,0.017517185515161807,0.02715701804778117
0,0.9561139373443591,0.0005998353858192271,0.043286227269821585
0,0.6915143474845159,0.0632219786162613,0.24526367389922285
0,0.986069470611137,0.006094262990410639,0.007836266398452401
2,0.0011132340687933613,0.004547462176004778,0.9943393037552017
0,0.5336036783336404,0.08385395941814164,0.38254236224821797
0,0.7761177838553122,0.017876681076951485,0.20600553506773636
2,0.004096619737477295,1.0070891832176493e-05,0.9958933093706904
0,0.9647862998231077,0.00669872639556152,0.028514973781330753
0,0.922206085143041,0.042154864159504354,0.03563905069745473
0,0.8873752625435385,0.03300604743662053,0.07961869001984101
2,0.010108988019124784,0.0030918123178140886,0.9867991996630611
2,4.6202513768073783e-07,4.529983440667079e-06,0.9999950079914217
2,0.20041689137710272,0.03203660069011137,0.7675465079327859
2,0.011631196809871992,0.0062538195542627675,0.9821149836358654
2,0.44897377836635166,0.02148170020016379,0.5295445214334845
2,0.0017317992996710658,0.0037277817458227134,0.9945404189545062
0,0.9177935478976975,0.014934222470049661,0.06727222963225267
0,0.9734373793914839,3.692181532411804e-05,0.026525698793191933
0,0.9935716790322235,0.0010567440644542693,0.005371576903322284
1,0.5741846909358772,0.08058641588408887,0.34522889318003386
1,0.9497773663185511,0.014886990336132397,0.035335643345316546
0,0.7900059864774052,0.021800488921042905,0.18819352460155186
2,0.19221941201008774,0.07921071858053991,0.7285698694093723
2,0.9263795265464864,0.02336260478471677,0.050257868668796855
0,0.04485483116349785,0.00011022772435191328,0.9550349411121503
0,0.9518414836582378,0.0006797794405865395,0.04747873690117574
0,0.8555490159263814,0.012619770448512377,0.13183121362510616
2,0.02647491074967686,0.008864331221825195,0.9646607580284979
0,0.5191081356434623,0.06107044946343533,0.4198214148931024
0,0.8720866027304301,0.00717442481408816,0.12073897245548183
0,0.9123462643092921,0.016304766329592525,0.07134896936111543
2,0.4135297615144613,0.02273815086932374,0.5637320876162148
0,0.9762512080544485,0.004614710690061344,0.019134081255490203
0,0.9539617134468565,0.015456213369476217,0.030582073183667322
0,0.8043371162892483,0.08147538099281987,0.11418750271793182
0,0.8482875875777939,0.026172283524796655,0.12554012889740956
0,0.9255279742093512,0.0008479905657733586,0.07362403522487551
2,0.7025933573243697,0.0778413536275209,0.21956528904810946
0,0.9829109575400135,0.0003085065904324816,0.01678053586955392
0,0.9523465896276598,0.02469096130878561,0.022962449063554543
0,0.8173917224700521,0.023054168626628374,0.1595541089033195
2,0.6100967585720865,0.04551470751876249,0.3443885339091511
0,0.4463261760849017,0.12983219978464647,0.4238416241304517
0,0.929915695283515,0.024710448568047345,0.04537385614843746
2,0.04824834016672147,0.03424731572777072,0.9175043441055077
0,0.851389079009059,0.024072133082266987,0.12453878790867384
2,0.1001712554637251,0.043897297016292615,0.8559314475199824
2,0.41436572927620335,0.07532943464466511,0.5103048360791316
0,0.78835216001192,0.015524659825020964,0.19612318016305902
0,0.9606443568709033,0.020293657112517367,0.01906198601657936
0,0.762686144764329,0.02069251683664515,0.21662133839902584
2,0.5657244016526576,0.15711113076264197,0.2771644675847005
0,0.917800740030917,0.03170397039803641,0.05049528957104654
2,0.8108140275749526,0.045613690274562996,0.14357228215048448
2,0.021765307656110865,0.0001515370477195775,0.9780831552961695
0,0.9865597273009703,7.852540053398292e-05,0.013361747298495753
0,0.912018024576502,0.004283837871980239,0.08369813755151789
2,0.12092905429469127,0.01849757707015125,0.8605733686351575
0,0.28579106404039156,0.06958065751443981,0.6446282784451686
0,0.6410319621746425,0.011031972142530929,0.34793606568282665
0,0.5174184769821106,0.06318029284221156,0.4194012301756778
0,0.9535717993552301,0.003198808724405072,0.04322939192036498
0,0.8454390659067544,0.013392706959245083,0.1411682271340004
2,0.2883990561346379,0.080045660422201,0.631555283443161
0,0.9432416490261768,0.00135410678324169,0.05540424419058143
0,0.8344722509881968,0.042514321051816156,0.12301342795998714
1,0.35591157309653026,0.07731822395940423,0.5667702029440655
0,0.8196137463267582,0.012282917695036704,0.1681033359782051
2,0.695467238763469,0.021101221445612987,0.283431539790918
2,0.3763523352030594,0.11152005411494437,0.5121276106819962
0,0.9822743359534155,0.009848229836237628,0.007877434210346923
0,0.8958110542253834,0.0034399088740130193,0.10074903690060358
2,0.07034428517863657,0.029845953157097115,0.8998097616642663
0,0.8013794854392392,0.018548790964853106,0.18007172359590762
2,0.02313545947064066,0.018213123993649896,0.9586514165357095
0,0.9173531711848701,0.0014827356069877192,0.08116409320814223
0,0.9627424843099904,0.011591525844978716,0.02566598984503076
0,0.6002600962271923,0.03626081476116899,0.36347908901163867
0,0.9354728767077919,0.005355213271092767,0.05917191002111538
2,0.3168125670140905,0.03777566876747668,0.6454117642184328
0,0.9386422950733893,0.0004488270690401503,0.06090887785757065
0,0.9714939807732565,0.005152351570035197,0.023353667656708283
0,0.8119394562868677,0.013525668189942516,0.1745348755231899
0,0.9395033629000216,0.01368589193498938,0.04681074516498915
2,0.45603545750384933,0.08253060521979966,0.46143393727635107
0,0.8736300989479607,0.04127903415379412,0.085090866898245
0,0.442266202691935,0.15004590008961385,0.4076878972184511
0,0.6824772971006943,0.11527714278321292,0.20224556011609282
0,0.7612859335030554,0.07898961180272221,0.15972445469422236
2,0.17793591482048862,0.08263134523162809,0.7394327399478833
2,0.10940361498104521,0.0023693886216165742,0.8882269963973383
0,0.6719328123481468,0.022113398831966884,0.3059537888198864
0,0.9268112775021542,0.009377141251025707,0.06381158124682022
2,0.38738956720725737,0.10354487329822781,0.5090655594945148
0,0.8648459742975677,0.03977231889598453,0.09538170680644777
0,0.987182803740204,0.005890105770422041,0.006927090489374087
0,0.8938331154804519,0.018436913798883684,0.08772997072066444
0,0.9820403689774295,0.005739846959408441,0.012219784063162004
0,0.9786688519767145,0.004903939154455618,0.0164272088688298
0,0.5770444880322042,0.08202915261241557,0.34092635935538024
2,0.08143351717765353,0.03405185086549041,0.884514631956856
0,0.7482596890787144,0.02191112327326336,0.22982918764802227
0,0.7105823257662252,0.039572380161989135,0.24984529407178555
2,0.3590713885842322,0.12097812759596013,0.5199504838198077
2,0.09336410836717855,0.03513085224285353,0.8715050393899679
2,0.27124999705685265,0.061654823981337654,0.6670951789618097
0,0.5637389035804506,0.06711549681734089,0.3691455996022085
0,0.7577414484741644,0.02973161230419596,0.21252693922163984
0,0.998129398055649,0.001432473477426633,0.00043812846692427575
0,0.34036911769266964,0.08520470591443079,0.5744261763928995
2,0.8266447983166744,0.026234789784627757,0.14712041189869793
0,0.8209187529071049,0.12808243147415335,0.05099881561874185
2,0.15608097032567275,0.06551337443006988,0.7784056552442574
0,0.884103448384127,0.019020311417843983,0.0968762401980291
0,0.9217479505376965,0.013500363024427808,0.06475168643787568
0,0.326936983929444,0.041212178320229435,0.6318508377503266
0,0.7516357009761467,0.023484039341553416,0.2248802596822998
2,0.7702331034756207,0.040994788332469924,0.18877210819190945
0,0.6164381762457801,0.10673101482841717,0.2768308089258027
0,0.8146333197261296,0.007759065831617788,0.1776076144422526
0,0.4624154654275599,0.031208866627287866,0.5063756679451522
2,0.9161617895312945,0.0011614804802810008,0.08267672998842462
0,0.8572254521412231,0.004125498930089943,0.13864904892868696
0,0.2899412563806293,0.1053523459267689,0.6047063976926018
1,0.135041165281016,0.0007990918318425263,0.8641597428871415
0,0.8910427693847571,0.038022841584781565,0.07093438903046122
0,0.9709362953869013,0.003672381172250811,0.025391323440847727
0,0.8998993043058546,0.010531417382568575,0.08956927831157668
0,0.7957910773734973,0.014191282107746893,0.19001764051875586
0,0.8648314717240506,0.021051283549567274,0.11411724472638216
0,0.9130088206498737,0.0068551100116846795,0.08013606933844164
2,0.033077705909501105,0.006614651954726799,0.9603076421357722
2,0.5149609145114035,0.05830701183289089,0.4267320736557057
0,0.9310572049357178,0.012744659617538772,0.05619813544674333
2,0.7122012719524082,0.038164774738067946,0.24963395330952387
2,0.32888366670369723,0.09903950568888437,0.5720768276074184
0,0.9112236304260891,0.0015560133492018278,0.08722035622470906
0,0.9192312639578474,0.013120859063257944,0.06764787697889471
2,0.6120220269025757,0.1255798949628747,0.2623980781345496
0,0.7670721031606177,0.024780840140530704,0.2081470566988515
2,0.048852599988221425,0.02536063057087395,0.9257867694409047
0,0.5420208192845495,0.0758277603544338,0.38215142036101674
2,0.5238434918136395,0.07836799626861476,0.3977885119177457
2,0.06834064412850896,0.021365074259525343,0.9102942816119657
2,0.004323442616645512,0.0031029646934471813,0.9925735926899072
2,0.010146750942005338,0.01800023043339873,0.971853018624596
0,0.898504183999067,0.01186393622013449,0.0896318797807984
0,0.8920801928362296,0.009702416876634984,0.09821739028713544
1,0.35064560808255907,0.1045479917183461,0.5448064001990949
2,0.04583429053909125,0.04003452838461855,0.9141311810762902
0,0.9685644347841255,0.003230089420720199,0.028205475795154346
2,0.2784126273234032,0.16684691489225076,0.554740457784346
0,0.1380783326610869,0.04485435854978912,0.8170673087891239
0,0.699590378681486,0.03820271803657916,0.26220690328193497
0,0.7926077221638248,0.03163498384751007,0.17575729398866516
0,0.9689925169586162,0.0011421145178031852,0.02986536852358061
0,0.8566442921141684,0.0010471685466796196,0.14230853933915197
0,0.5225190191331379,0.10106619211695377,0.3764147887499084
2,0.13495331664088445,0.06195442966263422,0.8030922536964814
0,0.8755183055471774,0.03882773300980392,0.08565396144301879
2,0.855876285495228,0.030148398497313676,0.11397531600745836
2,0.030173229801030953,0.01406328617253159,0.9557634840264375
0,0.9526335905976994,0.015554732338496396,0.03181167706380428
0,0.9729286690284725,0.01489350783156615,0.012177823139961332
0,0.8870461865901799,0.012897656260057386,0.10005615714976268
0,0.8392924525177452,0.04373387146139967,0.11697367602085516
0,0.9704177636430118,0.015005727631880206,0.014576508725107934
0,0.9706184253793434,0.005301504627064759,0.024080069993591812
0,0.8896806310179433,0.035833829326084234,0.07448553965597259
0,0.9354126064751811,0.012268352169120263,0.05231904135569848
2,0.17640648188071037,0.03352025875359995,0.7900732593656897
0,0.7977055691541508,0.08195133806339741,0.1203430927824519
2,0.04895796865680763,0.014840231578610034,0.9362017997645823
0,0.9229889992645469,0.0062413582731641135,0.07076964246228896
2,0.056673560839170536,0.030951310673849913,0.9123751284869795
0,0.5052910231568918,0.10830434731815375,0.38640462952495447
2,0.014806881694184775,0.010599216638428222,0.974593901667387
2,0.2640435987330112,0.09197969003004186,0.6439767112369469
0,0.9169996766041695,0.0051125393060872945,0.07788778408974334
2,0.09650659290528134,0.03164457875351347,0.8718488283412051
0,0.9276310223805404,0.017903725695261,0.054465251924198606
0,0.9281404416402023,0.01460824005884869,0.05725131830094914
0,0.8794387203205921,0.034779559577252706,0.0857817201021553
2,0.11937235790610817,0.08522508893173512,0.7954025531621568
0,0.9347261084505755,0.004564509645968096,0.06070938190345654
0,0.5335578626951673,0.015051231618348539,0.45139090568648427
2,0.17619853139399366,0.05198673787166496,0.7718147307343414
2,0.13240156294998134,0.0518277871250073,0.8157706499250115
2,0.5943021773342411,0.02795272204237717,0.37774510062338174
2,0.005238393024624207,0.04937225954452336,0.9453893474308523
2,0.058924721222489825,0.01764220200989457,0.9234330767676157
0,0.706047830460265,0.019663893716954556,0.2742882758227804
2,0.00037718396680242556,0.001959742959839909,0.9976630730733577
2,0.20680328417250696,0.07942401011855588,0.7137727057089371
2,0.019433860982845733,0.005783931799753852,0.9747822072174004
2,0.0003052321437870376,0.00017064705564101657,0.999524120800572
0,0.9196454841471335,0.031670366640280986,0.048684149212585494
2,0.6823033421385242,0.046595687233952604,0.2711009706275232
0,0.8454200217567845,0.01596412934908206,0.13861584889413342
0,0.9161514891480755,0.00941285269601738,0.07443565815590726
0,0.756739669351882,0.07339133250845013,0.1698689981396679
0,0.7597162769843003,0.053860055015260096,0.18642366800043955
0,0.7869998726488935,0.02343546227965099,0.18956466507145558
0,0.9432333074235177,0.02007827526356716,0.03668841731291513
2,0.04267980906618996,0.03882921567023983,0.9184909752635702
2,0.5539418378924873,0.0829364631311394,0.3631216989763732
2,0.8960267029497329,0.006651161216884403,0.09732213583338267
2,0.4261476012177843,0.12725989025641818,0.44659250852579746
2,0.0017944588110804121,0.0016569521937684864,0.9965485889951511
0,0.9641065663458898,0.0013038681227181086,0.034589565531392065
2,0.07003964067114062,0.03385858983662644,0.896101769492233
2,0.017448350266360706,0.009212438182279039,0.9733392115513603
0,0.8748230522722924,0.019289075693103702,0.10588787203460379
0,0.8889280514397241,0.039780691662985306,0.07129125689729073
0,0.8497981195376362,0.05331743255354706,0.09688444790881678
2,0.005539556446821911,0.006262239523287168,0.9881982040298909
2,0.24779112076007162,0.025590588154084416,0.726618291085844
1,0.7567167799812413,0.08598110241235792,0.1573021176064008
0,0.04300049340995213,0.014057632888665017,0.9429418737013827
0,0.8155209834040822,0.012894175851859088,0.17158484074405866
2,0.5821313884885592,0.06023178655929695,0.3576368249521439
0,0.8450568162623653,0.04928328190266247,0.10565990183497227
0,0.24224425091702165,0.12785272065150655,0.6299030284314718
0,0.9506164234068192,0.0012381847506580251,0.04814539184252287
0,0.566983920846267,0.08497324667361558,0.34804283248011736
2,0.03170937560344727,0.02826849769517305,0.9400221267013797
2,0.01474340348510245,0.004301566837160187,0.9809550296777374
2,0.2423766261079477,0.07068474282719531,0.686938631064857
2,0.9135010312959422,0.011032130443401518,0.07546683826065642
0,0.3368427188610698,0.09044029690995654,0.5727169842289735
0,0.5456525793776967,0.24984804732573934,0.20449937329656398
2,0.6390455169764119,0.048425914004520315,0.31252856901906767
0,0.9616289522718232,0.013927853703620034,0.02444319402455666
2,0.737892337665271,0.02655587387774373,0.23555178845698538
0,0.9275424823295207,0.014856693955372913,0.05760082371510626
0,0.7494704850048878,0.0038860107381462677,0.24664350425696596
2,0.1467456064205769,0.010761574800748722,0.8424928187786743
2,0.7082946350612412,0.0009145881524370133,0.2907907767863217
0,0.911657542989163,0.031302763884902565,0.05703969312593446
0,0.7288416971053545,0.026015414300724644,0.2451428885939208
2,0.5344367116461153,0.0739757872264349,0.39158750112744967
1,0.4881694054454189,0.12042200824503504,0.3914085863095459
0,0.9008702261654811,0.0001888330111321698,0.09894094082338666
2,0.010320621538818705,0.010718612928883526,0.9789607655322977
0,0.9087046912792921,0.0038241341301971615,0.0874711745905109
0,0.18293300397795115,0.035210262707800886,0.7818567333142479
0,0.8725701618587479,0.004356358196339126,0.123073479944913
2,0.0026742489739515077,8.386634186763587e-05,0.9972418846841808
1,0.30129395896913,0.08266713229644851,0.6160389087344215
0,0.9976972000983123,0.0005842357624841657,0.0017185641392034473
2,0.1835564939761298,0.04366024611409452,0.7727832599097757
0,0.9227461698761992,0.0006345147237594151,0.07661931540004137
0,0.9258579624763671,0.0026447963581529947,0.07149724116547995
0,0.5666546041333038,0.0557888440368094,0.37755655182988673
1,0.6664492722705158,0.1754528510933899,0.15809787663609434
2,0.0004709721116266564,0.0011121897584988806,0.9984168381298744
2,0.17810617844856816,0.04091289042103226,0.7809809311303996
2,0.08325651818068203,0.029911757278431032,0.8868317245408869
2,0.0562414177254396,0.005003734822606936,0.9387548474519535
2,0.39277332053612085,0.09210771811305503,0.5151189613508241
0,0.9468598595881405,0.007669673086695482,0.04547046732516404
2,0.3149684908943669,0.023165553934556597,0.6618659551710766
0,0.11888170519154663,0.03748267241823195,0.8436356223902214
1,0.09599911917050738,0.03831023091479471,0.8656906499146978
2,0.2029103856645446,0.07665144088419595,0.7204381734512594
0,0.8508170536968441,0.02924577181735728,0.11993717448579869
2,0.5750018354027089,0.12323811075497895,0.30176005384231214
0,0.8825204134264852,0.008706957844624214,0.10877262872889056
0,0.7348708540569651,0.015275008788088644,0.2498541371549464
0,0.9880695339951062,0.011311221108359158,0.0006192448965347569
2,0.014083511172896263,0.0043250814596379195,0.9815914073674659
0,0.9322637352411426,0.01688827018768434,0.05084799457117297
2,0.22084102560168004,0.0739594976931404,0.7051994767051797
0,0.9260702434605466,0.0024261230661148233,0.07150363347333863
0,0.9851245302292984,0.00814671327317672,0.00672875649752506
2,0.49577767386057253,0.16882733789259616,0.3353949882468313
2,0.04153291507447766,0.01319732623494791,0.9452697586905745
0,0.6698111384772216,0.08593264290709109,0.24425621861568717
0,0.9654649432397042,0.02223359011994429,0.012301466640351404
0,0.9696094080068183,0.007150549528070793,0.023240042465110834
0,0.9298806460940383,0.0016300566465007567,0.06848929725946092
2,0.9576349940381098,0.0005905317368158112,0.041774474225074354
0,0.9102036312824403,0.021586822737935073,0.06820954597962472
0,0.4521045408034747,0.13984143396031823,0.4080540252362071
0,0.5653820677018979,0.06635130904534148,0.36826662325276055
0,0.6619221485411791,0.05028693297534868,0.2877909184834722
1,0.6247730972335723,0.08453650723347823,0.29069039553294945
0,0.976518052025883,0.009791997141292013,0.01368995083282498
0,0.1289917872403488,0.013085951169592325,0.8579222615900589
0,0.5534447530145417,0.07250020550657219,0.37405504147888624
0,0.9745128265323812,0.0021046172007498764,0.023382556266868904
0,0.23682972194590982,0.016618430921115958,0.7465518471329742
0,0.8321934766143951,0.010505877701457356,0.15730064568414753
2,0.5629007458018258,0.014749631331987473,0.4223496228661867
2,0.029141175291147493,0.04101172479090188,0.9298470999179507
2,0.9484500759113222,0.02078247050641597,0.030767453582261593
2,0.34597709025480883,0.08203892027638258,0.5719839894688087
2,0.9522626468172715,0.02587491192228079,0.021862441260447698
0,0.9904230828762338,0.0019056178445630322,0.007671299279203018
2,0.5411425929501591,0.06358143618565665,0.39527597086418426
0,0.3467412544126481,0.10837995857569815,0.5448787870116538
0,0.8747972726812596,0.005774531296601173,0.11942819602213921
0,0.9213880889197882,0.009843719466488049,0.06876819161372373
0,0.91706699384345,0.021166606840029602,0.06176639931652034
2,0.2045597874352321,0.06992616244742282,0.725514050117345
2,0.7817016108483542,0.05646033256462688,0.16183805658701889
0,0.9470851521560378,0.00039442690943762565,0.0525204209345245
1,0.8293239552962033,0.05205885702728588,0.11861718767651076
0,0.9669325560026861,0.0042483365990914285,0.028819107398222257
0,0.8103170433684925,0.04198626591137979,0.14769669072012756
0,0.9601772850837857,0.0024644807349362627,0.037358234181277955
2,0.06425712516645138,0.03125894512924759,0.904483929704301
0,0.9424911407507013,0.009579012950521926,0.04792984629877672
2,0.08562506985515764,0.014142228051642091,0.9002327020932003
2,0.9221771434020651,0.012719965881307764,0.06510289071662706
2,0.4605366403866512,0.10488128119544105,0.4345820784179078
0,0.03105168492727215,0.008388674232630091,0.9605596408400978
2,0.005081702899857099,0.0014647409641189537,0.9934535561360239
2,0.7391567662145492,0.12459077215334158,0.13625246163210922
0,0.8728282224269606,0.011328569578735147,0.11584320799430425
0,0.3247813213347659,0.005269674610572974,0.6699490040546611
0,0.9019756772856116,0.03643447201140351,0.06158985070298508
0,0.0038759257070770056,0.001655443835329869,0.9944686304575932
0,0.9245287390305804,0.0008365719305343986,0.07463468903888502
0,0.07445594554778562,0.06514692965264679,0.8603971247995675
1,0.1499562755196627,0.0555137571368201,0.7945299673435172
0,0.32665990422095686,2.7749512430712915e-08,0.6733400680295307
0,0.7655388596967743,0.04834165860702698,0.18611948169619882
2,0.3189062022400155,0.06771979724365282,0.6133740005163317
0,0.5482093357923961,0.09904772237880882,0.3527429418287952
0,0.8812329113681748,0.005727174155793748,0.1130399144760314
0,0.9429526500582073,0.013083302089097446,0.043964047852695254
2,0.9410373163758309,0.006213654031997937,0.052749029592171294
0,0.9385738182143839,0.01463439183027082,0.04679178995534523
2,0.2992100577228605,0.015284088947824594,0.6855058533293148
2,0.7138656281956673,0.08497089135725562,0.2011634804470771
2,0.3063835731138283,0.0012254108825299728,0.6923910160036417
2,0.013004048841382405,0.0283469105118195,0.9586490406467981
0,0.7596173049569694,0.07939284588128734,0.16098984916174336
0,0.8922112729084077,0.004300845189513585,0.10348788190207872
2,0.013834153152118805,0.0009573666860346057,0.9852084801618465
2,0.47301385970188076,0.1490482057302265,0.3779379345678926
0,0.8386919044322136,0.06349420021993213,0.0978138953478543
0,0.9357758736616562,0.013223607118246382,0.051000519220097414
0,0.9172622960030563,0.02415684333711639,0.058580860659827164
0,0.08082856668183443,0.017012193315220234,0.9021592400029453
0,0.7868743680131306,0.06610430002790241,0.147021331958967
0,0.745444265229413,0.051385574404561554,0.2031701603660254
0,0.9966565358716128,0.0012022225682656645,0.0021412415601213784
0,0.8595486511488377,0.007159687189344841,0.1332916616618175
1,0.5217693820174211,0.19429270034353704,0.28393791763904197
0,0.7512543307666241,0.10638812177329864,0.14235754746007728
0,0.9241878738041039,0.024423787921884123,0.051388338274012006
0,0.7064644100257544,0.06796063902916853,0.22557495094507707
2,0.011416793819945271,0.028742872721665695,0.9598403334583891
2,0.3844675798162475,0.015786545668390026,0.5997458745153624
0,0.5647886860829721,0.0205299630676966,0.4146813508493314
0,0.9695052584191441,0.006590462109863085,0.023904279470992742
2,0.21615434992858712,0.09206606189417511,0.6917795881772378
0,0.8806484626529305,0.006919263427957275,0.11243227391911213
2,0.005876204965768403,0.002030807450893889,0.9920929875833377
0,0.907935150712743,0.0005014204793019991,0.09156342880795507
2,0.8698254776918838,0.01851615458817869,0.11165836771993766
0,0.8138153846965243,0.11801696204053581,0.06816765326293991
0,0.48114900570248886,0.1403453093793004,0.3785056849182108
2,0.00034085926182689236,0.0006022497232234167,0.9990568910149498
0,0.9432011892657414,0.004895343262415818,0.05190346747184272
