target,prediction_0,prediction_1,prediction_2
2,0.06193059677903078,0.021580971392716336,0.916488431828253
0,0.9736664650112841,0.00543627060663294,0.020897264382083055
0,0.9491452956318761,0.003696338113001139,0.04715836625512275
2,0.14401182343390306,0.016401987501597846,0.8395861890644991
0,0.9280733398013197,0.005507584669360678,0.06641907552931953
0,0.8349257079907385,0.00986091386935905,0.1552133781399023
0,0.9096267188439106,0.00960721384119363,0.08076606731489591
2,0.05584545436592492,0.010035007242886529,0.9341195383911886
0,0.9689990374586797,0.0024151161233246436,0.028585846417995723
1,0.32228437206815824,0.05186980001094873,0.6258458279208932
2,0.04007213326378103,0.0072690117721423,0.9526588549640767
0,0.7185273931427609,0.07691116726837943,0.20456143958885956
0,0.9293023698660935,0.006415394534003461,0.06428223559990316
0,0.884880699141456,0.00855492440037952,0.10656437645816462
0,0.9375128619161425,0.018846074551754348,0.04364106353210311
2,0.41767929769169576,0.03545135236673421,0.5468693499415701
0,0.9201350932199178,0.004864396031749462,0.07500051074833283
2,0.7184162122349472,0.018077558042514617,0.26350622972253823
0,0.9627593842523886,0.004198742830128795,0.03304187291748246
2,0.10519379355402475,0.015091085286496397,0.8797151211594788
0,0.951481174852597,0.006578058951983177,0.04194076619542003
1,0.3067802521117909,0.06340954928682832,0.6298101986013809
2,0.06551385242023465,0.01465812758061235,0.919828019999153
0,0.9576207023590271,0.0020176810715123,0.040361616569460676
0,0.5962423568396433,0.00718635187022881,0.39657129129012775
0,0.9183452266480046,0.02932184362706344,0.05233292972493198
0,0.9585354055371927,0.011486320757947789,0.029978273704859264
0,0.9878636406830188,0.002025220319751027,0.010111138997230299
0,0.6433357255539052,0.01740633699402506,0.3392579374520698
0,0.9465754327248751,0.011217253806990445,0.04220731346813441
2,0.041239325234756596,0.05162670201185229,0.9071339727533911
2,0.23231446511889503,0.021532320757874684,0.7461532141232302
0,0.32512432707361494,0.08166212418045568,0.5932135487459294
2,0.442153493635828,0.013527013816623329,0.5443194925475486
0,0.8289477188685327,0.01995647012828899,0.15109581100317823
2,0.05164310698124003,0.01578652075739076,0.9325703722613691
2,0.21572991421831272,0.03986489233277557,0.7444051934489118
0,0.8793964695815641,0.04460021827878856,0.07600331213964724
0,0.329812515233062,0.056639334757422014,0.613548150009516
0,0.7398141322606461,0.02548585815770473,0.23470000958164927
0,0.7946410146715479,0.00691859499715681,0.19844039033129535
2,0.03492640412354684,0.7135246469061914,0.25154894897026164
0,0.9411580231039044,0.002288997348057685,0.056552979548037986
0,0.9762687272511136,0.0035030029561436155,0.020228269792742865
0,0.9623585176682197,0.003125463671937681,0.03451601865984261
0,0.7054273298351986,0.10971245257372633,0.18486021759107488
0,0.8818308711926363,0.004015766671760881,0.11415336213560275
2,0.8964246308856965,0.007978724547407424,0.09559664456689601
0,0.8695464104403805,0.006445535450546834,0.12400805410907262
2,0.40994477920381966,0.11096012873011894,0.4790950920660614
0,0.9263233768291625,0.023360770969440663,0.05031585220139695
0,0.9400065860233101,0.005129754582531898,0.05486365939415799
2,0.08622059545648203,0.013961260152513026,0.8998181443910048
2,0.21488293901877328,0.0290821334954148,0.7560349274858118
2,0.2583676532697396,0.01134629228716456,0.7302860544430959
0,0.8647476010556353,0.002390515244263336,0.13286188370010127
0,0.8589641330299636,0.08667710621447229,0.0543587607555641
0,0.7626422450425246,0.05935287513530481,0.17800487982217053
0,0.9658438232622704,0.002912097795339805,0.031244078942389793
0,0.8866526056582925,0.03679573312038525,0.07655166122132223
1,0.9010910177712639,0.019424943342973188,0.07948403888576303
2,0.8329974733147603,0.01358044677881696,0.15342207990642273
0,0.9594839372457445,0.0061150842230328845,0.034400978531222655
2,0.156164464216951,0.014273326299813215,0.8295622094832358
2,0.13386465450905227,0.2518853735870797,0.6142499719038681
2,0.018763525120257377,0.002789450082861017,0.9784470247968815
1,0.8461638891144354,0.010417078410275367,0.14341903247528925
2,0.3092567853639961,0.0032928665797430125,0.6874503480562609
2,0.13880001093339292,0.03823555550115268,0.8229644335654543
0,0.8647561911141144,0.020403664759806744,0.11484014412607876
0,0.9658348233938228,0.004663338973804996,0.029501837632372338
0,0.7745036326545093,0.018917861140943213,0.20657850620454754
0,0.9180937380721996,0.011411265145746736,0.07049499678205359
0,0.9014229292082846,0.03698403507109595,0.06159303572061955
2,0.006200016805790525,0.0033112979586163763,0.9904886852355932
2,0.02365924719127512,0.0038888719648242738,0.9724518808439007
0,0.9755909478345735,0.0015630777477543885,0.02284597441767228
0,0.554643172904773,0.015185167968869725,0.4301716591263571
0,0.9562684758786119,0.009190813658459834,0.03454071046292846
0,0.8704026519746054,0.017778392352265183,0.11181895567312941
0,0.7080073389045096,0.04074906142231752,0.2512435996731727
2,0.6813364866802959,0.05533819103078582,0.26332532228891825
1,0.5732049308756116,0.008000921628643421,0.4187941474957449
0,0.7561828693984993,0.018540437381130228,0.2252766932203706
0,0.7697536642800167,0.012640549790528569,0.2176057859294547
2,0.655165452389836,0.013497455095259094,0.33133709251490484
0,0.9368020374703202,0.002159948916327,0.06103801361335283
2,0.0930312714956765,0.015613036271512587,0.8913556922328109
0,0.9493021893048966,0.007064032102035497,0.04363377859306773
0,0.9301150817819352,0.005579505507208559,0.06430541271085613
0,0.9220855657238524,0.004196768236529679,0.07371766603961798
0,0.718709798644141,0.04579576961304123,0.23549443174281778
0,0.9241758830140278,0.00879560330782887,0.06702851367814339
0,0.9640054038114851,0.007451335196260959,0.028543260992254075
0,0.9582898862146334,0.007552481697541198,0.03415763208782549
0,0.9577190503910326,0.006167964126093283,0.03611298548287412
0,0.963687138965046,0.0015304197052733598,0.03478244132968056
2,0.058491377066556285,0.05419388108619148,0.8873147418472523
0,0.9506442309745623,0.01539781795675298,0.03395795106868467
0,0.4048202597271721,0.013196217729046647,0.5819835225437812
2,0.05322273191534394,0.07230003978064359,0.8744772283040124
2,0.0065023609290447044,0.0005327839223588534,0.9929648551485966
2,0.07524532468015388,0.005714412802805201,0.919040262517041
2,0.050797997951773255,0.02742382405019874,0.9217781779980279
0,0.9568279410444933,0.0032355757714033094,0.039936483184103345
0,0.9507399397099286,0.017807528751882865,0.03145253153818857
0,0.9743455965428697,0.0010014470451766549,0.024652956411953558
2,0.494275801568424,0.0204908489742952,0.4852333494572807
0,0.48417467762277805,0.023045684325932587,0.4927796380512895
2,0.28031869756429817,0.07191215017217685,0.647769152263525
0,0.9396840074760235,0.008998607706602452,0.051317384817374044
2,0.15494025303715683,0.020957580030607777,0.8241021669322354
0,0.9661104398564733,0.0029080733617632927,0.030981486781763417
2,0.0773846664907557,0.024529386965321105,0.8980859465439233
0,0.9491921353166041,0.0006124687883675257,0.050195395895028416
0,0.7774304386428442,0.011986957165527064,0.21058260419162889
0,0.9571254571583284,0.003945265175552616,0.03892927766611903
0,0.9462220101719314,0.004523301269578231,0.049254688558490356
0,0.91486697874118,0.03524491513726671,0.04988810612155338
2,0.7172484476094094,0.010725811863576854,0.2720257405270138
0,0.8313581014386352,0.010300550249565252,0.15834134831179958
0,0.9601257481320733,0.00809386619356339,0.031780385674363434
0,0.5331453777513271,0.33389959872368963,0.13295502352498334
0,0.958948823006236,0.00565663991954201,0.035394537074221924
0,0.4148193162629531,0.0035690483191627587,0.5816116354178842
0,0.6615216429054436,0.08765933426359862,0.25081902283095775
0,0.9409554049806794,0.004439092932597045,0.05460550208672344
0,0.9349544129416861,0.01647187800229013,0.04857370905602378
2,0.16864519476600323,0.046946144258246204,0.7844086609757506
0,0.8629246506647174,0.04486381564383111,0.09221153369145167
2,0.1307598947793261,0.007576099581417405,0.8616640056392566
0,0.9322095859373841,0.0036727286895943873,0.06411768537302157
2,0.039121938411100926,0.026795072218038216,0.9340829893708609
0,0.9487581985559024,0.016171539109503353,0.035070262334594274
2,0.725792226238119,0.07157054017667805,0.20263723358520305
2,0.3059790450594412,0.012737877987552952,0.6812830769530058
0,0.8009653513121023,0.002362771034003706,0.19667187765389402
0,0.9859019423893821,0.002886143111041959,0.011211914499575709
0,0.9646577538988473,0.007479693747341015,0.02786255235381155
2,0.5455390053150493,0.025668848296237362,0.4287921463887134
0,0.7107877806731487,0.01601064545419475,0.2732015738726566
0,0.20352763704635285,0.20164379191055884,0.5948285710430883
0,0.8929920376000121,0.02087783459634212,0.08613012780364575
0,0.8404547617412074,0.004562500758030143,0.15498273750076244
0,0.8010006511470954,0.007448391258214507,0.19155095759468999
0,0.9284979126662549,0.0025415886743166216,0.06896049865942841
2,0.05381695608974118,0.007561914022733188,0.9386211298875257
0,0.9378506461271582,0.011385586262063237,0.05076376761077854
0,0.9355145463053757,0.031972427785978905,0.032513025908645334
2,0.3017669284742829,0.06887485663736738,0.6293582148883496
0,0.958707521457697,0.002206846997022718,0.039085631545280414
2,0.6499873741280474,0.021992003089499692,0.32802062278245275
0,0.9651189718861356,0.005262564362322049,0.029618463751542454
0,0.9442379884123027,0.005162584057669553,0.05059942753002762
0,0.35343733623480644,0.041813509942259054,0.6047491538229346
0,0.8736246621941347,0.0029244863981844195,0.12345085140768075
2,0.05674393806072023,0.0033345340037889905,0.9399215279354909
2,0.038439184378048635,0.008463046114041882,0.9530977695079095
2,0.7142090303088484,0.008165374177400406,0.2776255955137512
0,0.9354631701800931,0.005729393319047003,0.05880743650086004
0,0.03402706269267079,0.017269094712284806,0.9487038425950444
0,0.9928729144113166,0.00045076623428585635,0.006676319354397294
2,0.7788745491694309,0.006624595487292476,0.21450085534327662
2,0.8351038707156503,0.015844040585141834,0.14905208869920775
0,0.8272709725609756,0.00880134863322975,0.16392767880579456
2,0.4115207594502209,0.19816370931194946,0.3903155312378297
0,0.9818272958815969,0.0029305531845877,0.015242150933815363
2,0.02804541339390864,0.0022542004094201935,0.9697003861966711
2,0.8119357798913001,0.02051895590385748,0.16754526420484256
0,0.837888451063311,0.007653589620111807,0.1544579593165772
0,0.6373751271746784,0.1499516874289107,0.21267318539641103
1,0.3698180661852057,0.041447635324724195,0.5887342984900702
2,0.18096256980730804,0.005239028830509545,0.8137984013621825
0,0.8304507754250217,0.0047525556624414085,0.16479666891253691
2,0.15825462723072486,0.16359748224617052,0.6781478905231046
2,0.10140435509657986,0.021519150980656713,0.8770764939227635
0,0.9568757802960223,0.004396081515194167,0.038728138188783574
0,0.09531061402957387,0.03268964172460149,0.8719997442458246
2,0.1580517256048144,0.02463587782188403,0.8173123965733016
0,0.8758859863045363,0.006569868822734988,0.1175441448727287
0,0.28282866393177014,0.02977848611334494,0.687392849954885
0,0.48393498952215347,0.03288201098446337,0.483182999493383
2,0.007188823700850039,0.0022702370504533984,0.9905409392486966
0,0.9830072562828139,0.0015507602830950973,0.015441983434091028
2,0.19406020113027897,0.020826804116793555,0.7851129947529275
2,0.4411746444748462,0.07324772851918947,0.48557762700596435
1,0.3917037433524595,0.2927997205884439,0.31549653605909667
0,0.5669022254481918,0.04084359017090888,0.3922541843808992
2,0.3356357368697717,0.008719489617438795,0.6556447735127894
2,0.41876902821724715,0.0780901367352988,0.503140835047454
0,0.7231156503305699,0.01929796481509669,0.2575863848543334
0,0.9746228767554751,0.0029581359768233732,0.022418987267701446
0,0.7750960172032901,0.012520103917701782,0.21238387887900814
2,0.15869407296089708,0.010363375495410212,0.8309425515436927
2,0.29409850598513376,0.031899818229711704,0.6740016757851546
0,0.9715446014546205,0.004895567316963964,0.023559831228415574
0,0.7285515395664182,0.03946912078055942,0.23197933965302242
0,0.9243317857350613,0.02594508650618766,0.049723127758750985
2,0.9338544818331019,0.004527652984178328,0.06161786518271983
0,0.9376550765094304,0.005186165370016799,0.05715875812055281
0,0.9257673890053332,0.009019499301661226,0.06521311169300559
0,0.9805310808437045,0.0019933612677209655,0.01747555788857444
2,0.8271737984837404,0.007434414554859886,0.16539178696139983
0,0.9670169208441765,0.005289258094350212,0.027693821061473407
0,0.9098415243459582,0.0059764022467584015,0.08418207340728345
0,0.21711573167008313,0.0129845517086561,0.7698997166212608
0,0.8812970544427339,0.0053510947220765884,0.11335185083518967
2,0.6133475845257795,0.025112995112471566,0.36153942036174896
0,0.9164499904663604,0.008394145898506119,0.07515586363513335
2,0.1306617393913467,0.020715792495987158,0.8486224681126661
0,0.8703183707380969,0.07750840610498558,0.052173223156917484
2,0.8144575602704225,0.04640598615310249,0.13913645357647506
2,0.0345736660446125,0.019042831683598375,0.9463835022717891
2,0.06738171837239816,0.006287983122645219,0.9263302985049567
0,0.5924360481776026,0.04377034855870124,0.36379360326369614
0,0.920619710165346,0.0044768053606097915,0.07490348447404409
0,0.9245302960566825,0.0035028910623427687,0.07196681288097485
0,0.9030468173638674,0.006255726040867999,0.09069745659526479
2,0.5151620527126841,0.013690472777613344,0.4711474745097025
0,0.9821971132847012,0.004256845257973703,0.01354604145732533
0,0.5280312180312802,0.04110409749552136,0.4308646844731985
0,0.9634323104672712,0.001133731317487807,0.035433958215241215
2,0.9041247485353614,0.008395081941275018,0.08748016952336363
2,0.7036209413871638,0.027062565533439845,0.26931649307939637
2,0.049876036988053755,0.02005871509179822,0.930065247920148
0,0.9708700938962139,0.001536225722165286,0.0275936803816207
0,0.9500625679775969,0.007658679403832738,0.04227875261857032
2,0.4840126054420777,0.009842494075531524,0.5061449004823907
2,0.04505177179227839,0.012876912130769363,0.9420713160769523
2,0.06674502028247549,0.005923848753558184,0.9273311309639662
0,0.9402930072388215,0.0030442848828689745,0.0566627078783095
2,0.06994091678573258,0.019593456066576136,0.9104656271476912
0,0.9024380156565684,0.011280446138664562,0.08628153820476707
0,0.9757383665598528,0.002779715223546371,0.021481918216600844
0,0.4447712765225573,0.06275244486914287,0.4924762786082999
0,0.77004919664191,0.024781530172449804,0.20516927318564027
2,0.6206323166403297,0.006212278542101059,0.3731554048175694
2,0.8442687501587975,0.012429398037783356,0.1433018518034191
0,0.9828168055050505,0.00254991865575226,0.014633275839197263
2,0.34705776011017203,0.011841744980700973,0.6411004949091269
2,0.016397697846471816,0.009530746051536967,0.9740715561019913
0,0.7591754700194356,0.0015684648168679317,0.2392560651636965
0,0.9169662119895456,0.0073102557476362705,0.07572353226281808
0,0.9805762632283727,0.0012081332380494204,0.018215603533577946
0,0.7563366593886298,0.007940064291647198,0.2357232763197229
2,0.0557926959686669,0.007155032933681816,0.9370522710976513
0,0.20339435434740286,0.026662743829693112,0.7699429018229041
0,0.851563132563232,0.010098655485816298,0.13833821195095158
2,0.08501838477346357,0.004441913616629664,0.9105397016099067
0,0.7948291602001264,0.020035530369534895,0.1851353094303386
0,0.14798310416709154,0.13030354823545964,0.7217133475974489
2,0.18994920847103558,0.008111324112690808,0.8019394674162735
2,0.06579025191896115,0.0072621549457043575,0.9269475931353345
1,0.5078358182651579,0.01468733881499327,0.4774768429198488
0,0.9708627700397748,0.0026863897994194473,0.026450840160805792
0,0.9323269948316802,0.019752331423598942,0.04792067374472075
2,0.20107985593877314,0.012883201819862265,0.7860369422413647
0,0.860156895984406,0.005512268636293097,0.13433083537930085
0,0.9907126050620113,0.0007427569239257354,0.008544638014063044
1,0.20176473439035308,0.4935266533129696,0.3047086122966774
0,0.9673541986222332,0.0020057720953408974,0.030640029282426054
2,0.4245296530989197,0.16398208531649583,0.4114882615845845
0,0.4673808140043575,0.016891807668442397,0.5157273783272002
0,0.9622068703076895,0.013634155562784923,0.0241589741295256
2,0.22279951038589244,0.36058559391377354,0.41661489570033405
0,0.25532281564972314,0.19022951122672496,0.5544476731235519
0,0.7667870387203893,0.042254694288596545,0.19095826699101418
0,0.6007165547443358,0.01967974416655782,0.37960370108910635
2,0.6185257204790701,0.021818173593164864,0.35965610592776487
2,0.04680718598849983,0.005909278012376137,0.9472835359991241
0,0.8905178775687115,0.06520601947839771,0.04427610295289084
2,0.09005753133743302,0.004733628896558535,0.9052088397660084
0,0.905111586556262,0.007421622917229313,0.08746679052650864
2,0.26344288522145853,0.13193182575311768,0.6046252890254237
0,0.906172302049433,0.0042885777250185435,0.08953912022554855
0,0.6656753638291857,0.017642030210769787,0.31668260596004455
2,0.8623701680345385,0.008203914496397659,0.12942591746906384
0,0.6050790567831659,0.05135819816728332,0.3435627450495508
2,0.6305951574948215,0.010455863129754678,0.35894897937542375
0,0.9862991766096534,0.0009369696154114726,0.012763853774935177
2,0.9026384773163024,0.005929316542058056,0.09143220614163948
0,0.9035094132676201,0.008057235963588939,0.08843335076879087
0,0.944816640723119,0.002698240847841343,0.05248511842903973
0,0.6868409851685585,0.06991984978319675,0.2432391650482448
0,0.8854363227598328,0.023795179674826614,0.09076849756534064
2,0.15559786966259806,0.03857054033187955,0.8058315900055225
0,0.7507186022797857,0.023598372538365903,0.2256830251818483
0,0.8280737863654176,0.005195059916577024,0.16673115371800534
2,0.049271465033840396,0.003786461763055132,0.9469420732031044
0,0.9313812024290633,0.02503608544826348,0.043582712122673145
0,0.9270235848962045,0.020200478347757723,0.052775936756037777
0,0.9346952193761159,0.00552654955805159,0.059778231065832584
2,0.03163650102322436,0.0016254507210836041,0.9667380482556921
2,0.008594378570590271,0.0058672759307013475,0.9855383454987083
2,0.13047955272781125,0.027034675617365708,0.842485771654823
2,0.22602004417888444,0.020498027335428624,0.7534819284856868
2,0.3105233719604696,0.008073090632242087,0.6814035374072884
2,0.6182192229656794,0.009076558410372712,0.3727042186239478
0,0.9404304642725928,0.008080358253022762,0.05148917747438443
0,0.9549744129683582,0.011705778835298596,0.033319808196343295
0,0.9200581023983219,0.0022650740499047172,0.07767682355177338
1,0.14505640912341924,0.7531702071834951,0.1017733836930855
1,0.9056605983378914,0.02157960538921575,0.07275979627289285
0,0.888450477105609,0.016086884775293134,0.0954626381190979
2,0.05872773292454038,0.10075867315037469,0.840513593925085
2,0.5758596098619493,0.028379611413686716,0.39576077872436394
0,0.5386831134578136,0.16369288395427045,0.29762400258791594
0,0.9887722321583102,0.0007667464264046035,0.010461021415285049
0,0.9777063943023033,0.002492120720407166,0.0198014849772897
2,0.1020341356798758,0.024717045877060317,0.8732488184430639
0,0.45754786010303167,0.005340429020913248,0.5371117108760552
0,0.8206790137299675,0.006426599276656562,0.17289438699337578
0,0.966667783055494,0.006295526821449477,0.027036690123056664
2,0.519260562834899,0.002589721406932584,0.4781497157581685
0,0.9756916334849562,0.002391359996073951,0.021917006518969728
0,0.9634036488029496,0.007882660641239058,0.02871369055581145
0,0.6809962063718159,0.1762263105303817,0.14277748309780236
0,0.9287542536277865,0.00204469431243221,0.06920105205978132
0,0.9242420833630213,0.006863005371745747,0.06889491126523316
2,0.44326878861359786,0.033939527606563186,0.5227916837798389
0,0.9687961093801037,0.001156042176607557,0.030047848443288738
0,0.9437801583761916,0.0026519347780763294,0.053567906845732025
0,0.9669447552626511,0.006665790707375988,0.026389454029972937
2,0.554844594297789,0.016751456545854675,0.42840394915635643
0,0.5077081639829769,0.008648450824412538,0.48364338519261046
0,0.6927095211462657,0.03980366639685313,0.2674868124568811
2,0.06513512729719344,0.012836438359191257,0.9220284343436151
0,0.8903729562935415,0.009132409170688648,0.10049463453576984
2,0.26700686328601525,0.04841153555043619,0.6845816011635485
2,0.6485130000048122,0.07175835130615232,0.27972864868903546
0,0.9564937370446444,0.002098240634707454,0.0414080223206482
0,0.9030977738007473,0.007928399770948549,0.0889738264283042
0,0.8235155443912626,0.024933459323421666,0.15155099628531565
2,0.49580855098340804,0.07239681152476057,0.4317946374918314
0,0.8610826170632678,0.03764460948413936,0.10127277345259297
2,0.9741116790668432,0.004938063457743138,0.020950257475413698
2,0.49829585414982175,0.059439418931903326,0.4422647269182749
0,0.9870342913157035,0.0007138702457979589,0.012251838438498495
0,0.764663593198814,0.022968692305629694,0.21236771449555633
2,0.10713047450543726,0.06812616706160342,0.8247433584329593
0,0.7060780815401454,0.03126557848351925,0.26265633997633536
0,0.6180010407061394,0.010868124404940433,0.3711308348889202
0,0.7094823403638855,0.014697522521800146,0.2758201371143144
0,0.926340471143161,0.010266720079281087,0.06339280877755812
0,0.9104331499512339,0.004044913892749599,0.08552193615601658
2,0.1056874387922067,0.00847249488954119,0.8858400663182521
0,0.944362432470487,0.0020020873713076366,0.053635480158205295
0,0.8967308733457113,0.045816555730531464,0.05745257092375706
1,0.26792849366235266,0.03386604883837414,0.6982054574992732
0,0.49099074772348533,0.011485241907133167,0.49752401036938154
2,0.24123706525662905,0.005695788194465783,0.753067146548905
2,0.2756868111384593,0.031477529674375296,0.6928356591871654
0,0.9265700891832529,0.0052371877489809145,0.0681927230677662
0,0.9796476704968438,0.0004882058541180377,0.019864123649038237
2,0.038182537417376594,0.00789243636670831,0.9539250262159151
0,0.9198573053619152,0.005119526662591369,0.07502316797549329
2,0.0658727530801779,0.007427945726296167,0.926699301193526
0,0.948382520058514,0.0012983850556340809,0.05031909488585189
0,0.8354438398295431,0.031191603676986812,0.13336455649347007
0,0.8389015611671437,0.03546819989967717,0.12563023893317923
0,0.986705254889354,0.0025071251251559275,0.010787619985489914
2,0.20068183174576884,0.02553040599591395,0.7737877622583171
0,0.9731056448834927,0.0006170424603509185,0.026277312656156158
0,0.9455032893301217,0.0045076113115194525,0.04998909935835873
0,0.8131369201465816,0.01147559074961504,0.1753874891038033
0,0.871713232250678,0.00643801807114624,0.1218487496781757
2,0.7217599954066725,0.035302283039704875,0.24293772155362275
0,0.7737236409432522,0.04742890875411058,0.1788474503026371
0,0.42719803977955895,0.06180111177427242,0.5110008484461687
0,0.7983025243962976,0.021025741209752456,0.1806717343939501
0,0.8820786866808678,0.013125574818248949,0.10479573850088326
2,0.1174411386717811,0.017551664455281512,0.8650071968729375
2,0.10082315446774036,0.01366153917756338,0.8855153063546962
0,0.5189229606929917,0.018158439522761034,0.4629185997842472
0,0.914663391438101,0.020389166361528436,0.0649474422003705
2,0.3719158987717127,0.23090197366748666,0.3971821275608006
0,0.8637990976868374,0.043214454691121604,0.09298644762204109
0,0.9512654877758243,0.004455383103928796,0.044279129120247
0,0.9323666383866561,0.010317746195693547,0.05731561541765028
0,0.9890180845189022,0.0011353983191900307,0.009846517161907795
0,0.978343323953067,0.0022066282777780046,0.01945004776915495
0,0.6986074458558181,0.012900640674776875,0.288491913469405
2,0.03881735432569598,0.00884312454206339,0.9523395211322406
0,0.7212990650623041,0.03885134477749253,0.2398495901602033
0,0.9441366284810223,0.008069594837854016,0.04779377668112364
2,0.364119184277578,0.021370449507347285,0.6145103662150747
2,0.3282237556085856,0.04242660593339705,0.6293496384580175
2,0.4003995691350277,0.055342760653078256,0.544257670211894
0,0.5471877024216252,0.006455139989073278,0.4463571575893015
0,0.8156753377773566,0.02097353379641228,0.16335112842623123
0,0.9484190647588875,0.019880501480208663,0.031700433760903986
0,0.6796678815135138,0.02958424827064418,0.2907478702158421
2,0.8082848858314782,0.01685141103730786,0.17486370313121402
0,0.9719763385108029,0.0019225547350169893,0.02610110675418013
2,0.1191954030352331,0.02738914580160827,0.8534154511631586
0,0.9078809208083478,0.007626307615670817,0.08449277157598135
0,0.8950914928435599,0.014471155421996645,0.09043735173444341
0,0.42393549545193715,0.06292881638129275,0.51313568816677
0,0.8448402366134576,0.03519694099183812,0.1199628223947043
2,0.8716255699747684,0.025147814299796355,0.10322661572543523
0,0.7864027910450105,0.13615394489387142,0.07744326406111804
0,0.7308710310273749,0.004027533049849826,0.2651014359227752
0,0.5621905520156333,0.026184395538217983,0.41162505244614866
2,0.9140523609336486,0.004686400354614187,0.08126123871173704
0,0.8617125364617552,0.004189761249889729,0.1340977022883552
0,0.5356934332708021,0.06966818736581781,0.3946383793633802
1,0.14247758203428665,0.23713035487896444,0.6203920630867489
0,0.955507610047391,0.009906994831888869,0.034585395120720064
0,0.9582573708019334,0.00949130526448238,0.03225132393358414
0,0.9303871142984196,0.003373529915940638,0.06623935578563962
0,0.9158169144788849,0.0061301688367688565,0.0780529166843462
0,0.974737167633608,0.002025848793389193,0.02323698357300266
0,0.9598637470358352,0.0007272477538506659,0.03940900521031406
2,0.15806016269796933,0.011203660605870247,0.8307361766961604
2,0.41119252703162407,0.05145745729744512,0.5373500156709308
0,0.9093293185509216,0.020944952226653463,0.0697257292224252
2,0.6467143860181064,0.02932981609391992,0.32395579788797363
2,0.19216387146759234,0.04810780143314225,0.7597283270992654
0,0.8364937246829947,0.0064548393092392995,0.15705143600776603
0,0.9576969241373647,0.009467891747381812,0.03283518411525338
2,0.3676655514836617,0.0077242504392205,0.6246101980771178
0,0.6509825337289893,0.029718124790752243,0.3192993414802584
2,0.09647614667880071,0.011908349414360229,0.8916155039068392
0,0.7546404342900462,0.011031807277078962,0.23432775843287482
2,0.16035473107061188,0.011217223926083188,0.8284280450033049
2,0.023752307451404636,0.006323013476920666,0.9699246790716747
2,0.013556971348439703,0.0022953034937786125,0.9841477251577818
2,0.06693679101259668,0.010466950438212644,0.9225962585491908
0,0.9805807454069604,0.0025767195766271296,0.016842535016412485
0,0.8842458249641694,0.004218519739515559,0.11153565529631512
1,0.3179847693351062,0.028452297624020427,0.6535629330408734
2,0.17435251015496248,0.04588200796679941,0.779765481878238
0,0.9586181127949527,0.0061082954298921684,0.035273591775155155
2,0.5086023620172244,0.05001812892222865,0.44137950906054696
0,0.2785497430451173,0.014740780670740136,0.7067094762841426
0,0.8327310696161603,0.009243787538894366,0.15802514284494534
0,0.8936185220756354,0.007993861142867514,0.098387616781497
0,0.954395691929652,0.0033729531574587107,0.04223135491288938
0,0.9696664704862752,0.0012775070854548153,0.029056022428269917
0,0.1879244064231454,0.004489490970258464,0.8075861026065961
2,0.30274023888278384,0.17831169190394436,0.5189480692132717
0,0.9540834984316864,0.005624070209732502,0.04029243135858114
2,0.8601325920295751,0.017739726620067873,0.12212768135035701
2,0.03063216949830386,0.013597408664422432,0.9557704218372738
0,0.9898978928986116,0.0025514151604651317,0.007550691940923252
0,0.9617212872060353,0.006833102031420588,0.031445610762544
0,0.9501417349337216,0.003162223122982506,0.04669604194329586
0,0.9586508767452935,0.008172276926084156,0.03317684632862238
0,0.9700261036114904,0.005472630318904208,0.02450126606960533
0,0.9561273204292259,0.011083539280173766,0.032789140290600295
0,0.908888476705072,0.015593456482979075,0.07551806681194877
0,0.973498299385127,0.002785112853756629,0.02371658776111631
2,0.2360368523592135,0.056715704279881075,0.7072474433609053
0,0.6477065644680126,0.06618593102223741,0.28610750450975003
2,0.07917667229870377,0.014347900114341564,0.9064754275869547
0,0.8979752505965042,0.009166660078712942,0.09285808932478277
2,0.13231806551973407,0.010209414094738195,0.8574725203855278
0,0.6943444148008966,0.22896668293652414,0.07668890226257925
2,0.016880886443230114,0.0035935498440566125,0.9795255637127133
2,0.3586761082581636,0.10984230820652517,0.5314815835353113
0,0.9521582407562376,0.00315376315413171,0.04468799608963058
2,0.09353465142524847,0.005798604594683661,0.9006667439800679
0,0.9680438004207148,0.0033184246753278474,0.028637774903957542
0,0.9754134513103353,0.0029781322164416906,0.021608416473222897
0,0.8321487171963934,0.009017376667166383,0.1588339061364403
2,0.549069422114862,0.10351699373387352,0.34741358415126444
0,0.9599276651233146,0.010568321663097792,0.029504013213587466
0,0.4559580944355486,0.021163918082976005,0.5228779874814754
2,0.12429992624548543,0.045606686080859785,0.8300933876736548
2,0.031326301974460034,0.1500574639676571,0.8186162340578829
2,0.1972305480948488,0.00535840749359,0.7974110444115612
2,0.04934306493798499,0.004244025312028073,0.946412909749987
2,0.04558791370956347,0.007117514004358164,0.9472945722860784
0,0.9146186554865768,0.007987110090670952,0.07739423442275228
2,0.047665072881801177,0.013403606823925844,0.938931320294273
2,0.6124089454611303,0.04209925656251056,0.3454917979763592
2,0.024314764424797387,0.009803971969689311,0.9658812636055134
2,0.039883772147808465,0.003311974131077664,0.9568042537211138
0,0.8400931145196062,0.05070149145168659,0.10920539402870719
2,0.8390565093599481,0.006298294041255506,0.15464519659879628
0,0.9251525335952622,0.01146074450805308,0.06338672189668461
0,0.8923162891481896,0.007130869302966195,0.10055284154884404
0,0.9415762758682723,0.009418669792629154,0.049005054339098686
0,0.5971225001826851,0.13795504574603815,0.26492245407127674
0,0.627853529155351,0.012062225497399767,0.3600842453472493
0,0.9273824957049784,0.01751815860302162,0.05509934569199994
2,0.09053487182605428,0.039104371096977106,0.8703607570769686
2,0.296523992918821,0.010497837251075847,0.6929781698301031
2,0.7326244591483368,0.024081585340516812,0.24329395551114633
2,0.03375942426348255,0.0074045060554986455,0.9588360696810188
2,0.017726611741865333,0.0038730141682781685,0.9784003740898565
0,0.9722336866923752,0.0014837309975966205,0.02628258231002804
2,0.083194090175556,0.08621250499232308,0.830593404832121
2,0.009634651953812221,0.013313013306696372,0.9770523347394915
0,0.95520407375333,0.0011196445589405515,0.04367628168772954
0,0.9667415134570003,0.004720477077203087,0.02853800946579646
0,0.942884905273372,0.0017175064420413737,0.055397588284586734
2,0.034290508463585,0.004214903935388664,0.9614945876010264
2,0.03564648120705385,0.0320865556592233,0.9322669631337229
1,0.6464134990069982,0.23870465912067484,0.11488184187232701
0,0.056265672821835276,0.0038693872018987587,0.9398649399762659
0,0.7717976441061455,0.0026015161597339673,0.22560083973412062
2,0.35275695208225005,0.03589976034557901,0.6113432875721709
0,0.9380697335377356,0.018461190304377675,0.04346907615788662
0,0.7617872310322421,0.03132087362489174,0.2068918953428661
0,0.9346747009134102,0.0015425927318476033,0.06378270635474209
0,0.7535704014988223,0.034665307901962684,0.21176429059921492
2,0.028469705217362827,0.006281409436299655,0.9652488853463376
2,0.0240884826143919,0.00686383675076108,0.9690476806348469
2,0.06983407431806772,0.012413263125713428,0.9177526625562188
2,0.8640663090951257,0.0069191885587200725,0.12901450234615408
0,0.6103627660128821,0.018054594007514076,0.37158263997960395
0,0.6948698900652315,0.06478301680332327,0.24034709313144523
2,0.44199249818385444,0.010430101705522403,0.5475774001106231
0,0.965541724302323,0.004934109112629508,0.029524166585047276
2,0.838372379633687,0.01627060559956212,0.1453570147667509
0,0.9205701031267696,0.003319468189392868,0.07611042868383759
0,0.8412147308962858,0.018562276156544245,0.1402229929471699
2,0.4547859833550713,0.02914457620539887,0.5160694404395298
2,0.6020317734876408,0.020790587947797562,0.37717763856456166
0,0.9621801696552952,0.0044588909590157185,0.03336093938568906
0,0.28101950079913646,0.019404853393381397,0.6995756458074822
2,0.16003758420446,0.01061310048881813,0.829349315306722
1,0.4035714163925601,0.02569445776289962,0.5707341258445403
0,0.9066491334564445,0.0077076364627398294,0.08564323008081573
2,0.028790509251235174,0.04279307595332294,0.9284164147954418
0,0.9382349597048492,0.005040375383180437,0.05672466491197043
0,0.07635609555095071,0.09271031587727452,0.8309335885717748
0,0.9453996522852567,0.0032325584768485905,0.05136778923789479
2,0.049576096375589414,0.014300903067293015,0.9361230005571175
1,0.6022549152985199,0.025724576655196875,0.3720205080462832
0,0.9783117181656728,0.002222210623480549,0.019466071210846647
2,0.3426324775797237,0.006427887168022435,0.6509396352522538
0,0.8399804141243259,0.005813456221165805,0.15420612965450822
0,0.8953395521780753,0.007238892060408422,0.09742155576151632
0,0.6796880231186491,0.013713402759562565,0.3065985741217885
1,0.673307345081345,0.12387172941809534,0.2028209255005597
2,0.011760668982974955,0.003025757696310086,0.985213573320715
2,0.24867865186431012,0.04482354128705892,0.7064978068486311
2,0.3744735514212815,0.05727272799870027,0.5682537205800182
2,0.10009485866242372,0.0019391786176841577,0.897965962719892
2,0.08532272963890264,0.02596470493774657,0.8887125654233509
0,0.9320355813254286,0.007851401190289533,0.06011301748428185
2,0.49240759906351006,0.045119245594090626,0.4624731553423994
0,0.5981205635097603,0.03219748441408812,0.3696819520761516
1,0.4369925260684467,0.023080822581933672,0.5399266513496196
2,0.03090217707531232,0.0020764138459592376,0.9670214090787284
0,0.8887442626556992,0.02318947665225449,0.08806626069204627
2,0.07090328587641077,0.060634805024920316,0.8684619090986689
0,0.944609629325489,0.002214129301694574,0.05317624137281662
0,0.604415565752976,0.029343694847749544,0.3662407393992745
0,0.9502998818997742,0.004325228647013652,0.04537488945321221
2,0.01354333866335129,0.008367369615217474,0.9780892917214312
0,0.9648629808812963,0.002191796150468805,0.03294522296823492
2,0.16224472067255122,0.02678192689967851,0.8109733524277701
0,0.8440032304859536,0.00659871372878958,0.1493980557852568
0,0.9733372379462181,0.0032187023736824348,0.023444059680099518
2,0.2672777818719433,0.03637481691927345,0.6963474012087834
2,0.08763719284985849,0.011457470505405916,0.9009053366447356
0,0.922838664656762,0.009535310695544355,0.06762602464769367
0,0.9796752816355033,0.0015548575964131886,0.01876986076808329
0,0.9688029193791576,0.0034176102291811703,0.027779470391661117
0,0.9166589464055709,0.0014776112284153487,0.0818634423660138
2,0.893422650180186,0.023417159868423347,0.08316018995139064
0,0.9581023552606738,0.00838859899551896,0.0335090457438074
0,0.6916147829667779,0.06463037613087626,0.24375484090234587
0,0.6783302160641881,0.1775820296045614,0.14408775433125062
0,0.8077600478648043,0.0034398746370495033,0.18880007749814626
1,0.5108556386212139,0.13558822735700624,0.35355613402177993
0,0.9855257219815904,0.0012827906462330842,0.01319148737217651
0,0.17498229059290382,0.0401784864302086,0.7848392229768876
0,0.1425879412215413,0.018067748570740987,0.8393443102077177
0,0.8863639232545555,0.019187410356781832,0.09444866638866256
0,0.12831168547104457,0.004813319920052573,0.8668749946089029
0,0.8873937919516456,0.016167587471287177,0.09643862057706717
2,0.6907304213004813,0.051461300316780825,0.25780827838273773
2,0.11201427683464456,0.02693869432342674,0.8610470288419287
2,0.9808242409217365,0.003168805627942806,0.016006953450320695
2,0.12583598653467473,0.007955480954642507,0.8662085325106829
2,0.9340886148427465,0.002782292982508785,0.06312909217474481
0,0.9668681076094151,0.005022314374082211,0.02810957801650267
2,0.48748888807951635,0.23692699703330858,0.27558411488717516
0,0.6838397024766417,0.11861998327570554,0.1975403142476526
0,0.955291026381031,0.0015095494904335722,0.04319942412853532
0,0.9280377508436827,0.003452862081000638,0.06850938707531677
0,0.9333410125369722,0.005869363660768528,0.060789623802259454
2,0.035715984344131924,0.009892895830879277,0.9543911198249889
2,0.8552494704541936,0.014229344675122237,0.1305211848706841
0,0.9133583350410286,0.0062413863215841124,0.08040027863738726
1,0.22173768125780333,0.7409870873933482,0.037275231348848394
0,0.9780365236498955,0.0009577359916319321,0.021005740358472715
0,0.7795050222797821,0.006265629581118156,0.21422934813909963
0,0.9066826729085802,0.005382793261636404,0.08793453382978349
2,0.05303493334653093,0.012654142162280089,0.934310924491189
0,0.9440848123278546,0.007778934408148537,0.048136253263996995
2,0.10048889529482297,0.012628817155074143,0.8868822875501028
2,0.7508100136217076,0.012606817038692354,0.2365831693395999
2,0.1952175882141948,0.04201496945758529,0.7627674423282198
0,0.11841953600008813,0.015296410277720444,0.8662840537221915
2,0.045733521080480795,0.012029145933075134,0.9422373329864441
2,0.6458363648395481,0.02229570383172816,0.3318679313287237
0,0.9333861415613256,0.010367696521433838,0.056246161917240495
0,0.5047959576189359,0.027779395224435514,0.4674246471566286
0,0.957299836227938,0.001341078462442786,0.04135908530961914
0,0.09053277030451934,0.009210838801196688,0.9002563908942839
0,0.9609426122460527,0.002219618121633326,0.03683776963231384
0,0.4373179359919767,0.015568262489132076,0.5471138015188913
1,0.17188563965787473,0.08316493023922036,0.7449494301029048
0,0.6143159458327919,0.007207936531153769,0.3784761176360543
0,0.9229168522985054,0.00950887245477681,0.0675742752467178
2,0.21634193005577612,0.022664455136747908,0.7609936148074761
0,0.4775301385948023,0.05318711011207669,0.4692827512931209
0,0.902145222954714,0.006455140469131516,0.09139963657615456
0,0.9516810892629441,0.01355439788807335,0.034764512848982486
2,0.9490989660700546,0.007172467605936274,0.043728566324009045
0,0.9805997297614538,0.001921140664158834,0.017479129574387398
2,0.1299434726643493,0.01074433470230641,0.8593121926333444
2,0.6910231257143852,0.034788917523541824,0.27418795676207297
2,0.09626599797840789,0.21371506438249555,0.6900189376390966
2,0.015262896784203452,0.004992151246247406,0.979744951969549
0,0.9152180534831876,0.03177078158879803,0.05301116492801419
0,0.9057305621488676,0.006635636211947822,0.08763380163918466
2,0.01917551332504369,0.004000020796437869,0.9768244658785185
2,0.2022830899204278,0.06115167658463784,0.7365652334949343
0,0.9731526180745877,0.006132781992814202,0.020714599932598114
0,0.9549035272549127,0.003254734174965987,0.041841738570121335
0,0.7156900658596682,0.020537792833213938,0.263772141307118
0,0.4285697968860473,0.07157062891114208,0.4998595742028106
0,0.8078103581735128,0.04321940637157264,0.14897023545491456
0,0.7722215413582343,0.010009460090947133,0.21776899855081852
0,0.9787914321064123,0.004035408963017581,0.017173158930570108
0,0.8754035383191522,0.004108455046731419,0.12048800663411643
1,0.4139831650005928,0.20396849731197908,0.38204833768742813
0,0.47825193817253403,0.1341184585080755,0.3876296033193906
0,0.8318160342386388,0.10709104427605048,0.061092921485310835
0,0.7869386880075474,0.05791931137642211,0.15514200061603034
2,0.014255019695336083,0.006811535112453336,0.9789334451922106
2,0.7923726433629096,0.03858972695831033,0.1690376296787802
0,0.4465840595692566,0.004867088223038527,0.5485488522077049
0,0.977955053960521,0.0030203433655020696,0.01902460267397681
2,0.11678149117582287,0.022893294351728974,0.8603252144724483
0,0.9431303465828281,0.0019094511968929288,0.05496020222027897
2,0.018710829590868363,0.001994734400182792,0.9792944360089488
0,0.9120705086000285,0.0016260091740195309,0.08630348222595197
2,0.9676956382947278,0.0014915200194886675,0.030812841685783732
0,0.5350351748888054,0.17078946625034483,0.2941753588608499
0,0.5020714633042025,0.0480414216994333,0.44988711499636425
2,0.027904949262721662,0.009408343337587916,0.9626867073996903
