target,prediction_0,prediction_1,prediction_2
2,0.05942900754836097,0.01905796186828691,0.9215130305833521
0,0.9819148693705222,0.003253167336258059,0.014831963293219667
0,0.9999832832787997,1.2622303894787688e-05,4.0944173055173064e-06
2,0.006137851533177061,0.04881426970975554,0.9450478787570674
0,0.8537292563767037,0.031751924422304664,0.11451881920099155
0,0.7351799440274156,0.02196749738302538,0.24285255858955898
0,0.9733332245460953,0.0066887223597856815,0.01997805309411913
2,0.01076086726713689,0.006032141699967069,0.9832069910328961
0,0.9435613051078259,0.00012517317429445063,0.05631352171787964
1,0.22751148895459247,0.04828105200272682,0.7242074590426807
2,0.03499534150812491,0.008350058943976222,0.9566545995478989
0,0.8105589598341513,0.016872837308775323,0.17256820285707325
0,0.8312827191728797,0.026351461835773953,0.14236581899134648
0,0.9566287328869085,0.0008325818512738187,0.04253868526181772
0,0.9911014598259418,0.0034506829999329833,0.005447857174125035
2,0.3754964561972124,0.15165059908466563,0.47285294471812195
0,0.9350246589769662,5.303918418429302e-08,0.06497528798384962
2,0.7661222315949691,0.03958175390771571,0.1942960144973151
0,0.9807879869193477,0.0028674015775723336,0.016344611503080093
2,0.25890059962587414,0.11552297373064474,0.6255764266434811
0,0.8360248197763908,0.03318915746160133,0.1307860227620078
1,0.29201026477138803,0.0779198599226358,0.6300698753059762
2,0.25792229393169375,0.06640435599262805,0.6756733500756782
0,0.9469867861567153,0.003550806996346541,0.04946240684693821
0,0.46777107673103396,0.05297317415694465,0.47925574911202146
0,0.9051907384391322,0.05599164227605211,0.038817619284815655
0,0.9694478527933413,0.0019055476234379177,0.028646599583220737
0,0.93216843100493,0.015967739360040204,0.051863829635029855
0,0.31184406615537674,0.046991382918302065,0.6411645509263213
0,0.9387035641300477,0.0023234866553667366,0.058972949214585596
2,0.25769266890479464,0.0865029248430134,0.655804406252192
2,0.4804798113281817,0.07057804606955408,0.4489421426022643
0,0.6302686169298483,0.005180507580041436,0.36455087549011034
2,0.3765151820634908,0.03586671275522392,0.5876181051812852
0,0.5883218876582382,0.16335660121030388,0.24832151113145798
2,0.360440692108371,0.004986353974005435,0.6345729539176236
2,0.6861328783018722,0.02317750233125861,0.29068961936686927
0,0.850282139599878,0.08321241533325124,0.0665054450668709
0,0.25276452794336474,0.0849761454035757,0.6622593266530596
0,0.7152973478351314,0.02586676870627429,0.2588358834585944
0,0.8009128630492525,0.022159512423981845,0.17692762452676575
2,0.1381947372408585,0.16698735904196862,0.6948179037171729
0,0.7903567076903627,0.004395002768046554,0.20524828954159066
0,0.9997164580360982,0.00022353179075935468,6.00101731423785e-05
0,0.9051865248573723,0.001191854949977131,0.09362162019265056
0,0.7920362321750644,0.023307307606864978,0.18465646021807056
0,0.9251714889969328,0.0005457021915311494,0.0742828088115359
2,0.6849296644559684,0.022020914208934768,0.2930494213350969
0,0.7835999784857389,0.0054200191454505985,0.21098000236881043
2,0.4494792251626398,0.11040205179364139,0.44011872304371885
0,0.967948041216043,0.025122218498920962,0.006929740285036088
0,0.9952636617735756,0.0017111239435831137,0.0030252142828414135
2,0.4206350847617788,0.11904577400037829,0.46031914123784295
2,0.5427141214110519,0.12479395536738079,0.33249192322156734
2,0.06492077564832861,0.030696771761528407,0.9043824525901429
0,0.7056631575230979,0.06379995467468183,0.23053688780222029
0,0.7715320925109175,0.05903443062160624,0.16943347686747626
0,0.7438763730530119,0.07213079719611223,0.18399282975087586
0,0.8129958793370753,0.010223387578327208,0.17678073308459746
0,0.8781891551124884,0.05381408962872013,0.06799675525879158
1,0.836171361863012,0.04341748213171745,0.12041115600527055
2,0.7942180344297132,0.05152467139108683,0.1542572941791999
0,0.8805830706407363,0.03219443399141172,0.08722249536785205
2,0.40559007341344244,0.07588660263004453,0.518523323956513
2,0.18314724125046558,0.06630277009480433,0.7505499886547301
2,8.388173925110337e-07,0.002116989390024589,0.9978821717925829
1,0.8943630036440153,0.012573942662157523,0.09306305369382721
2,0.3611106738739793,0.04752965887211596,0.5913596672539048
2,0.04264428081640951,0.05659850338398356,0.900757215799607
0,0.900471119958118,0.002863555623368656,0.09666532441851323
0,0.9719491565434802,1.2874972828006908e-05,0.02803796848369182
0,0.77448835054979,0.036635902044016816,0.18887574740619317
0,0.9386925664260151,0.00025352720934714474,0.061053906364637686
0,0.9408262485853521,0.010847271362423118,0.048326480052224806
2,0.0020924311197992123,0.0066017560932585,0.9913058127869423
2,0.23102366195287896,0.0017327195987806023,0.7672436184483404
0,0.9970311268483143,2.5497364588798432e-05,0.0029433757870970514
0,0.6170537508581536,0.014923899497932772,0.3680223496439137
0,0.8373563234353609,3.2342714626101114e-07,0.16264335313749284
0,0.842770678465522,0.009087244249962483,0.1481420772845155
0,0.7689666472798514,0.08402263536823834,0.14701071735191018
2,0.8522961857741784,0.02279315056804664,0.12491066365777478
1,0.7469983049865859,5.9846909516832456e-05,0.2529418481038972
0,0.9221564852802052,0.018205080610306686,0.05963843410948816
0,0.8391619235723005,0.02471064180676184,0.1361274346209377
2,0.6964831359907392,0.027604593750893705,0.27591227025836706
0,0.9629485531723467,0.004509716460444594,0.03254173036720866
2,0.1352562835026789,0.11208713080886515,0.752656585688456
0,0.9724057305969934,0.0005301945281322936,0.027064074874874368
0,0.9633998086910516,0.012824895986137088,0.023775295322811196
0,0.8746766820144886,0.0001655528341266976,0.12515776515138483
0,0.6493816244865295,0.08258948488495456,0.26802889062851587
0,0.9555872762418677,0.001255864442463804,0.04315685931566865
0,0.9850433095814309,0.011213098394934937,0.0037435920236342734
0,0.9122559042184224,0.010004293425553507,0.07773980235602407
0,0.952154593996544,0.0016528858404231443,0.046192520163032796
0,0.9337099624754572,0.01032437039934233,0.055965667125200534
2,0.014619471226944384,0.0562299041246738,0.9291506246483819
0,0.973967443720431,0.012628017732413848,0.013404538547155126
0,0.712958795169645,0.10471871954694924,0.18232248528340575
2,0.272032262735754,0.0013453940874250277,0.726622343176821
2,0.00013601550817488769,0.0001847733848897943,0.9996792111069353
2,0.12106808490409521,0.03605523369647289,0.8428766813994318
2,7.44046695842055e-05,0.0003851905577158314,0.9995404047726999
0,0.9079368773411781,0.011881148344219753,0.08018197431460208
0,0.8984283884767877,0.02228302229569789,0.07928858922751457
0,0.9785791720107794,0.01302055891367658,0.008400269075544125
2,0.5733415477449516,0.042918346000995665,0.38374010625405275
0,0.5084110321958923,0.12883115728275144,0.3627578105213563
2,0.07141849745065992,0.08860243690571168,0.8399790656436283
0,0.8140259843761529,0.036589770978831426,0.14938424464501557
2,0.3644523720193935,0.17864172427529595,0.45690590370531053
0,0.7861998967397162,0.08343604521785278,0.1303640580424309
2,0.2767634333382632,0.09414364541955772,0.6290929212421791
0,0.9598864873243682,0.0025425225377378935,0.03757099013789381
0,0.5575135469139486,0.11374960023992241,0.328736852846129
0,0.9046105196420353,0.001402865268465288,0.0939866150894994
0,0.9056575185204191,0.0060054333498873345,0.08833704812969347
0,0.9312315906641468,0.003989537507470308,0.06477887182838273
2,0.5837015516785181,0.1676639238060059,0.24863452451547596
0,0.8891386687974507,0.027159688565062838,0.08370164263748654
0,0.9816242191671218,0.003589982280287412,0.014785798552590839
0,0.7486989496141416,0.04877757097952719,0.2025234794063312
0,0.9650332891817169,9.03285665793359e-05,0.03487638225170358
0,0.642109749789201,2.388856703269365e-07,0.35789001132512865
0,0.6631891789376546,0.06905827822547879,0.2677525428368666
0,0.9439251386375027,0.02148533834245783,0.03458952302003957
0,0.9734667260876914,0.0014284849430144086,0.02510478896929412
2,0.3161748350636288,0.08934784931235308,0.5944773156240181
0,0.9636572793559949,0.006485515664155868,0.029857204979849145
2,0.02496684868563862,0.006720896572854859,0.9683122547415065
0,0.8988518453016866,0.002921807647413094,0.0982263470509004
2,0.009516010672288201,0.0064594849016894485,0.9840245044260223
0,0.8700676106909526,0.0044974568370854595,0.1254349324719618
2,0.6731274337900428,0.09530227749234076,0.23157028871761634
2,0.5293343881981841,0.04193497352363297,0.4287306382781829
0,0.8582795220624817,0.015808541782820158,0.12591193615469817
0,0.9522961451698598,0.0009178997904185494,0.04678595503972149
0,0.9914266394144856,0.00526715624671646,0.0033062043387981103
2,0.6012152948451632,0.06328303545694264,0.3355016696978941
0,0.5551641656223524,0.039499126550773506,0.40533670782687403
0,0.39028421078300846,0.08844068182060649,0.521275107396385
0,0.7857553682202089,0.02230208100372899,0.19194255077606223
0,0.6189686886065489,0.05213968927955228,0.328891622113899
0,0.8064042923253886,0.05866824561070368,0.13492746206390768
0,0.760428841254414,1.1498553008765244e-11,0.23957115873408732
2,0.14290338436343786,0.1054341623502986,0.7516624532862635
0,0.9719453108344362,0.002982005374509554,0.025072683791054266
0,0.8981544952966694,0.043061958504330075,0.05878354619900049
2,0.9913170926912275,0.008675388570398252,7.518738374035439e-06
0,0.9265693082312021,0.0005074913356076767,0.07292320043319023
2,0.5301019942230991,0.11560144313091297,0.3542965626459879
0,0.9495179153267016,0.006324100059427173,0.04415798461387135
0,0.7482282389011249,0.0010212999264002066,0.25075046117247496
0,0.5982034368301823,0.07488427390394918,0.3269122892658685
0,0.8688320500521901,1.0284123442017383e-06,0.1311669215354657
2,0.017167102965626332,0.01144637555438546,0.9713865214799883
2,5.0175802357059204e-05,0.005374704861424401,0.9945751193362187
2,0.6800342542852387,0.005325153846602465,0.31464059186815896
0,0.957006213043284,9.85939961832341e-05,0.04289519296053255
0,0.30480022350298525,0.1839790365640352,0.5112207399329797
0,0.9768244865414055,6.916538891835486e-08,0.023175444293205574
2,0.7592155482982643,0.02476018617916916,0.2160242655225666
2,0.6491229379538788,0.028585983063361325,0.3222910789827599
0,0.7662307635379803,0.0018718188355601158,0.23189741762645974
2,0.35514990009818026,0.08992554922324476,0.5549245506785749
0,0.9609655579982375,0.006399553729760291,0.03263488827200228
2,0.002282224842024855,0.00024301618630582012,0.9974747589716694
2,0.6500321646296382,0.06801320693950656,0.28195462843085517
0,0.9542781854948686,0.0026383833202955256,0.04308343118483589
0,0.39416748540240987,0.01060990089192113,0.5952226137056691
1,0.5104369848592395,0.027936364360800645,0.46162665077995985
2,0.06381988240755325,0.09431615917894498,0.8418639584135018
0,0.7075609765432237,0.11458380238855272,0.1778552210682236
2,0.043246753051584014,0.042441219611458754,0.9143120273369573
2,0.10296143431378867,0.0665433228237663,0.830495242862445
0,0.9292273669104407,0.013829064836945721,0.05694356825261349
0,0.0041937074666136475,0.001272893363371468,0.9945333991700149
2,0.22318215269906405,0.07346718556379979,0.7033506617371361
0,0.9715950554104203,0.0004067241125373605,0.027998220477042382
0,0.007981565611830952,0.046157516635586045,0.945860917752583
0,0.48952503569182554,0.12460449190358043,0.385870472404594
2,0.0007135181202592332,0.00018512320062397044,0.9991013586791169
0,0.9315053915125762,0.003773042208182847,0.06472156627924092
2,0.11215119277684604,0.16004430881003623,0.7278044984131178
2,0.47771833161186483,0.10085266113804367,0.4214290072500914
1,0.42115567334250686,0.06957971171607234,0.5092646149414208
0,0.2266796599608859,0.0668843091524239,0.7064360308866903
2,0.6144751614662265,0.0703998154871688,0.31512502304660467
2,0.40178991706296063,0.1576406324816495,0.4405694504553899
0,0.5699016483798031,0.24506000005011846,0.18503835157007847
0,0.9732346354855453,0.0012442743316001623,0.025521090182854495
0,0.6545937326105686,0.05629279812228765,0.2891134692671436
2,0.3148774517972437,0.051649540442056247,0.6334730077607
2,0.3661713048438062,0.11818323640393792,0.5156454587522558
0,0.8135350690153873,0.016606378862364976,0.16985855212224765
0,0.6601663650141982,0.05158894929870917,0.2882446856870926
0,0.9734968210148611,0.0036504533737106225,0.022852725611428263
2,0.8886306276028463,0.01734681510747783,0.09402255728967604
0,0.9986367652043606,8.626262657747364e-05,0.00127697216906192
0,0.9051378625053083,0.004800069843081932,0.0900620676516098
0,0.9515631878334724,0.00020790474690990764,0.048228907419617745
2,0.707330523626227,0.06318522859669373,0.2294842477770794
0,0.9379056159127974,0.034905499164219395,0.027188884922983197
0,0.887960074554815,0.0019635466834367417,0.11007637876174835
0,0.35035095224301127,7.571869434304166e-05,0.6495733290626455
0,0.9244962242768882,0.0004239556941058845,0.07507982002900603
2,0.5720538665825301,0.013060433408794671,0.41488570000867525
0,0.8737019341436087,0.014892470062476187,0.11140559579391503
2,0.00118516189666448,0.016009296267564803,0.9828055418357706
0,0.9531252375430854,0.023465280533598653,0.023409481923315857
2,0.7114005635240023,0.10793807903145947,0.18066135744453823
2,0.056486059071209176,0.04358483128443812,0.8999291096443527
2,0.022845011869376475,0.004798158291295376,0.9723568298393283
0,0.7212791153405766,0.0880574819729701,0.1906634026864532
0,0.9282500191473257,0.0027619574299656106,0.06898802342270871
0,0.9038504007278588,0.009689190620262036,0.08646040865187918
0,0.9042253069118733,0.007991492818025933,0.08778320027010061
2,0.9932553639099674,0.0013029130056425385,0.005441723084390013
0,0.9561570964555621,0.002574513433800104,0.04126839011063783
0,0.5492180553596969,0.006382550483451475,0.44439939415685165
0,0.9367177265012342,3.949995761287447e-06,0.06327832350300455
2,0.855632653584011,0.031710557471857435,0.11265678894413152
2,0.5680946111880443,0.1482075295601282,0.28369785925182767
2,0.23428665410378854,0.03849395552942151,0.72721939036679
0,0.9861618053098317,0.0069897971024655,0.006848397587702774
0,0.8870364922025974,0.08486365406790991,0.028099853729492672
2,0.5356918890129584,0.1201586087527083,0.3441495022343332
2,1.9770803967030728e-05,0.00018261234554948724,0.9997976168504834
2,0.07588380305344417,0.009809126647380099,0.9143070702991757
0,0.9554096994067531,0.006948939959135999,0.03764136063411083
2,0.00406003808836991,0.011994293599853795,0.9839456683117762
0,0.7335666220423838,0.10771343306388133,0.15871994489373498
0,0.8059632312848887,0.08704642883341493,0.10699033988169643
0,0.04760915976661461,0.007838359141114014,0.9445524810922715
0,0.4670107189444859,0.034309719437256636,0.4986795616182575
2,0.5887290553113949,0.049029082270087225,0.3622418624185179
2,0.9258725463428272,0.004227391489493213,0.06990006216767965
0,0.9792729717853269,0.0032631629243113215,0.01746386529036189
2,0.5544665750119313,0.07339398239623615,0.37213944259183257
2,0.09699969742315662,0.03946268420008709,0.8635376183767562
0,0.7758692321012122,0.01503120178991497,0.20909956610887287
0,0.9516490299847491,0.0026395547582311286,0.04571141525701986
0,0.923445876170459,0.0017287317271930175,0.0748253921023479
0,0.8872602919594003,0.024788513788148638,0.087951194252451
2,0.007150878921733964,0.002919628853567659,0.9899294922246983
0,0.3213355437891024,0.04636027604592924,0.6323041801649684
0,0.8259055669688362,0.002799620385536602,0.17129481264562724
2,0.04315043324753606,0.024463979564401654,0.9323855871880623
0,0.9708923940610291,0.0006446769433254847,0.028462928995645523
0,0.3161605898718504,0.11522685902156178,0.5686125511065878
2,0.18064472760791672,0.04456005714080372,0.7747952152512796
2,0.15798532552408817,0.07058591461465612,0.7714287598612557
1,0.502261244650893,7.68054610013762e-08,0.497738678543646
0,0.9455559703781999,0.0073127653459385275,0.047131264275861715
0,0.9919073006604692,0.0005226431810402959,0.007570056158490445
2,0.255017518886966,0.05087023643331687,0.6941122446797171
0,0.9825504594303303,0.007692152358452648,0.009757388211217173
0,0.9475021584282832,0.00013982105810483953,0.05235802051361202
1,0.5997209798655091,0.09570603903175029,0.3045729811027405
0,0.8206192412401426,0.05391238392334934,0.12546837483650797
2,0.4459080527324422,0.1508411141143051,0.40325083315325255
0,0.33522043340707197,0.1510045982334769,0.5137749683594511
0,0.9306407251749609,0.026314770844592814,0.04304450398044632
2,0.5837015516785181,0.1676639238060059,0.24863452451547596
0,0.4311605975793319,0.0980933630959586,0.4707460393247094
0,0.43185276167725123,0.15090378808836613,0.41724345023438264
0,0.4598116538160077,0.022745769859676652,0.5174425763243157
2,0.58114781324228,0.05067128472452674,0.36818090203319315
2,0.0008790219768840804,0.023056206517116335,0.9760647715059996
0,0.8618719515819003,0.07558459435487178,0.06254345406322785
2,0.020837672250649468,0.00102330822320176,0.9781390195261487
0,0.915555234533653,0.007788189812020954,0.07665657565432608
2,0.194640290272369,0.08370291601865013,0.7216567937089807
0,0.8605695569854964,0.031133509773920542,0.10829693324058298
0,0.7422012393837383,0.06181103857152996,0.19598772204473175
2,0.7841330877359701,0.027124137897035897,0.18874277436699397
0,0.6717396273594637,0.024681465828567978,0.3035789068119684
2,0.4708037845178962,0.07999108934615085,0.4492051261359529
0,0.93835305394733,0.0004088280209828664,0.0612381180316871
2,0.9154237658876669,0.0011185165122075688,0.08345771760012541
0,0.9287782763260924,0.002995144178649545,0.06822657949525791
0,0.791794821976295,0.035501321870669206,0.17270385615303574
0,0.6192040988505261,0.09704647784007873,0.2837494233093953
0,0.972967808905018,0.011380802781878233,0.01565138831310373
2,0.12734996730786485,0.06563447790906803,0.8070155547830671
0,0.6117347483572076,0.08511012421622022,0.30315512742657214
0,0.871000098023745,0.004377627313984738,0.12462227466227031
2,0.0048561725769492884,0.0005492866180278912,0.994594540805023
0,0.9732813348348621,0.002898392720114693,0.023820272445023178
0,0.9999768417151234,1.1786965332550209e-05,1.1371319544148808e-05
0,0.8575941101441317,0.02851073538460993,0.1138951544712584
2,0.08201942323600299,0.02767266486816236,0.8903079118958346
2,4.776149613341017e-07,4.558641170342906e-07,0.9999990665209216
2,0.08417146301630307,0.09583729084294666,0.8199912461407503
2,0.0008430170543529034,0.019467141215420862,0.9796898417302263
2,0.5837015516785181,0.1676639238060059,0.24863452451547596
2,0.14000409040505563,0.05202140465368291,0.8079745049412614
0,0.9092657680945878,0.0012172617866683141,0.08951697011874397
0,0.9704901244928194,5.2297352748498134e-05,0.029457578154432045
0,0.971538979797725,0.0026693543136058033,0.02579166588866926
1,0.4905842376032399,0.10448031747594273,0.40493544492081746
1,0.7111500870305245,0.06889716846831083,0.2199527445011646
0,0.9798897093980875,0.0018622258648064696,0.018248064737105996
2,0.019883509881126138,0.007426460712578436,0.9726900294062955
2,0.8841851070981634,0.0040583226476853885,0.11175657025415103
0,0.5356918890129584,0.1201586087527083,0.3441495022343332
0,0.9719602449286814,0.0038246243394183892,0.024215130731900267
0,0.978689095530665,0.002296321879063146,0.019014582590271962
2,0.0029696110654798364,0.004908055005542246,0.992122333928978
0,0.8430032539278018,0.009038694903493325,0.14795805116870478
0,0.933473532991486,0.0045331143285804645,0.061993352679933424
0,0.9179581023441361,0.006617259932178862,0.07542463772368503
2,0.49469389266344077,0.020488147508655692,0.4848179598279035
0,0.9295347259782234,0.005127879942212654,0.06533739407956388
0,0.9363890804465222,0.02860990209476421,0.03500101745871365
0,0.7313318741048734,0.11381814414355979,0.15484998175156672
0,0.9496192107501519,0.0020307808746980426,0.04835000837515013
0,0.9446637385806428,0.0004222249737726118,0.0549140364455846
2,0.692092971904759,0.02135891809659178,0.28654810999864916
0,0.9568935436451772,0.00018747971729288747,0.04291897663753006
0,0.8819173311831459,0.01855240334915268,0.09953026546770155
0,0.8439615148983524,0.026876236073857435,0.12916224902779022
2,0.5142468091325445,0.07361101057191331,0.4121421802955422
0,0.5896925761773302,0.009005955547208754,0.4013014682754611
0,0.24009019553132085,0.07293707278900352,0.6869727316796755
2,0.0035436621636050327,0.00781279423498265,0.9886435436014124
0,0.7943149496574483,0.004820386653720263,0.2008646636888313
2,0.27509902745287057,0.13471815292718012,0.5901828196199493
2,0.5068305993593542,0.1269117477444001,0.36625765289624573
0,0.8913518744147574,0.0022851338545443324,0.10636299173069833
0,0.8713474163042876,0.021111218897009634,0.10754136479870292
0,0.7320224499966774,0.004830252180795947,0.26314729782252666
2,0.4467865017292637,0.0528592808242111,0.5003542174465252
0,0.9210407704516156,0.04514581663033105,0.033813412918053384
2,0.8554936791005712,0.04882006176829855,0.0956862591311303
2,0.3119770408114952,0.048701569148672144,0.6393213900398327
0,0.9660983348103125,7.687932340585631e-05,0.03382478586628163
0,0.9922179345118027,0.0006643296221870721,0.007117735866010257
2,0.00622440824744926,0.006751891292660123,0.9870237004598906
0,0.4557353007436636,0.1383148742554162,0.4059498250009203
0,0.8667044093742197,0.000310920887276519,0.13298466973850395
0,0.7223334013471774,0.06541034845796766,0.21225625019485483
0,0.9059188319015793,0.015021834113385077,0.07905933398503573
0,0.7589541500095391,0.05283388881722474,0.18821196117323613
2,0.06169136973407499,0.10731883913858145,0.8309897911273436
0,0.8965181942770053,0.009224893058087618,0.09425691266490695
0,0.7759425857519335,0.13396754584477885,0.09008986840328777
1,0.3582111008021096,0.0016263657931270632,0.6401625334047634
0,0.026339837191888014,8.129407090824752e-06,0.9736520334010211
2,0.34261143325139465,0.004392906461036472,0.652995660287569
2,0.5219746863693332,0.06707357423093274,0.410951739399734
0,0.9459960729919146,0.02236621706438882,0.03163770994369675
0,0.9678123828980435,0.005240479843508857,0.026947137258447572
2,0.22739502335578926,0.010511858362756598,0.7620931182814541
0,0.8480629341828133,0.015400349989563284,0.13653671582762342
2,0.15570923599011338,0.05227539397985172,0.7920153700300349
0,0.9716666515429824,1.3372307454871594e-05,0.02831997614956278
0,0.9256783211101616,0.006281004304448772,0.06804067458538969
0,0.6033683035175943,0.09535188170485076,0.30127981477755494
0,0.9913033573610301,0.00022343604361094695,0.008473206595358789
2,0.4705118760108783,0.00024017151874291274,0.5292479524703788
0,0.9228929901440626,0.0007680345549724352,0.07633897530096498
0,0.9944804952761828,0.0023715213818117074,0.0031479833420054795
0,0.7404660458089155,0.006707147846494496,0.25282680634459004
0,0.8421228134648547,0.03644929116832868,0.12142789536681652
2,0.11424294230803186,0.023966296244985877,0.8617907614469822
0,0.8798435299264693,0.05898031463233326,0.06117615544119744
0,0.44758707459481695,0.057351328605469085,0.495061596799714
0,0.8513122836023992,0.06356871831361043,0.08511899808399029
0,0.9255368018787301,0.02013400350006721,0.05432919462120261
2,0.5739152008421924,0.030627849220916166,0.3954569499368915
2,0.19579811544873818,0.04479305475226799,0.7594088297989938
0,0.3221320477711755,2.482059603269158e-07,0.6778677040228642
0,0.9846752863262949,0.0037089329035391244,0.011615780770166131
2,0.5069736499427325,0.07587826909433433,0.4171480809629331
0,0.8348358309441765,0.03446841410221304,0.13069575495361063
0,0.9535030917870378,0.02443143553501953,0.022065472677942434
0,0.8139106122271907,0.005697810242788525,0.1803915775300208
0,0.941102235488993,0.02370495298408778,0.03519281152691936
0,0.9748475513352107,0.0030753237828117746,0.02207712488197746
0,0.4184782023805303,0.030442010950432044,0.5510797866690376
2,0.0010319770578987076,0.01628661470204803,0.9826814082400532
0,0.7214838354070393,0.00870712859321695,0.26980903599974365
0,0.5212524392000651,0.12227669006976945,0.3564708707301656
2,0.3655591442155225,0.11759725577373667,0.5168436000107408
2,0.0953275391874459,0.05682445485549999,0.8478480059570541
2,0.31520452910240415,0.08131769797922703,0.6034777729183689
0,0.30224332847546026,7.307292954451744e-05,0.6976835985949952
0,0.7803537606482546,0.04755118099608012,0.17209505835566535
0,0.9909320213634927,0.0006308176934741799,0.008437160943033144
0,0.6053361895112949,0.03871351679720397,0.35595029369150116
2,0.8660645154373906,0.016910532573688446,0.11702495198892085
0,0.8657597823614291,0.09800818701707391,0.036232030621496936
2,0.03264952209667186,0.06570897255392442,0.9016415053494038
0,0.9523006283680119,0.01162447066027428,0.03607490097171379
0,0.9652259942272958,0.0022705513373082594,0.032503454435395776
0,0.008738177695459903,8.733629071459012e-07,0.991260948941633
0,0.6858134513431432,0.01539670429670778,0.2987898443601491
2,0.5186005850459465,0.0709087741705053,0.4104906407835482
0,0.6958160880095008,0.028981599104778377,0.27520231288572067
0,0.7954774943575216,0.018662744266655554,0.18585976137582294
0,0.3788780208621859,0.1711651524400222,0.44995682669779197
2,0.9327022380779035,0.003957818309221984,0.06333994361287446
0,0.7764351751442946,0.004478913000125521,0.21908591185557977
0,0.34627072112452467,0.14110440788728582,0.5126248709881895
1,0.5540366718664962,0.029409146501202136,0.4165541816323016
0,0.9448785355343116,0.01547418450872125,0.03964727995696719
0,0.9999938570835826,1.954162576146239e-06,4.1887538413485754e-06
0,0.8921018705709504,0.06709377901310085,0.04080435041594873
0,0.8847575591132867,0.0028596440123332,0.11238279687438009
0,0.927763761362977,0.006575652483409931,0.06566058615361314
0,0.9901145595901619,0.003006116102691155,0.006879324307146817
2,0.3043817471745647,0.03634901696755967,0.6592692358578757
2,0.054922303361874925,0.012013705788430838,0.9330639908496942
0,0.8135823370260382,0.032935021556842255,0.15348264141711956
2,0.5468327378890961,0.14554644369293143,0.3076208184179725
2,0.08590607575700657,0.002585599278083215,0.9115083249649102
0,0.6799098962601129,0.022079534892682745,0.2980105688472043
0,0.8833310551412225,0.034117185256898615,0.08255175960187898
2,0.41490087787081953,0.13303322901632178,0.4520658931128587
0,0.9362895987490369,0.002090529228112726,0.06161987202285037
2,0.08244003543579084,0.04523947705071199,0.8723204875134971
0,0.4847883492982486,0.06786630022618945,0.44734535047556184
2,0.3211458007596719,0.042679819893545044,0.636174379346783
2,0.005462297220084461,0.0006252165685502541,0.9939124862113652
2,1.3324465061089212e-05,0.00759429345494612,0.9923923820799928
2,0.0004284433589128989,0.017174241227649295,0.9823973154134379
0,0.9342879756445545,0.00033100831728253167,0.06538101603816296
0,0.9013910929679589,0.00231522385040493,0.09629368318163602
1,0.4949278200843704,0.09143319734835624,0.4136389825672733
2,0.14502510141633376,0.05086435934223367,0.8041105392414325
0,0.9381301035148565,0.025066141230661077,0.03680375525448237
2,0.0506823698299642,0.0108160266509567,0.9385016035190791
0,0.4287724309676054,0.04972311833955975,0.5215044506928348
0,0.7642764092128698,0.015506849489329275,0.22021674129780092
0,0.8951918674901445,0.040947293253054906,0.06386083925680061
0,0.9045640871956054,0.0030566827708940875,0.0923792300335006
0,0.8601331725288716,0.004172291015079051,0.13569453645604945
0,0.5510007604094587,0.07810328871837673,0.37089595087216454
2,0.07640822715554058,0.08809532669258138,0.8354964461518781
0,0.986297367146802,0.0021617765988009934,0.011540856254397068
2,0.8318416303748927,0.001774592532295256,0.16638377709281205
2,0.00022231821437833103,0.0012790642150604388,0.9984986175705612
0,0.9999949264512528,3.2542159875848824e-06,1.8193327595902797e-06
0,0.9968408605936557,0.00018306070214564257,0.002976078704198553
0,0.9377659344435265,0.010180098665346702,0.0520539668911269
0,0.9776134034260636,0.01049451021279761,0.011892086361138785
0,0.9026920005270154,0.0005712172911505836,0.09673678218183411
0,0.9852268122968585,0.00189445222568123,0.012878735477460488
0,0.9092449854372051,0.030790144313749886,0.05996487024904493
0,0.9052775744524935,0.0013068710855667063,0.0934155544619399
2,0.1272085428922885,0.03228548014837302,0.8405059769593386
0,0.9176187763066351,0.00899120429808512,0.07339001939527971
2,0.006435645810016042,0.010948084484735048,0.982616269705249
0,0.9854958407038565,0.006882854102165258,0.007621305193978317
2,0.07850004812559486,0.029414590221790007,0.8920853616526152
0,0.9252022496121383,0.009147092913630455,0.06565065747423131
2,6.988010345028774e-05,3.9931827702040466e-05,0.9998901880688478
2,0.6660231670052118,0.0007105829698552849,0.33326625002493276
0,0.9160271644271377,0.007715058792057256,0.07625777678080481
2,0.00042215692513495234,0.0003780081362089578,0.9991998349386562
0,0.9695300685569216,0.003637823611114262,0.02683210783196424
0,0.9814902516275852,0.0023591212379537015,0.016150627134461068
0,0.8660998426577269,0.010721354315192898,0.12317880302708034
2,0.2685696128582527,0.108415944562879,0.6230144425788682
0,0.9840195488657498,0.004741986170145009,0.011238464964105122
0,0.43035963423828655,0.10199628306227713,0.4676440826994364
2,0.22732227439927677,0.1947038079736623,0.577973917627061
2,0.0815614077068051,0.047619931651640024,0.8708186606415549
2,0.635182125355916,0.004577429112338474,0.36024044553174556
2,0.045085981187078246,0.022825745432031905,0.9320882733808898
2,0.016089101575401613,0.006305285313716701,0.9776056131108817
0,0.7394955549840334,0.026855676927443013,0.2336487680885235
2,1.798152350321431e-05,0.006548622819472162,0.9934333956570246
2,0.34280782134406457,0.04559099805908745,0.611601180596848
2,0.0006579226634075985,0.00500999845731559,0.9943320788792769
2,0.0963076380366694,0.04739112957565829,0.8563012323876723
0,0.798958661463235,0.06438144325242345,0.13665989528434166
2,0.6506057079443762,0.021328333938807096,0.32806595811681666
0,0.8912797515664723,0.03435811097392321,0.07436213745960447
0,0.8197650510803279,0.026731700019263425,0.15350324890040865
0,0.9453135217816259,0.026810226737624402,0.02787625148074979
0,0.746156005237617,0.035488199934350324,0.21835579482803263
0,0.8271801295022738,0.005606808888977415,0.16721306160874883
0,0.9503767912757511,0.022343512487538623,0.02727969623671031
2,0.26438131233615497,0.11845197658893535,0.6171667110749097
2,0.502643469780055,0.08047738013066791,0.416879150089277
2,0.9109563415009009,0.003538442316275701,0.08550521618282333
2,0.32964891322228107,0.07231126424257926,0.5980398225351397
2,0.00015539630219524425,1.1670214651869864e-06,0.9998434366763396
0,0.9933893700727381,0.00630873568470621,0.0003018942425556835
2,0.06460109289210282,0.04234667444155926,0.8930522326663379
2,2.530274168939271e-07,1.3783310457995289e-06,0.9999983686415373
0,0.9726920211279145,0.007068203153766335,0.020239775718319163
0,0.952047313596646,0.013748896315711766,0.03420379008764239
0,0.884259303198539,0.03165985800023778,0.08408083880122322
2,0.07939321591580843,0.019965244364882725,0.9006415397193088
2,0.1492151498057513,9.086026537096684e-05,0.8506939899288777
1,0.8378931443516636,0.05394412091067131,0.10816273473766522
0,0.0912457068051488,0.0009220842060794684,0.9078322089887718
0,0.6361521464053013,0.00021541522326096993,0.36363243837143777
2,0.6167982556436163,0.05792747750213187,0.3252742668542518
0,0.9558546582070145,0.009848973852205543,0.034296367940779914
0,0.544989240404392,0.13577719588994294,0.319233563705665
0,0.8846039374252711,0.003717325590494296,0.11167873698423443
0,0.7446888129283257,0.050103158568178645,0.2052080285034956
2,9.450296406135337e-08,0.0006650349557589657,0.9993348705412769
2,0.0003790643757128025,0.0037965394654516935,0.9958243961588356
2,0.08883500979857831,0.05987380601007025,0.8512911841913514
2,0.8191454061362368,0.0017949344611755975,0.17905965940258758
0,0.6039412972681859,0.1121688206627225,0.2838898820690916
0,0.7600854759843881,0.13679839082361203,0.10311613319199986
2,0.7227053445321161,0.036633945953272934,0.24066070951461083
0,0.9008512752635277,0.010202776872040905,0.0889459478644314
2,0.7680979295826036,0.0001094334810833387,0.23179263693631302
0,0.8666317155032391,0.0084640805429147,0.12490420395384606
0,0.719010035973643,0.014807282527463515,0.26618268149889357
2,0.11127472260220853,0.021651746591535927,0.8670735308062556
2,0.3539209793882836,0.02184729753854315,0.6242317230731732
0,0.8904746942154369,0.027806401411153172,0.08171890437340996
0,0.6289086454292575,0.04491154290939968,0.32617981166134274
2,0.4567961388346779,0.0878609721227454,0.45534288904257675
1,0.5468327378890961,0.14554644369293143,0.3076208184179725
0,0.6270660460585156,0.06659130166280677,0.30634265227867774
2,7.411173021530889e-15,2.3346120485412927e-11,0.9999999999766465
0,0.7316809748148371,0.024338323020092024,0.2439807021650711
0,0.13124421939559294,0.0134137602928985,0.8553420203115085
0,0.9240910798641848,0.0005766659006456241,0.07533225423516966
2,1.6694736436643793e-05,3.6360781511893164e-06,0.9999796691854121
1,0.5496886364957349,0.08916247527531296,0.3611488882289522
0,0.9996421020288259,0.00035311205356645893,4.785917607629505e-06
2,0.09548095824792846,0.025021202773520216,0.8794978389785513
0,0.8590287071166294,0.0024751070962951865,0.13849618578707554
0,0.9835657981869113,0.000616129411198662,0.01581807240189011
0,0.28455697895516563,0.10091321956619004,0.6145298014786442
1,0.6806916620956761,0.06822289653421247,0.25108544137011135
2,9.02831257643832e-23,2.3545596232813297e-17,1.0
2,0.33715976965879074,0.07537085193235123,0.587469378408858
2,0.27787691130948516,0.09725344838787223,0.6248696403026426
2,0.3977442187870899,0.019249458176673888,0.5830063230362363
2,0.03836606866464328,0.1659252473800622,0.7957086839552944
0,0.9959411917979024,0.0006925285439665252,0.0033662796581311774
2,0.04890554474293091,0.00966734476011824,0.9414271104969508
0,0.39752073916401603,0.019837317127630462,0.5826419437083535
1,0.01997719774239382,0.0801700435924257,0.8998527586651806
2,0.0973095303306493,0.05135168103471557,0.8513387886346352
0,0.9092403611469511,0.025463975339406676,0.06529566351364229
2,0.0002496147542163986,7.033345082896296e-06,0.9997433519007008
0,0.8609337852641182,0.00410444905022227,0.1349617656856596
0,0.6891849220388385,0.020845210459705624,0.2899698675014559
0,0.9896162013291349,0.001981069809040276,0.008402728861824887
2,0.12290739794858886,0.0024434439396588932,0.8746491581117521
0,0.8954179019143412,0.0025648837863917447,0.10201721429926688
2,0.47597643567403114,0.10945993898211803,0.41456362534385083
0,0.9499794917360918,0.0032183795795910305,0.04680212868431719
0,0.9953633241443595,0.003478823060379833,0.001157852795260714
2,0.2607884848091108,0.12781563182126826,0.6113958833696209
2,0.04129483576354083,0.02259916701297459,0.9361059972234846
0,0.6831531217257889,0.12068811209633817,0.19615876617787292
0,0.8921505265258695,0.04812126711500631,0.05972820635912431
0,0.9962412806193635,0.001692379630662322,0.0020663397499743152
0,0.8911025033460201,0.0003613681186997353,0.1085361285352802
2,0.9701963629170265,0.000477098182411444,0.029326538900561982
0,0.9579331338617715,0.01390596629589554,0.028160899842333144
0,0.30036919117920197,0.07530308021381946,0.6243277286069786
0,0.6286319667026312,0.08109846627309343,0.29026956702427537
0,0.11490440324768131,0.0018838633727651733,0.8832117333795535
1,0.5603132233204304,0.08726316689734208,0.35242360978222753
0,0.9150297664175647,0.03243527849567168,0.05253495508676359
0,0.3935967661291484,6.470412682897293e-06,0.6063967634581686
0,0.0037987748999998485,0.0002503665659626361,0.9959508585340375
0,0.9916087885617575,0.00015283831337520144,0.008238373124867294
0,0.12291207717230024,5.320695094880947e-06,0.8770826021326049
0,0.786978946131933,0.21114972176209926,0.0018713321059677848
2,0.0528065682550359,0.030433752461104288,0.9167596792838598
2,0.00538247137306605,0.01076765438820784,0.9838498742387262
2,0.9179191878778783,0.051887207778509546,0.0301936043436121
2,0.41492117419922986,0.0381610355924197,0.5469177902083504
2,0.890478515058034,0.036633023898690005,0.0728884610432761
0,0.9766771352710388,0.011447495687246291,0.011875369041714715
2,0.5362174902314153,0.05522806466261065,0.40855444510597416
0,0.5502628123400248,0.0894713839064204,0.36026580375355477
0,0.9851672360301463,7.044877565903024e-05,0.014762315194194636
0,0.9936158525468668,0.004001828900980368,0.002382318552152749
0,0.967978698157767,0.009755057212345108,0.022266244629887872
2,0.0009194936768998371,0.008890817675247105,0.9901896886478532
2,0.8970078087548562,0.0025742478941379507,0.10041794335100573
0,0.9502333403708719,0.0031858323860368427,0.04658082724309137
1,0.6154543377568681,0.09621109857471943,0.28833456366841254
0,0.9452200121341092,0.004309008775776616,0.05047097909011439
0,0.7408542375710746,0.06296852003699514,0.19617724239193038
0,0.8805724611740977,0.034436095301850385,0.08499144352405194
2,0.00040455271352502034,0.0002052581397446214,0.9993901891467304
0,0.9436285792140127,0.009633123030526361,0.04673829775546086
2,0.03893851676985004,0.0009185899820985005,0.9601428932480514
2,0.6875093395438904,0.03341614573213363,0.279074514723976
2,0.11466137618143271,0.048136024241356,0.8372025995772113
0,0.03696686211720739,0.0007967137143324528,0.9622364241684602
2,6.831011213101639e-05,4.3393045327066295e-05,0.9998882968425419
2,0.683535059352269,0.07554390193340771,0.24092103871432324
0,0.9414964546328034,0.028909662242495762,0.029593883124700744
0,0.5291518015228126,0.08197101879883723,0.38887717967835006
0,0.7429954405563473,0.003311206236038972,0.2536933532076137
0,0.0037596540281056123,0.03481144724837352,0.9614288987235209
0,0.8782466473928983,0.0028086280131012333,0.11894472459400053
0,0.03141792159419092,0.05290186857392264,0.9156802098318864
1,3.089021858519229e-07,6.293543837389079e-08,0.9999996281623756
0,0.1185651733716838,0.021642724773581784,0.8597921018547343
0,0.8365872767426649,0.033498880628779856,0.12991384262855532
2,0.10527605616108182,0.17504345583386258,0.7196804880050556
0,0.5944317812849711,0.10544757784385378,0.30012064087117507
0,0.707314118296992,0.06319126407492572,0.2294946176280823
0,0.9415381028681947,0.0013273558275252956,0.05713454130428011
2,0.9592461361474836,0.002695351216474196,0.03805851263604218
0,0.9019743010454104,0.0054119896190160995,0.09261370933557357
2,0.05379398661605556,0.00038100569539588835,0.9458250076885485
2,0.5802690025802548,0.12661373565037645,0.29311726176936875
2,0.3939308677425584,0.005872379375569876,0.6001967528818717
2,0.007266902780228952,0.0050852644021345305,0.9876478328176366
0,0.7520346307848599,0.0005229744397994914,0.24744239477534066
0,0.9233833055307539,0.008371517333799202,0.06824517713544678
2,5.826373433741674e-05,8.10227819201153e-05,0.9998607134837426
2,0.6049595195303875,0.027667250416582263,0.36737323005303024
0,0.9856945674636952,0.004454710718856177,0.009850721817448636
0,0.9339583786535387,0.0020828706456191563,0.06395875070084207
0,0.8701467819707779,0.06380738265856326,0.06604583537065892
0,0.15092763716074697,0.04049711084301543,0.8085752519962376
0,0.8119606493686752,0.07695871801114233,0.11108063262018247
0,0.6720576198294257,0.06666999079912596,0.2612723893714483
0,0.9689757377614713,0.004932321021292528,0.026091941217236115
0,0.8086737804613638,0.010035378050902502,0.1812908414877336
1,0.5604885577804053,0.1669519863484624,0.2725594558711324
0,0.6416363223948477,0.0007204007939563855,0.35764327681119584
0,0.8060018216962125,0.026681667980127773,0.1673165103236597
0,0.6301313412035329,0.09739490613788297,0.2724737526585842
2,0.003867301186722097,0.005569765335630396,0.9905629334776475
2,0.7557519445860321,0.02045667514091973,0.22379138027304818
0,0.5586216338469888,1.176517030884007e-05,0.44136660098270236
0,0.8745060950329692,0.030843109192854646,0.09465079577417626
2,0.35386786266315706,0.05162311657731535,0.5945090207595275
0,0.8789471633619677,0.01253995194457786,0.1085128846934545
2,0.0002519342002192977,0.0019847863891146802,0.997763279410666
0,0.9421130614708493,0.0047449233162385005,0.05314201521291228
2,0.864752571031487,0.005224360034991697,0.13002306893352145
0,0.6507516314171471,0.11370813997524065,0.23554022860761226
