target,prediction_0,prediction_1,prediction_2
2,0.08690756926954551,0.08254387125285256,0.830548559477602
0,0.9638371844630378,0.005665776905820802,0.030497038631141386
0,0.9731518852212969,0.0018224064907666,0.02502570828793662
2,0.1696022658265799,0.00917622161948242,0.8212215125539377
0,0.892278331839324,0.0035181333168069918,0.10420353484386902
0,0.9294977493687027,0.004274868168633403,0.06622738246266392
0,0.9299317347550031,0.011912118427482726,0.0581561468175143
2,0.018759691406919087,0.0016905606814393386,0.9795497479116416
0,0.987220472744559,0.0007451869710333401,0.012034340284407502
1,0.3020779764124268,0.03182083080190521,0.666101192785668
2,0.046634670091247436,0.010128631730670312,0.9432366981780822
0,0.7376297499733891,0.006765233005546889,0.25560501702106386
0,0.9570853787776673,0.004647863858365067,0.03826675736396762
0,0.9121148843186867,0.0029332760860623446,0.08495183959525092
0,0.9486211548556287,0.0066571096385775255,0.04472173550579371
2,0.2995830186606996,0.07717174317098653,0.6232452381683139
0,0.9115962263106854,0.014661036112891112,0.07374273757642345
2,0.5879751482371518,0.02109338197196653,0.39093146979088156
0,0.9680818648979019,0.005301371852124583,0.026616763249973308
2,0.08112660841175262,0.008021370342965142,0.9108520212452822
0,0.9492642752222542,0.009898018178736265,0.040837706599009635
1,0.3283276620292841,0.02892989800038557,0.6427424399703303
2,0.08246663033872324,0.0022476927441295647,0.9152856769171472
0,0.9451020167188421,0.004731897828561422,0.05016608545259642
0,0.6671875216875309,0.011177882472097276,0.3216345958403717
0,0.9265507457726413,0.01181671318978361,0.061632541037575046
0,0.9636055733458316,0.003319871851623665,0.033074554802544766
0,0.9782444746310516,0.0018986378022783868,0.019856887566670103
0,0.6374796063077524,0.008883648395657662,0.35363674529658995
0,0.9437849206781784,0.013346443385725,0.042868635936096425
2,0.05477739494818275,0.02180920041638734,0.9234134046354299
2,0.29435602702158625,0.03708313864874693,0.6685608343296668
0,0.38203749041705265,0.13634362439569336,0.48161888518725393
2,0.4383136137009966,0.0395321416469459,0.5221542446520576
0,0.8602294192292106,0.015368257706531777,0.12440232306425776
2,0.05436291372346339,0.009281995709987213,0.9363550905665494
2,0.29197588468616836,0.020046720639954538,0.6879773946738771
0,0.9370238185340966,0.004718301661299974,0.05825787980460339
0,0.34364120272384624,0.08656500346081093,0.5697937938153428
0,0.778488413977056,0.012237048114937643,0.20927453790800626
0,0.78844100417789,0.0030181662314323386,0.2085408295906777
2,0.025964563968785145,0.8637558075720199,0.11027962845919492
0,0.8783277058611939,0.003150022806681215,0.11852227133212483
0,0.968473053585494,0.0024428089227422,0.029084137491763768
0,0.9729328181652922,0.002743054775156234,0.024324127059551344
0,0.5096353264111708,0.11689586177088374,0.3734688118179455
0,0.7983853423384815,0.008814995850442894,0.1927996618110757
2,0.9417326807226316,0.004381348831079166,0.05388597044628925
0,0.7946959014477541,0.004169924113381264,0.2011341744388647
2,0.40438241416041376,0.08071960855706509,0.5148979772825211
0,0.9563205005816761,0.010680068533244515,0.03299943088507938
0,0.9818997772893121,0.0015127673042142802,0.016587455406473557
2,0.09324968111468489,0.00877162889146858,0.8979786899938464
2,0.28458881558718035,0.02529400485205112,0.6901171795607686
2,0.33709320896124517,0.014809958903858176,0.6480968321348968
0,0.9109752560772626,0.003530879512331505,0.08549386441040605
0,0.9036048452302838,0.041146147999299415,0.055249006770416734
0,0.7371973287493548,0.1532159463204122,0.10958672493023287
0,0.9784858543589058,0.0007809840746330886,0.020733161566461038
0,0.8362193043126539,0.013328127220121404,0.15045256846722474
1,0.9096756660044688,0.011444980800946664,0.07887935319458468
2,0.8085114221476151,0.015082510562158608,0.17640606729022634
0,0.9374152390241803,0.004446332832773972,0.0581384281430455
2,0.14204564224131563,0.0130382251752111,0.8449161325834733
2,0.11092525605355821,0.02354279184263957,0.8655319521038022
2,0.022611967167015953,0.0018115846804986448,0.9755764481524853
1,0.9326504566652837,0.010199070082777378,0.057150473251939046
2,0.33820033704299735,0.0191171771926947,0.6426824857643079
2,0.08545966068909844,0.05902893355487631,0.8555114057560254
0,0.9565836696886865,0.004263989271605408,0.03915234103970807
0,0.9868858112023895,0.0012277729045039375,0.011886415893106425
0,0.8154476328004807,0.00466768330964046,0.17988468388987902
0,0.9609637335139488,0.004654071217641537,0.03438219526840969
0,0.9274933386847829,0.02223442464051648,0.05027223667470066
2,0.01031391835510692,0.002185639850221405,0.9875004417946717
2,0.05125732902751367,0.004095421974407386,0.9446472489980791
0,0.9464179681426071,0.00771508151857353,0.04586695033881945
0,0.739811501045166,0.015239395070433615,0.2449491038844002
0,0.8792132375640419,0.022659526359508568,0.09812723607644952
0,0.8730436359779947,0.003544158182237983,0.1234122058397674
0,0.7944174597975111,0.024625731318814393,0.18095680888367455
2,0.7504850560594861,0.022885519095118816,0.22662942484539517
1,0.6125286756110149,0.008358853345145181,0.37911247104383994
0,0.8179726499762872,0.03673812967659891,0.14528922034711403
0,0.8286731123407666,0.005898741318027725,0.1654281463412057
2,0.5683860386093152,0.011845094749890072,0.41976886664079466
0,0.9645443170126206,0.001448542960805473,0.034007140026574054
2,0.0958547043173128,0.0234408319334963,0.880704463749191
0,0.9667403891555254,0.0066145114819364656,0.026645099362538067
0,0.8822666673271383,0.006228426213161105,0.11150490645970054
0,0.7690869608643593,0.00299851803014692,0.22791452110549373
0,0.5440073853068862,0.039739541881180646,0.41625307281193324
0,0.8370998100004302,0.018629225887482996,0.14427096411208679
0,0.9724125606416519,0.005146211419489261,0.022441227938858922
0,0.9624380950222126,0.003954179062532087,0.03360772591525544
0,0.9636063788112028,0.003949737437433089,0.032443883751364
0,0.9580452956177082,0.0019536345222195928,0.040001069860072104
2,0.016516010515568096,0.025002819996240117,0.9584811694881918
0,0.9650467924823636,0.004882861833782698,0.03007034568385386
0,0.3708175362042698,0.01735566299735558,0.6118268007983745
2,0.04058327690757647,0.035119087916653524,0.92429763517577
2,0.01124651825905782,0.0007558213917938606,0.9879976603491484
2,0.05766787719868125,0.005330714041457421,0.9370014087598614
2,0.07672308115765106,0.055807424914202396,0.8674694939281467
0,0.9360039444467688,0.002118939161146526,0.06187711639208457
0,0.9059740003667003,0.048891776566628825,0.04513422306667111
0,0.9306649976452765,0.0019352774470305914,0.0673997249076929
2,0.5812554501931604,0.016394382605070534,0.402350167201769
0,0.4580377544709343,0.021042208847494363,0.5209200366815713
2,0.2400379298705758,0.04625252065428674,0.7137095494751375
0,0.9438658356349541,0.0021413292087340777,0.053992835156311876
2,0.06806726502002756,0.01263286038128679,0.9192998745986857
0,0.9468182788914191,0.0031616231054420922,0.05002009800313898
2,0.06609618725634295,0.027036058602219217,0.9068677541414378
0,0.9501489001630572,0.0024111771892947084,0.047439922647648104
0,0.7420689237655193,0.028558520175965822,0.2293725560585149
0,0.97671277261575,0.0010448864690484885,0.02224234091520152
0,0.9586942012330119,0.0010002333268235406,0.04030556544016454
0,0.955839409066839,0.007242977907328514,0.03691761302583269
2,0.591166106190786,0.012008301363513997,0.3968255924456999
0,0.9459735987541275,0.0013909038059003013,0.05263549743997234
0,0.9625871372634569,0.00443349880718517,0.03297936392935789
0,0.469074400365554,0.3839499949908499,0.1469756046435961
0,0.9674643883143448,0.0031316173352984394,0.029403994350356656
0,0.7163133989820435,0.006589192903837657,0.2770974081141189
0,0.6293238440741218,0.019366377041025156,0.351309778884853
0,0.9510008038744509,0.0038657476407372793,0.045133448484811926
0,0.931716872773314,0.006353971524596963,0.06192915570208905
2,0.1212300828796697,0.042254657940384556,0.8365152591799457
0,0.9279042494752306,0.007420145799459452,0.06467560472530978
2,0.05254548582903356,0.0064489834700680974,0.9410055307008984
0,0.8963290501238227,0.00998622975104793,0.09368472012512925
2,0.05192769240302043,0.009428318912840327,0.9386439886841392
0,0.9349859518573309,0.016176342211430807,0.04883770593123829
2,0.7953553204985461,0.05920944058580357,0.14543523891565036
2,0.374247516348987,0.017282954970801248,0.6084695286802118
0,0.7972285620564028,0.006255868651556623,0.19651556929204045
0,0.9831758120442716,0.0026031331169187526,0.01422105483880951
0,0.9077124022737545,0.0097898987636733,0.08249769896257234
2,0.6241675967062277,0.006862578105247032,0.3689698251885254
0,0.812059862324102,0.00444968586456011,0.18349045181133794
0,0.4818056522229372,0.059511724690978,0.45868262308608476
0,0.9171853212579978,0.014387364781821534,0.06842731396018063
0,0.7974449052972995,0.003665078103081689,0.19889001659961883
0,0.8780447818304982,0.011915575908706592,0.1100396422607953
0,0.936651559064753,0.005247022047731827,0.05810141888751521
2,0.028226227940613732,0.0037281385862883284,0.9680456334730979
0,0.9661103332742218,0.0019207189271118808,0.03196894779866635
0,0.9004180816727719,0.04784255681741561,0.05173936150981245
2,0.37070371010256525,0.09913064953624184,0.5301656403611928
0,0.9744275780788962,0.0016018567738597528,0.023970565147243907
2,0.5593477595749698,0.029249939102173984,0.4114023013228562
0,0.9649467707823602,0.0029341859264184426,0.03211904329122117
0,0.9149145897955436,0.00605687842911406,0.0790285317753422
0,0.18815220062182791,0.006705707701766997,0.8051420916764052
0,0.8492442915452458,0.006664890469375192,0.14409081798537898
2,0.04210766293212388,0.0029022481376249068,0.9549900889302512
2,0.032141801814212625,0.007467002503621431,0.9603911956821659
2,0.8613963811684979,0.00817876565384014,0.130424853177662
0,0.9558519338677004,0.005475375328164719,0.03867269080413485
0,0.0688786868475059,0.02119861651449466,0.9099226966379994
0,0.9683709403731151,0.002744520136855095,0.028884539490029917
2,0.7877190971812074,0.005969714011926858,0.2063111888068656
2,0.8630463257605763,0.02235263482561808,0.11460103941380574
0,0.877222564270062,0.009801782932552875,0.1129756527973852
2,0.5059818399782658,0.1260815585435455,0.3679366014781887
0,0.9751993263491959,0.003641038316458383,0.021159635334345783
2,0.02103521985788254,0.0026282448803329477,0.9763365352617845
2,0.9038074422444389,0.0021592291240141613,0.09403332863154688
0,0.9032889463401265,0.007121478253755368,0.08958957540611824
0,0.5237185949994696,0.3232279110876822,0.15305349391284823
1,0.33185312613255785,0.02389868274374825,0.6442481911236938
2,0.14300880487818615,0.005863476735283331,0.8511277183865305
0,0.8338186991240181,0.005627355853588018,0.16055394502239387
2,0.07267148114928561,0.07902550257407912,0.8483030162766352
2,0.08405434411364451,0.020764240203358895,0.8951814156829966
0,0.8575544255713563,0.10684799024989554,0.03559758417874815
0,0.1735920835088082,0.05213668180253457,0.7742712346886572
2,0.16504688944325424,0.016882664543955303,0.8180704460127906
0,0.9456800016323531,0.0013767093818427064,0.052943288985804166
0,0.3346499710038439,0.010821921585862062,0.6545281074102941
0,0.5401019540070349,0.040980238039980035,0.41891780795298506
2,0.015522483447734867,0.001856612217349606,0.9826209043349156
0,0.9683332938073451,0.0013800804731547288,0.030286625719500197
2,0.14364986373819288,0.019674869584848743,0.8366752666769585
2,0.46269237241610495,0.013244892284583141,0.5240627352993119
1,0.3205467048749146,0.2700012841897637,0.40945201093532174
0,0.7031386701766842,0.009552838086892047,0.2873084917364237
2,0.17054734035525912,0.0030789357255246756,0.8263737239192162
2,0.48045367834244823,0.017460949729708235,0.5020853719278435
0,0.5913874569949438,0.007228777534480001,0.4013837654705763
0,0.9709154850309932,0.003026216274050237,0.026058298694956496
0,0.7791787905757728,0.009681802242290278,0.21113940718193686
2,0.09324828603329578,0.005451040351390379,0.9013006736153139
2,0.2611608592093342,0.015664122930291718,0.723175017860374
0,0.9608561303394694,0.005351517605794096,0.03379235205473661
0,0.7174275463969515,0.015227005109154422,0.26734544849389413
0,0.9431647168220942,0.025280490759435375,0.03155479241847039
2,0.9503868454263812,0.006168396818159042,0.04344475775545976
0,0.9289630624914331,0.003736780583284508,0.0673001569252824
0,0.9347557640515979,0.009090415572341052,0.05615382037606121
0,0.9802754442527729,0.0022529586048487503,0.017471597142378354
2,0.7678988703535415,0.012584441482119011,0.21951668816433945
0,0.9686958450147412,0.002499539486130068,0.028804615499128692
0,0.8708249182413427,0.007670168862723071,0.12150491289593418
0,0.17111935273999376,0.024511919276065,0.8043687279839412
0,0.8975522181385945,0.0013887482589752223,0.10105903360243015
2,0.757447370720181,0.008902813712716007,0.2336498155671029
0,0.9474114795811827,0.003757065951362979,0.048831454467454204
2,0.11431336913334621,0.008577794572856864,0.8771088362937969
0,0.9528525218338302,0.01950344086921124,0.027644037296958537
2,0.898342658716669,0.02600391863220415,0.07565342265112697
2,0.0317578727479078,0.00605943941655883,0.9621826878355334
2,0.03241903017947851,0.002470155666951918,0.9651108141535696
0,0.5537800776416603,0.04909758259055656,0.39712233976778316
0,0.9525689610935781,0.00280836409306012,0.044622674813361705
0,0.9234843291572569,0.005501370593278198,0.07101430024946478
0,0.8790782711933752,0.008008184651811173,0.11291354415481343
2,0.4909571262470798,0.00838307958659899,0.5006597941663211
0,0.9453508120576659,0.01629905994104399,0.03835012800129017
0,0.26407975242629833,0.04532106685134681,0.6905991807223547
0,0.9822624990142718,0.0009371928189417165,0.016800308166786515
2,0.8969080128034043,0.0041366785483970955,0.09895530864819854
2,0.7980051159687346,0.012705047010727947,0.18928983702053737
2,0.04196105959750354,0.007602915343868333,0.9504360250586281
0,0.9459591492889929,0.005648522489536198,0.04839232822147074
0,0.9404240924289479,0.00817334939163002,0.051402558179422034
2,0.4555346369849773,0.012208414383994124,0.5322569486310286
2,0.06106700641967532,0.007207083280788015,0.9317259102995366
2,0.10954195791391057,0.011881278881137491,0.8785767632049519
0,0.9406361941602119,0.0020524815798573723,0.057311324259930525
2,0.06347993648663605,0.005947678515067682,0.9305723849982962
0,0.9263744843019581,0.009846912399509229,0.06377860329853267
0,0.9765154033204861,0.001667545092821357,0.02181705158669253
0,0.49152842238707356,0.038910227245402114,0.4695613503675244
0,0.6288187092144513,0.030530878001083814,0.34065041278446484
2,0.6193590404609249,0.0053802836890360336,0.37526067585003914
2,0.9450634328404903,0.003638839303564263,0.0512977278559454
0,0.9639596774320774,0.005622596449159712,0.03041772611876278
2,0.24028064645770109,0.011260730898748756,0.74845862264355
2,0.03866369746749183,0.013569782562185832,0.9477665199703225
0,0.7944770408915663,0.007094146146686278,0.19842881296174733
0,0.9532723168972993,0.0038484502350388124,0.042879232867661723
0,0.9804112699357718,0.0009353062861909328,0.018653423778037307
0,0.8161621910205885,0.013355462745104822,0.1704823462343065
2,0.04903508142265298,0.007263678387673234,0.9437012401896738
0,0.10078945706519006,0.018748876013846193,0.8804616669209637
0,0.8945478950060601,0.003491475286979351,0.10196062970696043
2,0.13053363131033427,0.0034945591138399335,0.8659718095758258
0,0.7286676562807043,0.02291101430064399,0.24842132941865172
0,0.2678491597230039,0.21229495310926605,0.51985588716773
2,0.11935849624346166,0.005623287364309209,0.8750182163922291
2,0.0631947234874477,0.004310566966968924,0.9324947095455834
1,0.35767853398327787,0.008236753106874333,0.6340847129098478
0,0.9808887952173383,0.0039028491539289897,0.015208355628732755
0,0.9085307352247708,0.008028828808255985,0.08344043596697329
2,0.23008952063252175,0.013954746419444846,0.7559557329480333
0,0.8370741844025712,0.004118775488591818,0.15880704010883684
0,0.9903666593103263,0.0009391220403154233,0.008694218649358335
1,0.30018342330361925,0.34044421511826184,0.3593723615781189
0,0.9686137688281048,0.0016628450165397646,0.029723386155355545
2,0.30937592998705854,0.29489727977208247,0.395726790240859
0,0.43620517520464913,0.009665557700680682,0.5541292670946703
0,0.9837452548124014,0.0014214864373862913,0.014833258750212306
2,0.2701390494450369,0.13853984759669705,0.5913211029582661
0,0.5151449921740258,0.029472071784362716,0.45538293604161145
0,0.7362780819318697,0.01750889997427686,0.24621301809385338
0,0.6659854580048287,0.023407464612007104,0.3106070773831642
2,0.5968249791417332,0.02994169860636408,0.37323332225190264
2,0.022227097330264938,0.003493136935102237,0.9742797657346328
0,0.9068930079399019,0.010553367404375682,0.0825536246557225
2,0.103227584950889,0.008940382220260579,0.8878320328288505
0,0.9068929722038486,0.007124886334617605,0.08598214146153371
2,0.27084290940507083,0.39692382100127055,0.3322332695936587
0,0.8956685572163412,0.010131440524494967,0.09420000225916389
0,0.8049274679082614,0.013662029645814313,0.1814105024459243
2,0.8352659114283523,0.0027647138361979826,0.16196937473544976
0,0.6022957759552402,0.06169203842557563,0.33601218561918433
2,0.47471910674147466,0.025779488997081757,0.4995014042614436
0,0.9715249202889173,0.0008744800111323097,0.027600599699950445
2,0.9383847065333258,0.005262335020857836,0.05635295844581627
0,0.8676891330694347,0.01745166406105927,0.11485920286950599
0,0.944679731215859,0.006698146934216526,0.04862212184992449
0,0.7800938104750914,0.023918552590326967,0.19598763693458152
0,0.9056362680881652,0.014709371614516777,0.07965436029731804
2,0.19708601029899211,0.0332408605638555,0.7696731291371525
0,0.7345337707008308,0.018558232132444074,0.24690799716672507
0,0.8259422257742097,0.0032854566259485516,0.1707723175998418
2,0.03939360539827297,0.003988504495920918,0.9566178901058062
0,0.9601342650435176,0.008351406877428526,0.03151432807905388
0,0.9594580160592051,0.008521059781431778,0.032020924159363015
0,0.920406698181769,0.005122076492860395,0.07447122532537044
2,0.03576383696653997,0.0017390849931236331,0.9624970780403364
2,0.011465284250223912,0.002128771739236895,0.9864059440105392
2,0.18099308667683334,0.019445477766686193,0.7995614355564805
2,0.181112796690263,0.01696312126491667,0.8019240820448204
2,0.34804801892215964,0.013617184484330311,0.63833479659351
2,0.5703553055217512,0.008432930849303607,0.4212117636289452
0,0.9106902985868841,0.004598118312094238,0.08471158310102184
0,0.9694359079740118,0.0031803176279815073,0.02738377439800661
0,0.9601526783075124,0.00475345915267443,0.035093862539813094
1,0.16135074126609023,0.7165779082925345,0.12207135044137525
1,0.8952984244534448,0.006362143286498067,0.09833943226005722
0,0.865242818651325,0.016486123864586418,0.11827105748408866
2,0.05227862541534619,0.19262594723341886,0.7550954273512349
2,0.5268597471144079,0.020442939170178365,0.45269731371541383
0,0.7332349068333552,0.04495951637885521,0.2218055767877896
0,0.9817850849472664,0.0013628374451600878,0.016852077607573627
0,0.9734924087869544,0.0028926267858952323,0.02361496442715022
2,0.023216206160714944,0.002705424946610667,0.9740783688926744
0,0.2437482723157304,0.0021965104319235573,0.7540552172523461
0,0.7365506557755022,0.012065433785756927,0.2513839104387409
0,0.9314288515183896,0.0049471850153229285,0.06362396346628756
2,0.7272371564138681,0.003449933123245136,0.26931291046288675
0,0.967036419666182,0.003961298865459563,0.0290022814683583
0,0.9672459173564558,0.0026168243266852255,0.03013725831685901
0,0.6658221574280058,0.0310941553893397,0.30308368718265444
0,0.9227908944498762,0.0038954887984336576,0.0733136167516902
0,0.869628670094384,0.003131643900011607,0.12723968600560423
2,0.6908281434583965,0.023450345669047332,0.2857215108725561
0,0.9795812559279344,0.0009240113940569984,0.019494732678008456
0,0.9725699109514834,0.0027338552897185754,0.024696233758798106
0,0.9291082864317453,0.00606449927464309,0.06482721429361152
2,0.5724553223079718,0.031835926627587684,0.3957087510644406
0,0.41402700672828324,0.008558076395000036,0.5774149168767168
0,0.7669056296940976,0.026758748167499305,0.20633562213840312
2,0.057378445647523584,0.0038204460862966637,0.9388011082661797
0,0.8993537104677867,0.007144692726263666,0.09350159680594966
2,0.18671154849968127,0.03134364331211531,0.7819448081882036
2,0.5403393274045543,0.0121488161328383,0.44751185646260744
0,0.9420980237868589,0.0016451137916462088,0.05625686242149496
0,0.9105233707317424,0.012044963190115538,0.07743166607814195
0,0.9026138757699197,0.016255624884915717,0.08113049934516472
2,0.41068688654777874,0.019655012349519933,0.5696581011027013
0,0.8827478765027825,0.052536311163471926,0.06471581233374553
2,0.9717692860468627,0.0043427137136621136,0.02388800023947513
2,0.20606421934676428,0.04170186753862068,0.752233913114615
0,0.9811743179880887,0.000693448128449839,0.01813223388346127
0,0.884362924806606,0.006359596782563071,0.10927747841083076
2,0.11405004870361048,0.06418295352430119,0.8217669977720883
0,0.6041542955666214,0.047277283565004186,0.3485684208683743
0,0.5137458851823785,0.015643547523437745,0.47061056729418366
0,0.7895050500647948,0.007619872165896284,0.20287507776930894
0,0.9528482817169179,0.004510670819136512,0.04264104746394546
0,0.8615493483027455,0.00611652713179816,0.13233412456545632
2,0.10486631510681509,0.010105216286147856,0.885028468607037
0,0.9191916947882605,0.0016033568850212742,0.07920494832671833
0,0.759583586449363,0.022140494464607263,0.21827591908602978
1,0.2826595515883099,0.011418458141653135,0.705921990270037
0,0.5409936433236296,0.008388652691024878,0.4506177039853455
2,0.3028667640243415,0.004529424963200824,0.6926038110124577
2,0.16423389895564916,0.0177435678225512,0.8180225332217996
0,0.8856408252079297,0.0049568653193964125,0.10940230947267385
0,0.9656845472373907,0.0013282162527731897,0.03298723650983604
2,0.09680024343015405,0.024053763736857366,0.8791459928329886
0,0.9237852598280921,0.0038135220616128777,0.0724012181102949
2,0.0818967450029934,0.004199457307663546,0.913903797689343
0,0.980877681054644,0.0009975664334465344,0.018124752511909425
0,0.7348066533340839,0.1256089584169248,0.13958438824899144
0,0.9139486711380118,0.003460592883522697,0.08259073597846553
0,0.9758712348132719,0.0017526526697059903,0.022376112517022047
2,0.16309398113692616,0.014353829404051992,0.822552189459022
0,0.9720147219810767,0.0010808525792530578,0.02690442543967022
0,0.9669905793871024,0.0017021660405826418,0.03130725457231491
0,0.8829398975431071,0.005021664861498684,0.11203843759539417
0,0.8482764813022665,0.0024781321751965947,0.14924538652253688
2,0.7961683109505651,0.006394572880583977,0.19743711616885093
0,0.8398689761000447,0.03200869842567973,0.1281223254742754
0,0.4586455097339156,0.005337741868850486,0.5360167483972339
0,0.7657273122886654,0.01577919535251621,0.21849349235881846
0,0.9141422724076748,0.021318690168970478,0.06453903742335475
2,0.3950294290647553,0.022080908945223354,0.5828896619900213
2,0.061227400198626256,0.006134918343353593,0.9326376814580201
0,0.6360368873205803,0.009633619036744522,0.3543294936426753
0,0.9460144488754891,0.005509634831979497,0.04847591629253146
2,0.5777909598113078,0.04801064065258022,0.374198399536112
0,0.9027887162028744,0.041758797410726994,0.055452486386398485
0,0.9372103526575061,0.0017861536004016578,0.06100349374209215
0,0.9501179610135098,0.0029794374723218233,0.04690260151416838
0,0.981627642428906,0.0008643805749648144,0.017507976996129222
0,0.9581587969514869,0.007032032495794829,0.034809170552718316
0,0.7208752022641327,0.009758925484759692,0.26936587225110775
2,0.039929899464758487,0.005954976791786213,0.9541151237434553
0,0.7676645522263573,0.015024084117555072,0.21731136365608744
0,0.9267422443645714,0.008977194104156792,0.06428056153127183
2,0.23157310826605979,0.007929117698964492,0.7604977740349758
2,0.4517658399107594,0.019789583069538614,0.5284445770197019
2,0.455200394741512,0.16485640610434382,0.37994319915414404
0,0.5557385439277817,0.00692623505165216,0.4373352210205662
0,0.8694338920302424,0.018912247090746813,0.11165386087901086
0,0.939748393866589,0.008350958335206559,0.05190064779820437
0,0.7219036340895333,0.018786002723008885,0.25931036318745776
2,0.8138412398628598,0.015255049063696744,0.1709037110734433
0,0.9449778302454075,0.0046717106285309624,0.05035045912606148
2,0.06642335970770122,0.006849287042801426,0.9267273532494974
0,0.9160271155775789,0.0025362542937203384,0.08143663012870063
0,0.9435609522788408,0.01901836528015339,0.037420682441005604
0,0.30853023985616923,0.017113575470725572,0.6743561846731052
0,0.9057510656870987,0.006876529275454727,0.08737240503744655
2,0.8146024191692774,0.005756472827559795,0.17964110800316277
0,0.8458581582862666,0.04148202918325949,0.11265981253047387
0,0.8790432968857179,0.004159307154418969,0.11679739595986326
0,0.5682765657841711,0.007854267687744384,0.42386916652808465
2,0.8322794364263716,0.013023628630426824,0.15469693494320164
0,0.8443970186617774,0.005806523671172392,0.14979645766705013
0,0.6101185207005957,0.027386331146952193,0.3624951481524521
1,0.04894284199989627,0.4703731610200344,0.4806839969800693
0,0.9356215058183851,0.023729393553186377,0.04064910062842864
0,0.9576711168486867,0.010689815931145787,0.031639067220167676
0,0.9168730006497866,0.005224661755435673,0.07790233759477759
0,0.9212100010811867,0.005226665828184288,0.07356333309062912
0,0.9678856682117746,0.0016546756861543547,0.030459656102071086
0,0.9560868957925881,0.001706730339761883,0.04220637386764998
2,0.1497251545288104,0.006350854701627197,0.8439239907695624
2,0.14482958875260604,0.08039010536555048,0.7747803058818435
0,0.9521565045485878,0.005492097292364627,0.042351398159047544
2,0.7018286092796024,0.01699364991570259,0.28117774080469504
2,0.26963242324317704,0.03408196898353399,0.696285607773289
0,0.8765644025624387,0.0027621653273803195,0.12067343211018097
0,0.9558534954651053,0.002663414586622252,0.04148308994827236
2,0.4593694467959054,0.013908275125271822,0.5267222780788228
0,0.602954090403062,0.03160704662654721,0.3654388629703907
2,0.14663894847448125,0.008447091514973831,0.8449139600105449
0,0.8453844623955493,0.007618111687629475,0.1469974259168212
2,0.09458125769669892,0.015941086514255902,0.8894776557890453
2,0.047641873033582825,0.009405204889865642,0.9429529220765516
2,0.014095716308373772,0.003678330492859837,0.9822259531987665
2,0.03814736289606748,0.0017588859920839321,0.9600937511118486
0,0.9737306334061406,0.0025917067767915803,0.0236776598170678
0,0.9130244487335885,0.007278429471038586,0.07969712179537297
1,0.19704228038362287,0.018159501705798352,0.7847982179105788
2,0.13591367598700071,0.020670218012283942,0.8434161060007153
0,0.9708103860802657,0.001549605732579404,0.027640008187154945
2,0.3991094411233047,0.046283992490442565,0.5546065663862527
0,0.28220511520774005,0.008536493287655773,0.7092583915046041
0,0.9022686652228189,0.004381294105698225,0.09335004067148298
0,0.8719220969732906,0.01827945386874744,0.109798449157962
0,0.9450359611938798,0.003981624052624597,0.050982414753495665
0,0.9692232230662501,0.0014127041012188804,0.029364072832530883
0,0.060144636264052,0.0013789038524101786,0.9384764598835378
2,0.28779333271961055,0.09125507939746445,0.6209515878829251
0,0.9581697903349169,0.0024445203396452364,0.039385689325437914
2,0.8966332454646695,0.007920116937900675,0.09544663759742979
2,0.03003143014990642,0.0044132388762628955,0.9655553309738308
0,0.9828226322471315,0.0019255938523224142,0.015251773900546144
0,0.9553708743658987,0.0024780503915209987,0.0421510752425803
0,0.9688970109754814,0.002265664406691744,0.028837324617826843
0,0.9604492295689457,0.00386514915962143,0.0356856212714327
0,0.9685297616756833,0.0019335089298592877,0.029536729394457277
0,0.9712246114507919,0.004077754383369716,0.02469763416583832
0,0.8523569312800243,0.05486938764805894,0.0927736810719168
0,0.9688079524406092,0.0029687040076716484,0.02822334355171916
2,0.13069145009943803,0.009030992202603845,0.8602775576979581
0,0.7819788239195529,0.07717040397695536,0.1408507721034918
2,0.06690058898982626,0.023090233647730142,0.9100091773624437
0,0.9189120641072779,0.002260768684460908,0.07882716720826113
2,0.25724828535643784,0.017245388145202344,0.7255063264983598
0,0.38565436807012204,0.5702196890235802,0.0441259429062976
2,0.016665047024161796,0.002558050045545833,0.9807769029302923
2,0.327942981271044,0.02219756922980213,0.6498594494991539
0,0.9123765003601862,0.007387693245219738,0.08023580639459417
2,0.12578847101655405,0.005025400504129921,0.869186128479316
0,0.9708947928376875,0.0017847868634196817,0.027320420298892686
0,0.9649574469823979,0.003144363348985591,0.03189818966861663
0,0.829443396798157,0.009735734319556566,0.16082086888228644
2,0.6957001983549447,0.048898638697166485,0.2554011629478888
0,0.9808798164257405,0.0036315863670960654,0.015488597207163588
0,0.5873879277788747,0.03208241578968957,0.3805296564314358
2,0.1768676731831794,0.021603080897500796,0.8015292459193197
2,0.046781527567474564,0.22024198034634973,0.7329764920861758
2,0.11250527016186428,0.0024988891716610285,0.8849958406664746
2,0.10867076698530884,0.010921028676238752,0.8804082043384525
2,0.056244071450550465,0.004171110875553351,0.9395848176738962
0,0.9323297036699038,0.01084337355148932,0.05682692277860685
2,0.013127932793835971,0.0035627208353568706,0.9833093463708071
2,0.7089589118353579,0.021691827076714774,0.26934926108792745
2,0.03355899000696282,0.010763000867186734,0.9556780091258504
2,0.04122127835968844,0.005624488847553658,0.953154232792758
0,0.8991551037661801,0.01367123403158888,0.08717366220223098
2,0.8232819850704705,0.010772594765035613,0.165945420164494
0,0.930866100779118,0.011457546268086939,0.057676352952794885
0,0.9438231917863491,0.002443256135544797,0.053733552078106005
0,0.9344839573605608,0.0038281954975975478,0.06168784714184155
0,0.6113648715877019,0.1935577669679065,0.19507736144439158
0,0.6183516137543301,0.013572937709742546,0.3680754485359274
0,0.9664678305563239,0.0031871455394725566,0.030345023904203454
2,0.07845054908472279,0.018267061807909806,0.9032823891073675
2,0.30007647205159366,0.032702331400963014,0.6672211965474434
2,0.8608256379759789,0.008872693903464814,0.1303016681205563
2,0.053006020356293496,0.003926319728121167,0.9430676599155854
2,0.010783156635290038,0.0015099543759272596,0.9877068889887828
0,0.947574515814765,0.008458533090415707,0.04396695109481927
2,0.05205378626040119,0.027944017836924923,0.920002195902674
2,0.012296608497852192,0.013589813734835065,0.9741135777673128
0,0.9598657232851385,0.0023541360460878975,0.037780140668773506
0,0.9734264728404651,0.002855096865889655,0.023718430293645138
0,0.9261069072054828,0.004625014256554281,0.06926807853796295
2,0.04175257056573481,0.004829702977838467,0.9534177264564268
2,0.033143100308767874,0.009450654064686538,0.9574062456265456
1,0.18783092395808224,0.7803351245501385,0.031833951491779096
0,0.11129611057189272,0.008233498831344584,0.8804703905967627
0,0.77988240733896,0.00591964546127534,0.21419794719976462
2,0.5824612540864366,0.03908846643959629,0.37845027947396703
0,0.9093240304526033,0.053229899923167616,0.03744606962422901
0,0.5804085054568493,0.08275728717406253,0.33683420736908815
0,0.8668648311009632,0.0019995542203060093,0.13113561467873075
0,0.6430200018293651,0.033272679153874225,0.3237073190167606
2,0.04489482030209256,0.02265340712923022,0.9324517725686772
2,0.02813335898964127,0.003889888121882658,0.967976752888476
2,0.06153160814837032,0.005387793091144248,0.9330805987604853
2,0.819009557959311,0.007990117656815638,0.17300032438387325
0,0.6828803110498683,0.028906023671572086,0.2882136652785597
0,0.7067192664568468,0.07615015882751379,0.21713057471563937
2,0.1708723160210111,0.007319368563187741,0.821808315415801
0,0.919248867018893,0.006337867735835744,0.07441326524527138
2,0.9256271718348872,0.006020344866962604,0.06835248329815037
0,0.9172019702744569,0.003330498267924474,0.07946753145761859
0,0.7735839180179831,0.028001785004156874,0.19841429697786012
2,0.5409178980736901,0.04236479149512836,0.4167173104311816
2,0.6571967877937327,0.010203952457544713,0.3325992597487225
0,0.9570895802519368,0.003225508932649178,0.039684910815414184
0,0.2665443437324575,0.027442498882332952,0.7060131573852096
2,0.1310372415847674,0.015349034671805071,0.8536137237434275
1,0.4786435885245487,0.009124144099287914,0.5122322673761633
0,0.8323659182284661,0.03150752102717575,0.13612656074435805
2,0.01814341274499076,0.01430430467659683,0.9675522825784125
0,0.949473813707511,0.0037487861014156125,0.04677740019107342
0,0.06503848212871817,0.07308471770552792,0.8618768001657539
0,0.9523912286632035,0.003739773199457626,0.043868998137339084
2,0.04816200736481473,0.009143236892854236,0.9426947557423311
1,0.5648970599285239,0.03366322341179178,0.4014397166596844
0,0.8901501966980607,0.01013691064106567,0.09971289266087353
2,0.30384374533023434,0.010909789525825594,0.68524646514394
0,0.8957938280555828,0.0013300612437100617,0.10287611070070708
0,0.9308156918882153,0.004033268954140933,0.06515103915764381
0,0.5505106298074152,0.021333547344956898,0.42815582284762793
1,0.6719434552061969,0.08963559519891916,0.23842094959488377
2,0.012206965900397587,0.003537476160742714,0.9842555579388598
2,0.21817391598062127,0.015341784464948492,0.7664842995544302
2,0.2347823145357479,0.012332547487480914,0.7528851379767711
2,0.14687310268329948,0.0042576721268282455,0.8488692251898723
2,0.17356397495190573,0.014393841286990075,0.8120421837611043
0,0.951342625168756,0.0024322223919242356,0.04622515243931982
2,0.43061977539814394,0.022180807944413784,0.5471994166574423
0,0.7024754386602342,0.01140775607829272,0.286116805261473
1,0.2295390551142948,0.00807665312315889,0.7623842917625463
2,0.035083042836808555,0.0032103449823104083,0.9617066121808809
0,0.8751393182546031,0.009374250964667444,0.11548643078072937
2,0.020013150326324954,0.00431087379838837,0.9756759758752866
0,0.8985530474635853,0.003938831646418601,0.09750812088999616
0,0.7696380576152249,0.02090386984987021,0.20945807253490484
0,0.974128738239777,0.002194971428027945,0.02367629033219511
2,0.024992436891088914,0.009861447567229958,0.9651461155416811
0,0.9656584125994516,0.0031227436665109925,0.031218843734037407
2,0.2222946286232325,0.05543842411839076,0.7222669472583768
0,0.8267180347155847,0.007644944443813445,0.16563702084060186
0,0.9102280141782935,0.022720123898565096,0.06705186192314141
2,0.221160730902753,0.034644083401486024,0.7441951856957609
2,0.04138918106087557,0.010339855016071773,0.9482709639230527
0,0.9359822032732698,0.0026806819720339376,0.0613371147546961
0,0.9560768977854118,0.005931998152352139,0.03799110406223606
0,0.9695898252909201,0.00523847440828455,0.025171700300795245
0,0.9147649348774982,0.004151925999534014,0.08108313912296788
2,0.9144809503320869,0.027477336642854767,0.05804171302505842
0,0.9421172883668306,0.012088365687901882,0.04579434594526754
0,0.4794909193097915,0.02840763467792327,0.4921014460122852
0,0.6027210423647343,0.18712158092589368,0.21015737670937193
0,0.8128053385119358,0.003466967192712999,0.18372769429535113
1,0.571001457302664,0.10607077514383052,0.3229277675535054
0,0.9837563186423071,0.0018995516475478285,0.014344129710144995
0,0.35612793701297873,0.05387530708903668,0.5899967558979846
0,0.252206598950088,0.027061952012946543,0.7207314490369654
0,0.8451579990640651,0.01207229996007148,0.1427697009758634
0,0.2085449242292448,0.012625225343986886,0.7788298504267684
0,0.900167569398092,0.016650362836031662,0.08318206776587654
2,0.7471199868090155,0.025893155733943015,0.22698685745704164
2,0.04048560252089803,0.013214171383550799,0.9463002260955512
2,0.9547030481892521,0.002813391709831474,0.04248356010091651
2,0.133809222145684,0.00801455706670319,0.8581762207876128
2,0.8729202409293318,0.008044858873557678,0.11903490019711055
0,0.9608858159234851,0.003855009564413594,0.0352591745121013
2,0.4735381451701975,0.17436369660536635,0.35209815822443613
0,0.7786642517160826,0.03443108816029056,0.1869046601236269
0,0.9664341937506362,0.0018933756992965537,0.031672430550067174
0,0.9657805093842612,0.0022290106905003596,0.031990479925238485
0,0.9435559473304833,0.0033404445559112343,0.05310360811360529
2,0.03929068488013289,0.005780969621241499,0.9549283454986255
2,0.9154343777694902,0.005955423951253911,0.07861019827925582
0,0.9421619789632943,0.004113909280644359,0.05372411175606133
1,0.492811230498327,0.4415849709344617,0.06560379856721116
0,0.9804413164401223,0.001087353884093018,0.018471329675784624
0,0.5824404879301204,0.022875170038784434,0.3946843420310953
0,0.926117563073288,0.0037921383501148347,0.07009029857659724
2,0.033680124856766386,0.013742805379813367,0.9525770697634203
0,0.9289673468214377,0.003457637800654462,0.06757501537790775
2,0.06328877374451614,0.0026232818303026026,0.9340879444251813
2,0.7827522857122258,0.004445681072054693,0.21280203321571953
2,0.13478646059538743,0.05852526820826729,0.8066882711963453
0,0.1343516579175144,0.008031480501064558,0.857616861581421
2,0.03433701092382969,0.005685379644123129,0.9599776094320471
2,0.6803572947599634,0.01905071194242314,0.30059199329761327
0,0.947504094288014,0.0102215585150883,0.042274347196897814
0,0.6327359960300047,0.0054595955721890585,0.3618044083978062
0,0.9231206935779555,0.0032990839802111097,0.07358022244183345
0,0.13825251919868764,0.012340399845155278,0.8494070809561571
0,0.9115349401424481,0.0024326184455742794,0.08603244141197765
0,0.1931087322233322,0.005357477778328799,0.801533789998339
1,0.15764118869343255,0.06772397327658487,0.7746348380299827
0,0.7857773696849659,0.004872072771751832,0.20935055754328216
0,0.9025667662433435,0.005144240099029321,0.09228899365762716
2,0.2661177882217985,0.01712529262628746,0.7167569191519141
0,0.39959275488519536,0.012980640715387935,0.5874266043994167
0,0.8832927564550563,0.011552389312688961,0.10515485423225462
0,0.9593739895354638,0.00922864706592766,0.031397363398608526
2,0.9735352961778184,0.001582123238923968,0.024882580583257687
0,0.965032068312669,0.0031259849940782785,0.03184194669325275
2,0.12148123872018056,0.00912832844111395,0.8693904328387054
2,0.6273750158374362,0.0304104251192142,0.3422145590433496
2,0.024576200773433234,0.06687160360195796,0.9085521956246088
2,0.016212081593107056,0.0024950594420085296,0.9812928589648844
0,0.8903974847764439,0.015688335745460122,0.09391417947809592
0,0.8525174789949442,0.0072690914076986145,0.14021342959735703
2,0.009782789021032972,0.0014264219259876758,0.9887907890529793
2,0.25716936868936646,0.03048799438985793,0.7123426369207756
0,0.9567499980553469,0.0027944271548029035,0.04045557478985015
0,0.9540867022719858,0.004195316624810022,0.04171798110320417
0,0.8184804549880511,0.009490519947758043,0.17202902506419082
0,0.4499128453378016,0.15663229091733594,0.39345486374486255
0,0.7908202981297094,0.02319907164608356,0.18598063022420688
0,0.8026906176533587,0.005810043474674305,0.19149933887196682
0,0.9849468273145754,0.0028605983773238052,0.012192574308100704
0,0.8992138085825044,0.005185082664630438,0.09560110875286508
1,0.1458488050969963,0.7394561474287705,0.1146950474742332
0,0.5014704094838089,0.11998575475277402,0.37854383576341694
0,0.9194541847046712,0.032877782006841036,0.04766803328848788
0,0.8468717567395933,0.032399810987731974,0.12072843227267469
2,0.010911734169536344,0.002205959993560113,0.9868823058369036
2,0.6660882447995338,0.15009807743493192,0.18381367776553434
0,0.4347120481016997,0.02138099217778337,0.5439069597205168
0,0.9547112880041687,0.004088648230647233,0.04120006376518423
2,0.2127495798880891,0.010480713588440662,0.7767697065234702
0,0.9255283870287876,0.0026437055541777338,0.07182790741703472
2,0.02719378790995983,0.0029583737272035576,0.9698478383628366
0,0.9649430496010305,0.0017697800846042365,0.03328717031436522
2,0.9565259682120923,0.005693896843046775,0.037780134944860835
0,0.7417983672479728,0.038790079964201904,0.21941155278782523
0,0.5528627057435191,0.009143278447391774,0.4379940158090891
