target,prediction_0,prediction_1,prediction_2
2,0.0910388241874602,0.11107735194806742,0.7978838238644722
0,0.9546899951206846,0.012798591247193911,0.03251141363212132
0,0.9407716255319835,0.008041232531402265,0.05118714193661429
2,0.09988424510648437,0.043398546214260425,0.8567172086792553
0,0.9402167827112629,0.009884105535582437,0.049899111753154694
0,0.8967001235439204,0.016422758366200066,0.08687711808987966
0,0.9071959014401733,0.011302161262888348,0.0815019372969385
2,0.05391413680355354,0.020365975444352393,0.925719887752094
0,0.9562606214997567,0.005511997803211733,0.03822738069703164
1,0.5301063362970095,0.0021367522311919952,0.4677569114717983
2,0.013336415368080274,0.011429654624938711,0.975233930006981
0,0.7213522967268707,0.02314788828777991,0.2554998149853494
0,0.958530780726129,0.011901921053923827,0.02956729821994715
0,0.9397711376136414,0.016868372520998248,0.043360489865360265
0,0.9329562364290059,0.010537106521981457,0.05650665704901275
2,0.23460866371668992,0.2036978788911636,0.5616934573921465
0,0.9258154758023818,0.016690081148217604,0.05749444304940043
2,0.688017012308778,0.09196308420321361,0.22001990348800843
0,0.9318709787395931,0.010795606338132757,0.057333414922274
2,0.18224970438186436,0.04428118834895678,0.7734691072691788
0,0.9614921915198381,0.01074870873873461,0.027759099741427307
1,0.6244994868886236,0.07416114149770432,0.30133937161367214
2,0.0997791162571741,0.021559834740356717,0.8786610490024691
0,0.9828313453191871,0.006368150974766939,0.010800503706045942
0,0.6562042478140161,0.05663527217203866,0.2871604800139452
0,0.980399161410734,0.004181591748880351,0.015419246840385804
0,0.9465827151053128,0.007470747673051327,0.04594653722163594
0,0.9847067131686057,0.0028798960223231094,0.012413390809071183
0,0.413104907915655,0.04248381723200289,0.5444112748523421
0,0.9678721417615423,0.008139107770568,0.023988750467889612
2,0.10036006871994312,0.02693460994609852,0.8727053213339584
2,0.1773154899679766,0.15426594592232362,0.6684185641096998
0,0.18743068730541732,0.2818586718047803,0.5307106408898025
2,0.46725144023211473,0.05081659735565585,0.48193196241222935
0,0.7896410156430694,0.03573988382405123,0.1746191005328793
2,0.06573724464543411,0.025845644735806972,0.9084171106187588
2,0.1566558389263564,0.003812810612611879,0.8395313504610317
0,0.9327318039083143,0.02296773218552588,0.0443004639061598
0,0.28349379373167655,0.21103607770443011,0.5054701285638933
0,0.7572858617828103,0.048904140933942276,0.19380999728324752
0,0.8908703186653021,0.016404362011845995,0.09272531932285188
2,0.13058081864594628,0.5530593285398118,0.3163598528142419
0,0.8723032899463488,0.009763414714298528,0.11793329533935266
0,0.956780627410532,0.004849602721994404,0.038369769867473626
0,0.8580929163473275,0.014101061236584967,0.12780602241608743
0,0.7779567519307867,0.04609438663437247,0.17594886143484062
0,0.9393932906308191,0.006870760242111199,0.05373594912706976
2,0.7457568537312723,0.020035290137347693,0.23420785613137993
0,0.8692395585173959,0.005213883218952878,0.12554655826365133
2,0.38079853331877817,0.11442505880057431,0.5047764078806475
0,0.9339491729310853,0.015419090421658416,0.05063173664725621
0,0.9512111816107903,0.006509742195541343,0.04227907619366844
2,0.13186688859741838,0.036128481616677664,0.832004629785904
2,0.28879353748942455,0.05075667119448534,0.6604497913160902
2,0.18064941396410267,0.12869223992580262,0.6906583461100948
0,0.8855858044096123,0.024080644599308795,0.09033355099107886
0,0.8830343095110358,0.04334029458985343,0.07362539589911074
0,0.7245755464258364,0.05099506299883364,0.2244293905753301
0,0.94672714634194,0.007440112429082844,0.045832741228977174
0,0.659785172639651,0.12582011295681442,0.21439471440353455
1,0.9115545710517037,0.02754159020685731,0.06090383874143902
2,0.8596871205505097,0.02021481343838965,0.12009806601110079
0,0.9551480093050692,0.01325276113399793,0.03159922956093307
2,0.5393385309412823,0.0004500604235350887,0.4602114086351826
2,0.017268280061262117,0.012394608683850962,0.970337111254887
2,0.0026019639693795078,0.0016264827927327482,0.9957715532378877
1,0.9235912027989015,0.005540398771406748,0.07086839842969164
2,0.34651275217739325,0.049785199533712444,0.6037020482888943
2,0.14115408372346758,0.06803275220022084,0.7908131640763115
0,0.9343288752036534,0.010213061750510979,0.05545806304583557
0,0.9536903941517003,0.0054907331394114575,0.04081887270888821
0,0.8904533420593844,0.01784319204906036,0.0917034658915552
0,0.9437023942236415,0.007434074976880723,0.04886353079947759
0,0.959746696861067,0.010957261078135067,0.029296042060798038
2,0.02682936120472764,0.009512395721098979,0.9636582430741734
2,0.028632814544226354,0.00988947692493555,0.9614777085308381
0,0.9841264300997257,0.004118573955106098,0.011754995945168286
0,0.6713130550458523,0.047536054112813114,0.28115089084133454
0,0.9667906660986608,0.009550665094317375,0.023658668807021773
0,0.7944801206843692,0.013648856160002847,0.191871023155628
0,0.7995003302261997,0.09683864646386071,0.10366102330993965
2,0.8118405951060087,0.02142500790736165,0.16673439698662965
1,0.7092579027087891,0.007382055085249527,0.2833600422059615
0,0.8566843046464784,0.030128570046183595,0.11318712530733799
0,0.7748605636239256,0.03450969507390599,0.19062974130216828
2,0.6260536348206018,0.042580685255609915,0.33136567992378824
0,0.9823522633853545,0.003602090640541436,0.01404564597410418
2,0.020219713848208407,0.006807412350990738,0.9729728738008008
0,0.945203033800917,0.007765446393302914,0.04703151980578009
0,0.913989365983993,0.019717217134483087,0.06629341688152392
0,0.8673484151474637,0.007427031354389506,0.12522455349814673
0,0.75638218289716,0.040205271264093505,0.2034125458387466
0,0.9308738931778817,0.03194148426460871,0.0371846225575097
0,0.8710818756701508,0.011700331222055655,0.11721779310779344
0,0.969585243952374,0.002971501224194595,0.02744325482343141
0,0.9637818249819178,0.00953464879744117,0.026683526220641005
0,0.9808871161914877,0.002472812680144154,0.016640071128368333
2,0.04451954697979654,0.01969827611271091,0.9357821769074925
0,0.9436422939924078,0.008103255709374084,0.04825445029821797
0,0.4079160001023415,0.03174782741288837,0.5603361724847701
2,0.052454364215121486,0.035098229355415705,0.9124474064294628
2,0.0003402525718566089,3.4093044375621843e-05,0.9996256543837678
2,0.0017027774042241617,0.012152080897274436,0.9861451416985015
2,0.01742376843700241,0.059210551676678325,0.9233656798863192
0,0.9852525090956958,0.0027397808730227377,0.012007710031281458
0,0.993085096783343,0.002137520372384954,0.0047773828442721124
0,0.9531303857357434,0.009601274707198074,0.037268339557058466
2,0.4345588927331066,0.10070732100508464,0.4647337862618089
0,0.47836266799883703,0.04065605359830597,0.48098127840285704
2,0.11772422351826818,0.20424293861047585,0.678032837871256
0,0.9747967002940954,0.005687153443400941,0.019516146262503618
2,0.06753553576675157,0.029918122003960507,0.9025463422292879
0,0.9330314485934945,0.015714451645130252,0.051254099761375245
2,0.04386549322827735,0.0027751117362624232,0.9533593950354603
0,0.9589793749830425,0.007978721720081607,0.03304190329687603
0,0.6062294950589101,0.019831019401008742,0.3739394855400813
0,0.9572994816652364,0.004358405710946921,0.038342112623816545
0,0.9450499420510405,0.007798374630968082,0.047151683317991536
0,0.84615632097234,0.01649599496029782,0.1373476840673622
2,0.5572152525609727,0.025528464949695844,0.4172562824893314
0,0.929215506194949,0.011436554818405302,0.059347938986645664
0,0.9730486571748374,0.006447846610853194,0.020503496214309615
0,0.7378714127051055,0.14491212405819748,0.11721646323669695
0,0.8684083793773907,0.012176899339016967,0.11941472128359236
0,0.5022753066580434,0.0293900015610687,0.4683346917808879
0,0.7396537419918588,0.03866349819761091,0.22168275981053026
0,0.833886054091154,0.019144994316929613,0.14696895159191642
0,0.9554272187756374,0.012526305706530521,0.032046475517832025
2,0.1751930403476263,0.01347043876021115,0.8113365208921626
0,0.9264950421364193,0.02403527443951137,0.04946968342406937
2,0.10766947133397854,0.11784882282521021,0.7744817058408112
0,0.9084639430994322,0.014759691564287983,0.07677636533627984
2,0.008342496061041009,0.015676499952820132,0.9759810039861387
0,0.929504620260387,0.010246093722774342,0.060249286016838585
2,0.7516914115723973,0.03300688163486744,0.21530170679273522
2,0.39474929991384433,0.050263497313326466,0.5549872027728292
0,0.8023166327892955,0.023903027950483272,0.17378033926022118
0,0.9599386540200172,0.004099593725242278,0.03596175225474051
0,0.9322506667905031,0.009400218881288407,0.05834911432820851
2,0.5970917440865403,0.03523832456366918,0.3676699313497904
0,0.6599030698087757,0.0740440356747036,0.2660528945165207
0,0.36124055936841604,0.185989008707817,0.4527704319237668
0,0.92464946942486,0.037138061111462235,0.03821246946367765
0,0.7518727500747384,0.0758243250527722,0.1723029248724894
0,0.8834344867316112,0.012783383486516213,0.10378212978187265
0,0.9752770443260764,0.007269444738847668,0.017453510935075828
2,0.038920567037335665,0.009866307121282699,0.9512131258413816
0,0.9348729133776569,0.008550059297614349,0.05657702732472876
0,0.8201080415792369,0.022344255546974476,0.15754770287378866
2,0.20113923600416192,0.20207431534681136,0.5967864486490267
0,0.9478174542383438,0.006583844065451892,0.045598701696204294
2,0.7285884356181279,0.04669087939901413,0.224720684982858
0,0.974298626900993,0.010446707307865828,0.015254665791141164
0,0.8367537279562822,0.01850897203562545,0.14473730000809237
0,0.3629419686708435,0.008965415213332339,0.6280926161158242
0,0.877513725787412,0.022893301725258983,0.09959297248732885
2,0.10200862058410566,0.1313783024274592,0.7666130769884351
2,0.02667260025764979,0.007092984654275135,0.9662344150880752
2,0.8216358886715063,0.030916813749123587,0.14744729757936995
0,0.9691334404881626,0.007718949406952631,0.023147610104884645
0,0.014425526355102756,0.02181429564590814,0.963760177998989
0,0.9857752403723234,0.0044459774607788025,0.009778782166897705
2,0.9110347534026274,0.016128833429050426,0.07283641316832214
2,0.8168461384000602,0.03473517424534012,0.14841868735459965
0,0.8758271358115327,0.0007925322125076808,0.12338033197595977
2,0.5014920322614489,0.06752720502772654,0.4309807627108245
0,0.9605351750330862,0.010675886151776502,0.02878893881513734
2,0.0006080946475409364,0.00028768225296206204,0.999104223099497
2,0.895923288318309,0.019360023433347872,0.08471668824834304
0,0.8409253780655939,0.017602160198056205,0.14147246173634972
0,0.6689776135792131,0.12838095633585173,0.20264143008493504
1,0.37668698170450876,0.06557355821864959,0.5577394600768416
2,0.24019671187227976,0.043742910289368594,0.7160603778383516
0,0.8763012808472966,0.0160225100467483,0.107676209105955
2,0.08882985573707312,0.15726462725365603,0.7539055170092709
2,0.11449704248554038,0.11764509999947138,0.7678578575149883
0,0.9807056604486918,0.003957105756566765,0.015337233794741417
0,0.05310358870196291,0.0522289216499054,0.8946674896481317
2,0.185002310274727,0.0021711113097067263,0.8128265784155663
0,0.9470310987516237,0.007375775297180719,0.04559312595119558
0,0.20886459368960586,0.04753697414440489,0.7435984321659892
0,0.5208479961521134,0.0610093214225804,0.41814268242530617
2,0.039694808675567655,0.004356500387278516,0.9559486909371537
0,0.9544519381364633,0.005350936700932287,0.04019712516260443
2,0.17480251012884845,0.08945298713954723,0.7357445027316043
2,0.3215412166952815,0.1215176157042978,0.5569411676004207
1,0.2807721143356344,0.2575379629057188,0.4616899227586468
0,0.6673966346644559,0.047334194073855584,0.2852691712616884
2,0.2357175555273765,0.03619240221480456,0.7280900422578189
2,0.3310582060687656,0.11151233758828291,0.5574294563429515
0,0.7931538541675286,0.03199874839338706,0.17484739743908428
0,0.9511291960408327,0.0054103822286982114,0.043460421730469136
0,0.7535726210962878,0.0032314308306358995,0.24319594807307623
2,0.15038374344139221,0.043514747183104996,0.8061015093755027
2,0.5178884941958812,0.033219282478097974,0.44889222332602075
0,0.9507184402049758,0.005293925400568141,0.04398763439445624
0,0.7909426196928427,0.03278251255554584,0.17627486775161144
0,0.9599984308684911,0.010867253464863261,0.029134315666645445
2,0.8223896619866169,0.02179808912003224,0.15581224889335088
0,0.9711164679528972,0.007068695781324652,0.021814836265778136
0,0.9017807276115662,0.003444104772478132,0.0947751676159555
0,0.9578991965123869,0.004260587275811556,0.03784021621180165
2,0.8377503972637835,0.04429568903565767,0.1179539137005587
0,0.9801849022658405,0.004246548126535531,0.015568549607623813
0,0.7924418594375386,0.02948168346506113,0.1780764570974002
0,0.17975213192940276,0.047283294787401196,0.772964573283196
0,0.9469927166147605,0.007383889541524153,0.04562339384371534
2,0.49219839349497585,0.06617841078871675,0.44162319571630737
0,0.8599319547536078,0.013748113665950367,0.12631993158044158
2,0.10985744666043679,0.09266832712556981,0.7974742262139933
0,0.93734989081266,0.00951149901341871,0.05313861017392141
2,0.910697329117911,0.00672227153965496,0.0825803993424341
2,0.06704781932491523,0.0438479520219564,0.8891042286531284
2,0.022236084442792424,0.0029033745231025433,0.974860541034105
0,0.5771289855130421,0.098671417645202,0.3241995968417558
0,0.9340440718061542,0.008723456355433274,0.057232471838412624
0,0.9701909781969051,0.009784616668775588,0.020024405134319224
0,0.9504266017140365,0.013196621724123026,0.03637677656184033
2,0.6938821563594468,0.0377353363750149,0.2683825072655383
0,0.9845657766371488,0.0059155018416511655,0.009518721521200044
0,0.31490663743934894,0.2355581747742083,0.4495351877864428
0,0.9570805600986718,0.004006513892801658,0.03891292600852652
2,0.9493586121877943,0.006338346903182197,0.04430304090902363
2,0.7049865110927876,0.09701912955475084,0.19799435935246168
2,0.08547162788000423,0.010917351416143556,0.9036110207038521
0,0.9629419182194742,0.006926036620558212,0.030132045159967667
0,0.9371818905480898,0.014390262792555257,0.048427846659355026
2,0.4913824678997501,0.04630765945400724,0.4623098726462427
2,0.052431636801082655,0.022120934158718745,0.9254474290401986
2,0.07031633719817014,0.04175081431631406,0.8879328484855157
0,0.9549742959563715,0.009081312892070984,0.035944391151557446
2,0.08516102806597842,0.030601809902429767,0.8842371620315918
0,0.8055640720539126,0.009721105678563685,0.1847148222675238
0,0.9674942266032008,0.004913816679312947,0.0275919567174862
0,0.2808929428044887,0.13073083906338803,0.5883762181321233
0,0.48146767811667013,0.35103231274119334,0.1675000091421365
2,0.46710051195867247,0.0004344652866476214,0.53246502275468
2,0.9312576400331322,0.010942588589881062,0.05779977137698672
0,0.9654586026578136,0.006278492085767696,0.02826290525641865
2,0.31430220038572704,0.059086660085001665,0.6266111395292713
2,0.0791129122440166,0.019688298923861654,0.9011987888321217
0,0.6805275386132295,0.008942994292540833,0.3105294670942298
0,0.9663845142630544,0.014372126872960194,0.01924335886398544
0,0.9656552453789565,0.0010083485623329047,0.033336406058710535
0,0.8586504496839342,0.010201801146229391,0.13114774916983646
2,0.06474951217678278,0.09346709082930266,0.8417833969939146
0,0.2233905802614956,0.01296124017681796,0.7636481795616864
0,0.9297719150658357,0.011301271925908542,0.0589268130082559
2,0.03242671234024499,9.665860003531586e-05,0.9674766290597198
0,0.9431895845892047,0.008202111792894205,0.0486083036179012
0,0.08938198677828232,0.12116168030161309,0.7894563329201045
2,0.005644784003666132,0.000717201602297047,0.9936380143940368
2,0.01312979116982642,0.02534486140571575,0.9615253474244579
1,0.5294378286530511,0.044033669040427964,0.4265285023065209
0,0.9812973281187432,0.0037925880748788457,0.014910083806377955
0,0.9604619215306596,0.01070195947917361,0.028836118990166946
2,0.18139069368357782,0.021960698909632693,0.7966486074067894
0,0.9446575310116788,0.007882984196323703,0.047459484791997505
0,0.9615780851258503,0.003624754951066446,0.03479715992308318
1,0.06742855730301194,0.009180172412083437,0.9233912702849046
0,0.963442841648498,0.010004974459719488,0.02655218389178243
2,0.5813859765888684,0.13793170715225694,0.2806823162588747
0,0.2704335356063884,0.08219009534632737,0.6473763690472841
0,0.9691080440405824,0.007922527303555566,0.02296942865586197
2,0.1858628069104843,0.43018990462579304,0.3839472884637226
0,0.4474421224974019,0.16136064044412032,0.39119723705847786
0,0.8481540257853274,0.03137021256924289,0.1204757616454298
0,0.6416481109799618,0.03428939517414417,0.32406249384589414
2,0.5649671769347013,0.09795346309197268,0.33707935997332594
2,0.01870831390657398,0.006925198156709351,0.9743664879367167
0,0.8889370351213939,0.03138672693658814,0.07967623794201797
2,0.03356701704172266,0.0017494760701258748,0.9646835068881514
0,0.9618710284418679,0.012810182221589039,0.025318789336542948
2,0.36227724401449113,0.19647323373218117,0.44124952225332775
0,0.9038279048349862,0.01749087596121463,0.07868121920379922
0,0.8494888991245756,0.0830245657186074,0.06748653515681703
2,0.8527478712355689,0.013670706137354122,0.13358142262707715
0,0.5354172700172681,0.11730901495902019,0.3472737150237116
2,0.447335809755867,0.0538450044401768,0.4988191858039562
0,0.9567100738752838,0.004455323273399943,0.03883460285131625
2,0.8539317638273483,0.014915492571681852,0.13115274360096998
0,0.9515171695524373,0.02290313737574043,0.02557969307182247
0,0.9759306449560026,0.00828951214969984,0.01577984289429753
0,0.5831512081803337,0.10510919770902635,0.31173959411063995
0,0.9729990356194054,0.006565947486595148,0.020435016893999403
2,0.006298734806820596,0.028867356721505602,0.9648339084716737
0,0.7204863464598615,0.04534264828602307,0.23417100525411538
0,0.8563367921930217,0.007644197833717844,0.13601900997326039
2,0.005108565660705436,3.595430889862527e-05,0.9948554800303959
0,0.9401177475820061,0.008883062512241432,0.05099918990575241
0,0.9339505502199099,0.009515216871592775,0.0565342329084973
0,0.8307044703973144,0.01986269282918758,0.1494328367734978
2,0.09230941363456305,0.016558008502178978,0.891132577863258
2,0.01152487782223842,0.002226486579890995,0.9862486355978706
2,0.13272608575641978,0.08498216555975802,0.7822917486838222
2,0.02506043883983692,0.03763775029398233,0.9373018108661807
2,0.2253582486963604,0.02353659476212408,0.7511051565415154
2,0.7068456146524502,0.012019821911159028,0.2811345634363906
0,0.9290252742432294,0.009799394336680065,0.061175331420090524
0,0.9637142055321042,0.003354825368731421,0.032930969099164306
0,0.9501559825087953,0.0055836777978416205,0.04426033969336321
1,0.15236970194675495,0.4885246066822207,0.35910569137102427
1,0.8684353701505269,0.01590488777242638,0.11565974207704663
0,0.8997270856876985,0.04084111673716867,0.05943179757513297
2,0.025985779154076113,0.023357258503768307,0.9506569623421555
2,0.8086280086260873,0.025190623285606988,0.16618136808830572
0,0.693492143627442,0.09522913684459454,0.21127871952796348
0,0.9656186346267943,0.006237892797298503,0.028143472575907214
0,0.9378147180127365,0.008084004878576299,0.05410127710868709
2,0.06547324595688021,0.01976312120209136,0.9147636328410284
0,0.3739004465928187,0.038859488935908466,0.5872400644712729
0,0.8151180340343684,0.009006329646650416,0.17587563631898123
0,0.9593891207690266,0.010516599248726237,0.030094279982247257
2,0.5856382925757955,0.031104864628919815,0.3832568427952846
0,0.9552907165981845,0.004727302902452572,0.0399819804993629
0,0.9524775732895,0.014342947603556458,0.03317947910694339
0,0.5330623036589387,0.28911225588710754,0.1778254404539538
0,0.93507583403207,0.007411877121126267,0.057512288846803684
0,0.8160549329881132,0.004394312022537297,0.17955075498934953
2,0.6543316390205104,0.09760073852640358,0.24806762245308592
0,0.9561060646864991,0.0045554387868467746,0.03933849652665398
0,0.9724139246590563,0.006765788215278219,0.020820287125665464
0,0.9794521859491763,0.004311194780881692,0.016236619269942118
2,0.4660842893956395,0.01713949913592546,0.516776211468435
0,0.599839029133548,0.012502161222043128,0.3876588096444088
0,0.8390703009086048,0.032434778275618185,0.12849492081577715
2,0.0026652042222576433,0.001367380315414789,0.9959674154623275
0,0.7865545934168527,0.031122848843931777,0.1823225577392154
2,0.23230888634794453,0.0576154154406008,0.7100756982114547
2,0.5160992997186544,0.08425933255882881,0.39964136772251685
0,0.9405022288717442,0.006602559797420142,0.05289521133083574
0,0.9011327061805362,0.002993819395012493,0.09587347442445124
0,0.7953512127197269,0.023911806231689467,0.18073698104858352
2,0.33851392458287394,0.12122258717474109,0.5402634882423849
0,0.8926145221694248,0.01908250815833619,0.08830296967223897
2,0.9575107639942202,0.011462864977795703,0.03102637102798406
2,0.2544125747315901,0.024584833048659868,0.72100259221975
0,0.9599670888497941,0.003929517276310264,0.03610339387389562
0,0.9458156658616499,0.007634130942176832,0.04655020319617332
2,0.05992264223748727,0.07855474142916281,0.8615226163333499
0,0.6812281136878037,0.08814097760756556,0.23063090870463077
0,0.5298956373131264,0.007949358955056973,0.4621550037318167
0,0.7214166991612825,0.028782705383549986,0.24980059545516747
0,0.8794917510318617,0.004086800832201471,0.11642144813593688
0,0.8524622228782761,0.021881767076681834,0.12565601004504204
2,0.14157984865231343,0.09981819742595663,0.75860195392173
0,0.9739562846689754,0.0022935157347777385,0.023750199596246933
0,0.8390723846997682,0.01647724471918644,0.14445037058104554
1,0.3468769386970793,0.020585267629474966,0.6325377936734458
0,0.624370329720425,0.038555292256180075,0.33707437802339485
2,0.11236428995928258,0.006582956471184717,0.8810527535695327
2,0.07271371511378216,0.018318753983849054,0.9089675309023687
0,0.9402807570976709,0.019562111080781222,0.04015713182154782
0,0.9587244291280685,0.008047779844655515,0.033227791027276035
2,0.02325354643552995,0.010610850567942918,0.9661356029965271
0,0.9583802824096842,0.011448633248388199,0.030171084341927674
2,0.0150900933837446,0.00795020041675314,0.9769597061995022
0,0.9581872283389254,0.004683405653853132,0.03712936600722145
0,0.9322211846066225,0.019604245740793235,0.04817456965258423
0,0.9021227581777428,0.018609645622933754,0.07926759619932346
0,0.9524037698277609,0.005729701837188446,0.041866528335050626
2,0.3916047975847488,0.0378687033487574,0.5705264990664938
0,0.9575013435075067,0.004325390695779318,0.03817326579671402
0,0.9389817638678177,0.009139302837592943,0.05187893329458924
0,0.826097327670115,0.0017586696124083055,0.1721440027174769
0,0.8124817784928263,0.017992903419615906,0.1695253180875579
2,0.6990402232985664,0.03762262192887239,0.26333715477256125
0,0.6780945652729907,0.1318381187181029,0.19006731600890636
0,0.39976417494473704,0.016172008503781775,0.5840638165514812
0,0.8571042838135055,0.02894062649394157,0.11395508969255297
0,0.9329944914873433,0.018816242675536114,0.048189265837120784
2,0.1312137829201115,0.06536270357002441,0.8034235135098641
2,0.08038798916735662,0.011840601545537236,0.9077714092871061
0,0.5277861574063235,0.04107211215775289,0.43114173043592374
0,0.9290172643895103,0.011484879433176273,0.059497856177313506
2,0.2984144748399925,0.24301882412498518,0.45856670103502234
0,0.8099216984764022,0.024861674947264215,0.1652166265763337
0,0.9838311371899023,0.0031792407897347033,0.012989622020362782
0,0.8445793137750188,0.01682585205564602,0.13859483416933505
0,0.9803439364625549,0.00419830869543338,0.015457754842011914
0,0.9817242713652717,0.0036749500243162593,0.014600778610412105
0,0.3854380202997728,0.08072538167522919,0.5338365980249979
2,0.05350078203404627,0.029171231898279065,0.9173279860676747
0,0.7233581210214309,0.05143286888071668,0.22520901009785232
0,0.8877421225107466,0.028327908822759217,0.08392996866649426
2,0.2761752195960787,0.04319827975083605,0.6806265006530853
2,0.44194836616686584,0.052471829155730704,0.5055798046774035
2,0.30381466910385074,0.1874061101200839,0.5087792207760654
0,0.6050029779031606,0.027923268694509593,0.3670737534023297
0,0.9053171679597684,0.017707449380599146,0.07697538265963241
0,0.9762484664179542,0.009579033745632735,0.014172499836413176
0,0.47603398106926376,0.11057090503052558,0.41339511390021066
2,0.8297902148913439,0.04384016347276929,0.12636962163588694
0,0.9476346208840644,0.011194506842250916,0.0411708722736846
2,0.026107502933515523,0.015023239920737485,0.958869257145747
0,0.9324622018706328,0.010654531332936739,0.056883266796430555
0,0.9398792954692923,0.0089366536060903,0.05118405092461741
0,0.4265942325238003,0.051534811575236525,0.5218709559009632
0,0.7126429010756212,0.00516821929678938,0.28218887962758943
2,0.8491008149067333,0.03203665833567136,0.11886252675759523
0,0.7941025926362479,0.06451989931681931,0.14137750804693275
0,0.7111035729989108,0.0018660438076205314,0.2870303831934688
0,0.7522281842021512,0.043511001040684595,0.20426081475716404
2,0.9309278154511398,0.0005457982168213303,0.06852638633203906
0,0.8343489219120034,0.00037904450857654165,0.16527203357941997
0,0.5604768854598808,0.09057332274529353,0.3489497917948256
1,0.12756015897431497,0.15670364627206898,0.7157361947536159
0,0.9476473288935126,0.011190750310505322,0.04116192079598221
0,0.9460722232183114,0.00695506124301474,0.0469727155386739
0,0.9289755343140466,0.009810277633366424,0.061214188052586944
0,0.8971578134499832,0.01018859252207886,0.09265359402793791
0,0.9682817484993378,0.008002115519701258,0.023716135980960958
0,0.9650952437979695,0.00637093432614067,0.028533821875889875
2,0.28762302280307683,0.03941868063323227,0.6729582965636909
2,0.19481707917251556,0.04715793416121388,0.7580249866662706
0,0.9446483482644832,0.00788496768265704,0.047466684052859934
2,0.736468301327682,0.030144928934004552,0.23338676973831346
2,0.20685891348848273,0.05987168625930535,0.7332694002522119
0,0.8746740162968939,0.003018111022330585,0.12230787268077564
0,0.9738613652055977,0.005974270286122889,0.0201643645082794
2,0.3416029870891574,0.06550053739363858,0.5928964755172041
0,0.7087122913838932,0.01725748524198226,0.2740302233741246
2,0.05203553429398597,0.019243833400698317,0.9287206323053157
0,0.8032842910528624,0.023059713198384752,0.17365599574875307
2,0.07088099887790793,0.013509054271178695,0.9156099468509133
2,0.0089231883016644,0.00965872585772831,0.9814180858406073
2,0.012720984325044062,0.017011509581515708,0.9702675060934403
2,0.07954076075817038,0.023710817086117497,0.8967484221557123
0,0.9452770495335928,0.007114582543518939,0.04760836792288833
0,0.9333582438799877,0.021167357411645382,0.045474398708366975
1,0.29900341896073235,0.04226481863465926,0.6587317624046084
2,0.052698409555490475,0.030602577251283167,0.9166990131932263
0,0.9685877925314127,0.006598842394860573,0.02481336507372663
2,0.3588896827018381,0.16039058537510775,0.4807197319230541
0,0.2861658313223262,0.011174688329445645,0.7026594803482282
0,0.8172760716550189,0.04031636533733165,0.14240756300764948
0,0.9018761357340018,0.02651289099559161,0.07161097327040648
0,0.9546736549433148,0.0030229478299284547,0.042303397226756745
0,0.9455601490045709,0.006428108608952458,0.048011742386476715
0,0.07588275388546911,0.005922232024410457,0.9181950140901205
2,0.21495047547180296,0.07309327178497302,0.711956252743224
0,0.9697403877393606,0.007518562837315034,0.02274104942332438
2,0.9020857680902977,0.009268049259223254,0.08864618265047901
2,0.03958776263841691,0.019370706898272538,0.9410415304633106
0,0.9483389382590606,0.0065071277347039545,0.045153934006235484
0,0.9714260756403319,0.006968348856993098,0.02160557550267496
0,0.9488775341458718,0.0069888822388701295,0.04413358361525803
0,0.9571182481329265,0.008486421753164032,0.034395330113909585
0,0.9361113591113643,0.007274053038021377,0.05661458785061425
0,0.942023750473461,0.00845847299941832,0.049517776527120735
0,0.9700484639009068,0.012532958955303732,0.017418577143789468
0,0.8456256848123617,0.016606636617800458,0.13776767856983776
2,0.16145880812141045,0.053984072662979256,0.7845571192156104
0,0.6331637935031313,0.12732240640434409,0.23951380009252454
2,0.07180345889445909,0.0810503462074243,0.8471461948981166
0,0.9320183548708536,0.010760384198054451,0.05722126093109206
2,0.20461255364125666,0.005278738877907633,0.7901087074808356
0,0.11340219271335923,0.697491162537193,0.18910664474944783
2,0.01924757216390734,0.005645444652289627,0.9751069831838031
2,0.47512456082723065,0.17187205268959568,0.35300338648317364
0,0.9697515808003067,0.012397432809379277,0.017850986390314103
2,0.10261345404503376,0.022749183293400546,0.8746373626615657
0,0.9754116529494381,0.005706745246859145,0.01888160180370275
0,0.9724222828284516,0.00664769201038665,0.020930025161161943
0,0.8230998544349076,0.021629410170918455,0.15527073539417388
2,0.6215035256186785,0.030353877262763635,0.34814259711855794
0,0.945320788835924,0.007740149515413195,0.0469390616486628
0,0.5336856009542552,0.018072473350126995,0.44824192569561777
2,0.04775799472961585,0.07235354412895965,0.8798884611414244
2,0.12433300048911815,0.3570582613159991,0.5186087381948827
2,0.07947552985932768,0.000931439860668545,0.9195930302800037
2,0.014616460311695983,0.011459343847744715,0.9739241958405593
2,0.07011667803484252,0.11413967369074066,0.8157436482744167
0,0.8843687109830902,0.0061678135671261024,0.10946347544978362
2,0.03856029170026652,0.0144040191733265,0.947035689126407
2,0.5839466370107358,0.19887113314211985,0.2171822298471443
2,0.05609406844719072,0.09095466908175688,0.8529512624710524
2,0.037507510207798266,0.0006089991434902018,0.9618834906487116
0,0.9363415590737635,0.030491189104512272,0.03316725182172421
2,0.75553489472392,0.040476522367112515,0.20398858290896765
0,0.9245689377576126,0.03718442333265241,0.038246638909734995
0,0.8856424554799807,0.005861042482522583,0.10849650203749672
0,0.9280778335307496,0.017333054609804308,0.054589111859446156
0,0.6089275494999722,0.06881699315980967,0.32225545734021815
0,0.5449209685801261,0.04812555715320419,0.4069534742666696
0,0.8590316486253111,0.013920363903471372,0.12704798747121743
2,0.05531651933193017,0.05467549124131139,0.8900079894267585
2,0.2927346416964124,0.09569759343835316,0.6115677648652345
2,0.7646197050830211,0.028803460742131217,0.2065768341748477
2,0.14147278533563615,0.02614770381632309,0.8323795108480407
2,0.0013636343963272636,0.0004768330131250735,0.9981595325905476
0,0.982716603781569,0.006926115473388416,0.010357280745042665
2,0.01858884680813099,0.028734908419128673,0.9526762447727404
2,0.02017634969396061,0.007225560981798084,0.9725980893242414
0,0.9581181898115604,0.00821262118345728,0.033669189004982246
0,0.9421229260097774,0.012853877202495017,0.04502319678772762
0,0.9468930131422975,0.0114142934041372,0.04169269345356531
2,0.007908863586941421,0.0013621525116080768,0.9907289839014505
2,0.0562475612585476,0.012317005365822727,0.9314354333756296
1,0.8073646859953599,0.05100767410598255,0.14162763989865743
0,0.06393929477157506,0.018016628964395136,0.9180440762640297
0,0.8716583650118137,0.021274987033882947,0.10706664795430332
2,0.4782902762751301,0.08139575283272237,0.4403139708921475
0,0.9676394241214173,0.008217170652580767,0.024143405226001814
0,0.614870795985364,0.1606304874681953,0.22449871654644069
0,0.8321409534258581,0.0010068944739579752,0.16685215210018403
0,0.7168509870876189,0.08568948896301427,0.19745952394936692
2,0.03564070669032787,0.013296988091701536,0.9510623052179706
2,0.060048828045666705,0.08256831329889805,0.8573828586554352
2,0.13716979786376154,0.10988898023203147,0.7529412219042071
2,0.8625832446952697,0.013246837332797419,0.12416991797193294
0,0.616578364320539,0.06759662753183932,0.31582500814762166
0,0.5521216352330676,0.13342479239631627,0.3144535723706163
2,0.30281662821387045,0.03871534329371006,0.6584680284924195
0,0.9679372419611745,0.014184187963199056,0.017878570075626547
2,0.840291517158234,0.013644609833706411,0.1460638730080594
0,0.8464005646825818,0.016445187517792306,0.13715424779962573
0,0.7280794800541893,0.003907504030945442,0.26801301591486526
2,0.540142111606466,0.06662530823752993,0.3932325801560041
2,0.7203478789418674,0.026657399041859705,0.25299472201627304
0,0.940965504320121,0.007841811920916325,0.051192683758962486
0,0.3513166745189471,0.0088128490508596,0.6398704764301932
2,0.1125466524080657,0.019855585149811398,0.8675977624421229
1,0.674155352657875,0.05963329286180129,0.2662113544803238
0,0.7787517152497726,0.012247679250868344,0.20900060549935914
2,0.038829637000583436,0.021412625419021877,0.9397577375803946
0,0.9395334275895786,0.009014571163761698,0.05145200124665974
0,0.10878483214154012,0.03746832055124361,0.8537468473072163
0,0.9447763957302654,0.006649334822924393,0.04857426944681023
2,0.02722712860854825,0.005505249245573421,0.9672676221458782
1,0.46416119109983184,0.07563350188190265,0.46020530701826545
0,0.976602183634945,0.00957694554759728,0.013820870817457745
2,0.19202375826991006,0.14765143028126046,0.6603248114488296
0,0.9482727924998929,0.007114847660844572,0.044612359839262365
0,0.9425774559071319,0.008336396710592083,0.049086147382276075
0,0.5140031480443348,0.03778440059303354,0.44821245136263166
1,0.7233439214027453,0.031619309317647684,0.24503676927960716
2,0.01412687115727934,0.0029314063330824914,0.9829417225096382
2,0.514386433945184,0.08232584713612207,0.40328771891869386
2,0.2365168818436053,0.04595875536609519,0.7175243627902995
2,0.10306875284768417,0.020079160454709623,0.8768520866976062
2,0.1316422841835492,0.06156187683105892,0.8067958389853919
0,0.9432831040127797,0.008181658501718427,0.04853523748550191
2,0.3179910154774997,0.1044007952736888,0.5776081892488115
0,0.31780824654166095,0.11618208966557966,0.5660096637927594
1,0.23496036159516892,0.10742239329356136,0.6576172451112697
2,0.034243738929608955,0.015533288202361424,0.9502229728680296
0,0.8151160377129942,0.023561836854057924,0.16132212543294797
2,0.017755863373812845,0.006037217717030823,0.9762069189091562
0,0.9425017644212139,0.007013252237202183,0.05048498334158396
0,0.6792952295573733,0.02751417326769015,0.2931905971749366
0,0.9445920949514631,0.006611349861238654,0.048796555187298085
2,0.07364245127134195,0.011032028027050023,0.915325520701608
0,0.8467398923535122,0.01637472552584081,0.13688538212064702
2,0.1622054484106974,0.05414921964670942,0.7836453319425932
0,0.9306052848297338,0.012958154293896787,0.05643656087636953
0,0.9781845246771926,0.009416321409688132,0.012399153913119394
2,0.29486105919644445,0.13164919796673377,0.5734897428368217
2,0.06098980546329704,0.08957601196066553,0.8494341825760374
0,0.9386152590353457,0.019024223681341094,0.042360517283313324
0,0.9715171405053512,0.007075000815144281,0.021407858679504642
0,0.9510429641564971,0.006543907150603976,0.042413128692898844
0,0.8880057493377996,0.0025979762192319534,0.10939627444296846
2,0.9519511299928759,0.005265559509847352,0.042783310497276836
0,0.8754462912332263,0.010941988863573397,0.1136117199032003
0,0.7328117632464656,0.0681191056397733,0.199069131113761
0,0.6270466548596658,0.16560555551006723,0.20734778963026695
0,0.7606120912845951,0.024751414269300973,0.214636494446104
1,0.6118449318480491,0.08467130185547819,0.3034837662964727
0,0.9803829971649334,0.004186482935080364,0.015430519899986173
0,0.24827187923851393,0.04622619145774546,0.7055019293037406
0,0.06492152229348926,0.008892117192282861,0.9261863605142279
0,0.9675002220902261,0.012747811330013799,0.0197519665797601
0,0.15834652080591488,0.0246329312021751,0.81702054799191
0,0.9533431882119873,0.01616626615699494,0.03049054563101774
2,0.721481180496323,0.0627143370044061,0.21580448249927084
2,0.06569964456463802,0.02104752105434478,0.9132528343810171
2,0.9230015034231507,0.009812822255685676,0.06718567432116375
2,0.1395675976714813,0.11380595669315542,0.7466264456353633
2,0.9681877853125781,0.008252514401115523,0.023559700286306377
0,0.9823441439955666,0.00714946936483492,0.010506386639598395
2,0.15470506283684826,0.1485486206509655,0.6967463165121862
0,0.7014798256640518,0.008266867350306682,0.2902533069856416
0,0.954050256162496,0.005424519702839123,0.04052522413466503
0,0.9423445115900965,0.006919522224148307,0.050735966185755134
0,0.841256105896734,0.01753120336140874,0.14121269074185724
2,0.06523132075447854,0.026039238803104967,0.9087294404424165
2,0.9362754475577508,0.01607873267889638,0.04764581976335281
0,0.9699412223675342,0.0006024413662431878,0.02945633626622268
1,0.131819488792785,0.7530629385928258,0.1151175726143893
0,0.9855043546263125,0.0026757251849645353,0.011819920188722912
0,0.5540273251102917,0.0324797586823272,0.413492916207381
0,0.9424350432577152,0.0025853613310479542,0.05497959541123682
2,0.030722698105410517,0.005536062938880381,0.9637412389557091
0,0.9735312077089745,0.00607641640183408,0.020392375889191326
2,0.16608795400555107,0.037168046401756596,0.7967439995926923
2,0.7703871516650004,0.018901781274251257,0.21071106706074832
2,0.17718553442320353,0.1255892894233838,0.6972251761534126
0,0.16999271653236195,0.02517615958163895,0.8048311238859992
2,0.0353386094175941,0.05805151936927772,0.9066098712131282
2,0.5838575451191621,0.059756222119185846,0.35638623276165204
0,0.944512634265762,0.012127151278275692,0.04336021445596238
0,0.5336723331809481,0.05860550321129038,0.40772216360776153
0,0.9614152718197169,0.010778300134941413,0.027806428045341627
0,0.08389179433920965,0.04904301218880664,0.8670651934719836
0,0.955121236783488,0.004720391538836501,0.0401583716776755
0,0.3436621951023039,0.05694808821658734,0.5993897166811087
1,0.15533914322599074,0.15689167402105464,0.6877691827529547
0,0.5986927032219598,0.025704705479601058,0.3756025912984391
0,0.7899205098956885,0.030179303546239884,0.17990018655807172
2,0.2872497172441782,0.055806994602936776,0.6569432881528849
0,0.5635410244164419,0.04490763719570593,0.3915513383878521
0,0.9601236465740756,0.013014614297176784,0.02686173912874749
0,0.8626751867051319,0.01322961423630351,0.12409519905856453
2,0.9446705212936231,0.007880178554153374,0.0474493001522235
0,0.8681879968701488,0.012216591146101047,0.11959541198375026
2,0.11202472603148078,0.01599982137436779,0.8719754525941514
2,0.5338157732210175,0.06939347714268004,0.39679074963630245
2,0.08535960916191042,0.04480165675735713,0.8698387340807325
2,0.003377975626178443,0.0005757310203636513,0.996046293353458
0,0.9587572558041982,0.011812736579320339,0.029430007616481343
0,0.8558717905738217,0.0013137960239832638,0.14281441340219517
2,0.007751605099169129,0.0015986954905247278,0.9906496994103062
2,0.3436247570714421,0.11764377246846516,0.5387314704600928
0,0.9512751227657155,0.010131971656484955,0.03859290557779963
0,0.8674631418298818,0.01234757766618307,0.12018928050393496
0,0.5663931622542235,0.039756507933233265,0.39385032981254314
0,0.4369759165975621,0.03010659992440246,0.5329174834780355
0,0.6484244306027077,0.0819340251718049,0.26964154422548736
0,0.7525024746545974,0.041454572898960984,0.2060429524464415
0,0.9519225712523937,0.005270567771360486,0.04280686097624595
0,0.8880882601281501,0.016625590309418056,0.09528614956243184
1,0.333501543601202,0.46480210303414793,0.2016963533646501
0,0.3768222642955247,0.11096508492338786,0.5122126507810875
0,0.9587958505318204,0.011797554294871983,0.029406595173307678
0,0.7628195101895131,0.038173322660787844,0.19900716714969904
2,0.0008546107619917828,0.00010998292696603562,0.9990354063110422
2,0.8772723955938826,0.023203174757316175,0.09952442964880137
0,0.4038270527183767,0.04171370979755642,0.5544592374840669
0,0.9729851089199326,0.006570686309492387,0.02044420477057497
2,0.23079746989338545,0.08957673078197002,0.6796257993246446
0,0.9691886891864385,0.0018263213416006324,0.028984989471960845
2,0.04610427556990885,0.0784220200641052,0.8754737043659859
0,0.9350487555921249,0.008771225591984762,0.05618001881589061
2,0.9413834491579444,0.006763494772774188,0.05185305606928142
0,0.6463306166504379,0.09916025860011964,0.2545091247494424
0,0.4465944562542538,0.06116392670655756,0.4922416170391886
2,0.03617722444857577,0.012230938296493675,0.9515918372549307
0,0.9460473219768487,0.007584666465884801,0.046368011557266504
