target,prediction_0,prediction_1,prediction_2
2,0.045575683303934585,0.019045969071494626,0.9353783476245708
0,0.9582831077579939,0.008638142321020404,0.03307874992098575
0,0.9751625424576289,0.008368696853119273,0.01646876068925179
2,0.193315494959218,0.03920134716621641,0.7674831578745657
0,0.8688393367488899,0.012200332237532792,0.11896033101357721
0,0.7939687771476271,0.003971021326072516,0.20206020152630033
0,0.855762743531624,0.0232046093449759,0.12103264712340012
2,0.03773250430513838,0.011960366440730112,0.9503071292541315
0,0.9838831983170364,0.0011625127352925292,0.014954288947671068
1,0.35377365123763066,0.016105254216222806,0.6301210945461465
2,0.052754165798305205,0.00983115556828808,0.9374146786334068
0,0.7921719731654872,0.01893853629418293,0.18888949054033008
0,0.9685630479745813,0.002372269477318037,0.029064682548100657
0,0.852286102711728,0.013234871488577587,0.13447902579969445
0,0.9206134521314097,0.019749426397836313,0.059637121470754006
2,0.18104540783393144,0.03150613879167185,0.7874484533743966
0,0.8786240003669685,0.003285314712477707,0.11809068492055393
2,0.8069795065136697,0.05147006038309795,0.14155043310323243
0,0.9464272773942783,0.015469192194385526,0.038103530411336205
2,0.2753845874634629,0.047881946175091,0.6767334663614462
0,0.9397570270223163,0.011767355087268208,0.04847561789041548
1,0.48010798219465195,0.06313099109718588,0.45676102670816215
2,0.09152559215294126,0.009250787194717107,0.8992236206523416
0,0.9729759438593988,0.0028088004339388933,0.02421525570666243
0,0.5261556879143464,0.038626468795040586,0.43521784329061297
0,0.923122123963673,0.012894057328057469,0.06398381870826966
0,0.9598332351692785,0.006795734088623205,0.033371030742098344
0,0.9804205473418028,0.003924964170547067,0.015654488487649894
0,0.4130806808897613,0.04035113987389695,0.5465681792363417
0,0.9287331275182991,0.01774261492064629,0.053524257561054694
2,0.08598522687873256,0.039235578038102674,0.8747791950831648
2,0.3234790847192101,0.01829780967251827,0.6582231056082716
0,0.2588539645379042,0.17634537401605907,0.5648006614460367
2,0.4803399780023617,0.016003263084532343,0.5036567589131059
0,0.8209716688338083,0.03647785144518599,0.1425504797210056
2,0.054222908657942055,0.02201503421765999,0.923762057124398
2,0.30974074928873696,0.05585073417342776,0.6344085165378353
0,0.9056156749429698,0.0299750293580203,0.06440929569900995
0,0.45229477929498413,0.06066929721556828,0.4870359234894475
0,0.6571869224139086,0.07707250289912783,0.2657405746869636
0,0.8819416524047652,0.004604439223906576,0.11345390837132832
2,0.0319415071982743,0.6948204552119148,0.27323803758981086
0,0.8599665832934196,0.005968426639086869,0.13406499006749348
0,0.9630174615653776,0.0020723392747488893,0.03491019915987355
0,0.9615426688398278,0.0005573716365437184,0.03789995952362846
0,0.669592802819925,0.13122986374597762,0.19917733343409733
0,0.9133385708021632,0.004578631493961669,0.08208279770387512
2,0.8668890333690658,0.01771310243908709,0.11539786419184718
0,0.8424099922140179,0.00449636263436809,0.15309364515161408
2,0.5641182292153959,0.0862726391078107,0.34960913167679347
0,0.891851228025529,0.064861603522673,0.04328716845179786
0,0.9771691044487839,0.0024726612947232316,0.020358234256492795
2,0.06072694832281572,0.017694781512570004,0.9215782701646142
2,0.20114026674323846,0.025931558655683817,0.7729281746010778
2,0.09661548500360785,0.010312060959546216,0.893072454036846
0,0.6875670183041553,0.0017199153977102192,0.31071306629813433
0,0.8226700610434577,0.11877786584460859,0.058552073111933715
0,0.792796035082085,0.0930329493555964,0.11417101556231855
0,0.9664184744864647,0.0018221729446774087,0.03175935256885788
0,0.7686556807235012,0.09310659804688888,0.13823772122960992
1,0.8482770721457695,0.0268597970885617,0.12486313076566881
2,0.8257483761688625,0.01823045267624262,0.15602117115489483
0,0.944607260073554,0.014376220574285583,0.041016519352160295
2,0.1688549062256693,0.006505310972858868,0.8246397828014719
2,0.08967482600860684,0.05424420837757325,0.85608096561382
2,0.011748555607243812,0.0010636690574895961,0.9871877753352666
1,0.8923128424845076,0.010093765330798444,0.09759339218469404
2,0.25943208527030526,0.005216932192779306,0.7353509825369154
2,0.06887241454673952,0.07394646394617052,0.8571811215070899
0,0.944614529054753,0.004022533274214667,0.051362937671032366
0,0.9878964491767663,0.0038088732681374675,0.008294677555096304
0,0.8499282607325538,0.007993871535333059,0.1420778677321132
0,0.9504668773923463,0.010149346487197458,0.039383776120456265
0,0.9328433684682715,0.030113691854598477,0.03704293967712989
2,0.014726040852145884,0.004259846732801471,0.9810141124150525
2,0.042068848883971735,0.00650617545398262,0.9514249756620456
0,0.975281191507596,0.0005300721168579801,0.024188736375545965
0,0.4846668975025217,0.023976221169625347,0.4913568813278528
0,0.9666730181964428,0.004146743647029574,0.029180238156527642
0,0.75696046045593,0.010636301146588348,0.2324032383974816
0,0.7024845719813595,0.05186787808132595,0.24564754993731444
2,0.8334229175639545,0.011706268717151433,0.15487081371889394
1,0.6078275970949608,0.0072990790206550514,0.3848733238843841
0,0.7409208925554923,0.01288375046571953,0.24619535697878822
0,0.7991497804599883,0.011834837027512415,0.18901538251249922
2,0.7282668927469792,0.037847988807478104,0.23388511844554266
0,0.9584869119588677,0.005025191374395456,0.036487896666736845
2,0.061135116030944944,0.020448208689259336,0.9184166752797956
0,0.951429964853478,0.010156044632936697,0.03841399051358546
0,0.869351149258915,0.02080515913447173,0.10984369160661342
0,0.8484437870059065,0.008651655411101099,0.14290455758299236
0,0.9019307733673139,0.016423085456788392,0.08164614117589783
0,0.9257492712675188,0.038353580916486905,0.035897147815994186
0,0.9786955209597991,0.006833953227962601,0.014470525812238278
0,0.9684048149960628,0.001772454392735671,0.029822730611201508
0,0.9557140390004247,0.0070459167095612025,0.03724004429001396
0,0.967065363768605,0.002243777472161246,0.030690858759233868
2,0.01890546574364169,0.055247527938520474,0.9258470063178379
0,0.953154330944115,0.015289410645323135,0.0315562584105619
0,0.5303493614758188,0.018969372206372764,0.4506812663178085
2,0.03527371728997439,0.09543215607968646,0.8692941266303391
2,0.009058326829666298,0.0004303423979949645,0.9905113307723388
2,0.03772601057475896,0.013429585858669598,0.9488444035665714
2,0.02951904254810093,0.08923275365348998,0.8812482037984091
0,0.959919661303857,0.005764802137172202,0.03431553655897089
0,0.9364888855406028,0.03946030338497619,0.024050811074420884
0,0.9666782269814366,0.005513414557976794,0.02780835846058652
2,0.5003149043549457,0.023490913309339192,0.47619418233571503
0,0.6163490530371584,0.016779729424275202,0.3668712175385665
2,0.1676666110163311,0.06274981884792653,0.7695835701357423
0,0.9379339323890018,0.013137497868062106,0.04892856974293613
2,0.2067573322427911,0.05939157682705775,0.7338510909301511
0,0.9251301073905991,0.008066172729781973,0.06680371987961913
2,0.06136903519041002,0.03104767861054562,0.9075832861990444
0,0.9503226242144946,0.004275762366300431,0.045401613419205025
0,0.7206288018157683,0.018220863065724638,0.26115033511850716
0,0.9775186547422092,0.0013830958695936987,0.0210982493881971
0,0.94467107795171,0.005423485984733169,0.04990543606355671
0,0.9470924451471813,0.013105551492969965,0.03980200335984869
2,0.6922215216257216,0.018745772136978346,0.2890327062373001
0,0.9135331260201229,0.007321304934966505,0.07914556904491064
0,0.9332056773356722,0.01043983702469755,0.05635448563963035
0,0.6861912035516852,0.2069226481733809,0.10688614827493391
0,0.9872219043607035,0.0006095487731170103,0.012168546866179478
0,0.4607266857444262,0.0015873163428886626,0.5376859979126851
0,0.640329130125191,0.04637043190083687,0.31330043797397206
0,0.9576105136171827,0.005787152007037464,0.036602334375779984
0,0.9159335681079889,0.010134177353342102,0.07393225453866907
2,0.16237374744878658,0.06404944023792154,0.7735768123132918
0,0.9105829073471597,0.018874279496525478,0.07054281315631467
2,0.05194451789447826,0.003073505441088844,0.9449819766644328
0,0.865320985829104,0.007139160562105103,0.12753985360879086
2,0.025607700132323278,0.008961503028105784,0.965430796839571
0,0.9214262200033708,0.022462807939616282,0.05611097205701285
2,0.6078932878809127,0.08621453428078378,0.30589217783830347
2,0.4332869865680246,0.030861875694433716,0.5358511377375417
0,0.75475487873182,0.014651296453292878,0.23059382481488722
0,0.9874900177399084,0.0006315767233473228,0.011878405536744331
0,0.9044680067155273,0.030948981774701487,0.06458301150977133
2,0.5828681500306123,0.009381891013775647,0.407749958955612
0,0.6605894757599574,0.08836315656333783,0.25104736767670477
0,0.28835467054020386,0.11964117032102871,0.5920041591387675
0,0.9399137298427374,0.023629051503702637,0.03645721865356004
0,0.6212437610339483,0.011939793482819195,0.36681644548323256
0,0.8800612472395365,0.014029496623410511,0.10590925613705317
0,0.9442593653648178,0.0007371458685183922,0.055003488766663854
2,0.09695888526310176,0.03028687197397634,0.8727542427629219
0,0.9478758456627993,0.010591075057696447,0.04153307927950427
0,0.9203893463955688,0.03486528126147467,0.04474537234295634
2,0.2801111507632,0.15249303062744654,0.5673958186093535
0,0.9491250045631833,0.0013921489011331787,0.04948284653568352
2,0.6669359126240008,0.02885494509589831,0.304209142280101
0,0.9681467639453951,0.005011227741568638,0.02684200831303632
0,0.9183364187220151,0.00427985697253877,0.07738372430544618
0,0.3526309170870892,0.013535119923388926,0.6338339629895219
0,0.9075062688004983,0.003585356913033148,0.08890837428646851
2,0.01656840870370128,0.0013038187400438769,0.9821277725562549
2,0.013173280572537843,0.0071356275838221255,0.9796910918436401
2,0.7344587295236852,0.009050425998076353,0.2564908444782386
0,0.9299600790518001,0.00489307169832986,0.06514684924987006
0,0.04026239509925028,0.02364108624177589,0.9360965186589738
0,0.9873414194481411,0.0007004326434084924,0.011958147908450427
2,0.8401188086455581,0.009889302377092193,0.1499918889773496
2,0.7111470415904613,0.014880083648312666,0.2739728747612261
0,0.9399413744997462,0.0039367740378181935,0.05612185146243571
2,0.5110758842737881,0.12276688462100635,0.3661572311052055
0,0.9533914786314728,0.009483385321296594,0.03712513604723055
2,0.025559611387087334,0.0022416216848095503,0.972198766928103
2,0.8283548933324516,0.014587290349628121,0.1570578163179203
0,0.8619310481069147,0.0069699475639764955,0.13109900432910893
0,0.6208008082189347,0.06306859076029374,0.3161306010207715
1,0.24171327409668464,0.09679311148187378,0.6614936144214416
2,0.20071120771567297,0.02201868709502166,0.7772701051893053
0,0.8771507122535619,0.013097859590143071,0.10975142815629496
2,0.07651328055351705,0.14373473163113035,0.7797519878153526
2,0.04179932614841247,0.017211345889506367,0.9409893279620811
0,0.9622390004601645,0.0049490216178112246,0.03281197792202434
0,0.057207079420592166,0.0174161966127693,0.9253767239666385
2,0.13610113440275584,0.0314687121428217,0.8324301534544225
0,0.904050894335303,0.0012834309126848946,0.09466567475201221
0,0.420517933607724,0.08019674693846393,0.49928531945381194
0,0.5269760793734799,0.056610200246109875,0.4164137203804103
2,0.011358050401990118,0.0018483899909252646,0.9867935596070847
0,0.9716115924895158,0.002512424766848412,0.02587598274363589
2,0.20531220728899013,0.0229787424731809,0.7717090502378289
2,0.4109703180941039,0.07578409879564214,0.513245583110254
1,0.3937561016671486,0.3128904962244652,0.29335340210838623
0,0.5462868978645548,0.02356123568905191,0.43015186644639336
2,0.3053465025533268,0.006070937310057162,0.688582560136616
2,0.28690597158175307,0.07867782715292995,0.634416201265317
0,0.7087749629148031,0.022437311719392575,0.2687877253658042
0,0.9647687651002578,0.004770972436631715,0.030460262463110614
0,0.8098509516844011,0.023900048791462455,0.1662489995241365
2,0.22072791190773633,0.02873605429742607,0.7505360337948376
2,0.3071627410307047,0.014232161510244467,0.6786050974590508
0,0.9650919869057635,0.004866694806129829,0.030041318288106543
0,0.7171985358926104,0.03557510049789971,0.24722636360948982
0,0.9594448468011179,0.007879576119121429,0.03267557707976069
2,0.9261363974283399,0.01260227813025414,0.061261324441405925
0,0.9400396310603218,0.006137778912213501,0.05382259002746464
0,0.9547029051957335,0.0028814494389334377,0.04241564536533303
0,0.9834580200574051,0.001094688009669987,0.015447291932924991
2,0.7635360616269947,0.010349796236270005,0.22611414213673517
0,0.9551158639688935,0.0065057396637128295,0.038378396367393805
0,0.9564042243423532,0.0009325516344299409,0.04266322402321682
0,0.17171694907783297,0.02240555887961942,0.8058774920425477
0,0.9289994625513918,0.0021096146202380576,0.06889092282837003
2,0.4970171390512719,0.02646516534108086,0.47651769560764734
0,0.9604144097572221,0.005653216815855612,0.033932373426922284
2,0.05231216320632099,0.008516231705051214,0.9391716050886277
0,0.9323442491643639,0.012103995350018345,0.05555175548561774
2,0.863114107122612,0.03237905034938959,0.10450684252799847
2,0.06069840499484806,0.038846886628990725,0.9004547083761612
2,0.022277292540402435,0.007253087494028344,0.9704696199655691
0,0.5546992601656817,0.05462711125451667,0.3906736285798016
0,0.9405157599910656,0.006229585284632225,0.053254654724302124
0,0.909772652649637,0.005827413882832458,0.0843999334675306
0,0.9050565548174846,0.011526754848244105,0.0834166903342714
2,0.607107905472274,0.010375280186247551,0.38251681434147844
0,0.9630376765094969,0.009980705058217972,0.026981618432285134
0,0.24676728706488688,0.10558229469578224,0.6476504182393309
0,0.9877867924589366,0.0006672174685085691,0.011545990072554628
2,0.9238030693284931,0.006731167340200104,0.06946576333130682
2,0.6322257176417857,0.015471890853173145,0.3523023915050411
2,0.01991693637150706,0.006846797308675552,0.9732362663198173
0,0.9602133051657046,0.008255663605161155,0.03153103122913414
0,0.9446251340077109,0.013421625458062983,0.04195324053422619
2,0.5068419497100581,0.02927942073672662,0.46387862955321524
2,0.1112641069244018,0.011169348624937547,0.8775665444506606
2,0.06947725124960188,0.038215383780152413,0.8923073649702457
0,0.9211918127277477,0.004950300732705438,0.07385788653954677
2,0.08888116340068647,0.013528437962445553,0.897590398636868
0,0.8812598344825684,0.023375634478539124,0.09536453103889238
0,0.9571407996709871,0.009369370616415375,0.03348982971259752
0,0.43556188744280083,0.05270037731528142,0.5117377352419177
0,0.7176323911180654,0.0493401593683091,0.2330274495136254
2,0.5961975232343835,0.007978596060097284,0.3958238807055193
2,0.8821475900231374,0.005796919333063245,0.11205549064379922
0,0.9782359401414197,0.0020803448965265895,0.019683714962053827
2,0.27150941782279725,0.015108509119174086,0.7133820730580287
2,0.06392716731295944,0.017153137853891345,0.9189196948331493
0,0.8408581636600044,0.006768779216057211,0.15237305712393834
0,0.9555188009704622,0.001097172237450308,0.043384026792087554
0,0.9791150273357031,0.0014777716237440888,0.019407201040552706
0,0.7852087643475169,0.0161136091778405,0.1986776264746427
2,0.024100665257444115,0.0020371738534675716,0.9738621608890884
0,0.34097848947783255,0.04124982979416243,0.6177716807280049
0,0.7779387570677775,0.007452010400252263,0.21460923253197017
2,0.03974308540360422,0.0032512092139514656,0.9570057053824443
0,0.8288171489975655,0.004781836340290441,0.16640101466214416
0,0.17437374069626696,0.11863000291470151,0.7069962563890316
2,0.06647456578928335,0.004655881886527898,0.9288695523241888
2,0.03986315805631114,0.011534833687401477,0.9486020082562875
1,0.8448660557991337,0.007058624007746553,0.14807532019311967
0,0.9785549115588676,0.005373754392349611,0.016071334048782696
0,0.895151036459048,0.012479549515341281,0.09236941402561076
2,0.1756832999634292,0.019933482605391132,0.8043832174311796
0,0.8885543397779745,0.0035542706604259292,0.10789138956159948
0,0.9779059490589324,0.0015399159195151981,0.020554135021552376
1,0.06983833356056414,0.7282606292979198,0.2019010371415161
0,0.9297780614417755,0.003114222429448442,0.06710771612877593
2,0.5178352515324287,0.05295655937821169,0.4292081890893596
0,0.4473067695752229,0.03402478542782691,0.5186684449969501
0,0.9543179712849553,0.00919358802802126,0.036488440687023255
2,0.17931667213738953,0.19593338985491987,0.6247499380076907
0,0.45030020987051333,0.11802733674344279,0.43167245338604393
0,0.6387812486250745,0.10275198314898615,0.2584667682259393
0,0.648075427259624,0.02637479815974598,0.32554977458063006
2,0.7098811403627645,0.08182790552354008,0.2082909541136955
2,0.052153406043516704,0.0026457719327752116,0.945200822023708
0,0.895031866294299,0.048964037125354666,0.056004096580346226
2,0.09533913357133018,0.005372940236148624,0.8992879261925212
0,0.8757211668976354,0.00948565174975165,0.11479318135261306
2,0.31349745541075946,0.2137377937586137,0.4727647508306269
0,0.8361840011892522,0.017275145777703962,0.14654085303304396
0,0.789160635145234,0.0420560797237574,0.16878328513100846
2,0.8820208496908009,0.006264014911242695,0.11171513539795654
0,0.6632811122328387,0.07848558591987417,0.25823330184728716
2,0.6445249815308872,0.011990927489803212,0.34348409097930965
0,0.9730035485133107,0.0011479567993161251,0.02584849468737333
2,0.9577300212930153,0.0018680469927102865,0.0404019317142742
0,0.8673280375991439,0.02504955705371138,0.10762240534714465
0,0.9446162056104729,0.00532373234686108,0.05006006204266605
0,0.592063081033467,0.09869812420497377,0.3092387947615592
0,0.8967495790152162,0.006511457320117762,0.09673896366466611
2,0.07873287979199654,0.026749996718063475,0.89451712348994
0,0.700809421599992,0.04181625789712541,0.2573743205028825
0,0.8994322942224062,0.002614560533263677,0.09795314524433027
2,0.017144308969384472,0.0015822040698432807,0.9812734869607722
0,0.9657919290092035,0.010533260412183765,0.023674810578612607
0,0.9651807045461901,0.007886705295112081,0.026932590158698075
0,0.9340747308179076,0.009617901471024145,0.05630736771106825
2,0.07695667394415749,0.00840747860015253,0.91463584745569
2,0.002632426738592178,0.0006376812164128624,0.996729892044995
2,0.14035015717934635,0.010352706449486725,0.8492971363711669
2,0.1074390646051357,0.0280291243082216,0.8645318110866427
2,0.262451697343547,0.007795875540921391,0.7297524271155317
2,0.3946731907573386,0.016476466543421147,0.5888503426992402
0,0.9177338762719274,0.00792914262071829,0.07433698110735434
0,0.9820407629657417,0.0033413722787257083,0.014617864755532638
0,0.937574769096504,0.0037030827039520754,0.058722148199543946
1,0.24141102570932668,0.6371092223696652,0.12147975192100811
1,0.7635116340748285,0.024998087374822515,0.2114902785503491
0,0.8812942484924696,0.007042807647981794,0.1116629438595485
2,0.05801805468809518,0.05832468192075956,0.8836572633911453
2,0.5107423743376163,0.007057336520577159,0.48220028914180657
0,0.7237571627257399,0.08541764559759428,0.19082519167666592
0,0.9730832819584292,0.0016742607595364983,0.02524245728203427
0,0.9603583642235215,0.003089775445933605,0.03655186033054491
2,0.04191188278078405,0.006421986968610885,0.9516661302506051
0,0.38820251746953727,0.008514216819616617,0.603283265710846
0,0.8233731458705111,0.015905321305983662,0.16072153282350518
0,0.897699413381254,0.011989167053705323,0.0903114195650407
2,0.5219241517457305,0.008458411656050692,0.4696174365982189
0,0.9527418613584006,0.010804360681179487,0.036453777960419834
0,0.9500639042670511,0.008414324121343355,0.04152177161160557
0,0.6640052166705361,0.17633578773415956,0.1596589955953043
0,0.9295873504970419,0.0030568464954453547,0.06735580300751295
0,0.79844939280015,0.0020711183509387106,0.19947948884891123
2,0.620239431276125,0.04258006564116753,0.33718050308270753
0,0.9693671966110999,0.0018505446487166652,0.0287822587401836
0,0.9139549075278914,0.015440910813740622,0.07060418165836799
0,0.9543476651611064,0.004574658095888907,0.04107767674300473
2,0.680095877990933,0.028490789772797537,0.2914133322362696
0,0.6455104538046202,0.004753806456688951,0.34973573973869065
0,0.7134890247519464,0.027170629157610017,0.2593403460904436
2,0.03890446907555211,0.004962050567542382,0.9561334803569056
0,0.8049728363652778,0.018315207984363792,0.17671195565035838
2,0.15871840062922254,0.08736506671965172,0.7539165326511257
2,0.5448785207586158,0.05312264876072037,0.40199883048066387
0,0.9435860557542781,0.006023448232160725,0.05039049601356116
0,0.9112067731998972,0.008226975401953362,0.08056625139814928
0,0.8140640805327631,0.016695564454582406,0.16924035501265444
2,0.3848713190585014,0.07232313082352261,0.5428055501179759
0,0.8270305415085217,0.08781122169189386,0.08515823679958451
2,0.9424425182309152,0.009355415705882547,0.04820206606320234
2,0.20711946906051407,0.011569353952280613,0.7813111769872053
0,0.9796799195346352,0.00045717050676848434,0.01986290995859629
0,0.8956270113962831,0.004305438557722896,0.10006755004599387
2,0.06408690561631865,0.048881812507373675,0.8870312818763076
0,0.6152205581755182,0.05858341286522381,0.326196028959258
0,0.6630552441224163,0.016615900733662096,0.32032885514392145
0,0.6453070687783112,0.027802187757446306,0.3268907434642424
0,0.8963055547473617,0.028854260778425248,0.07484018447421303
0,0.82991143908033,0.006835438262644173,0.1632531226570258
2,0.036670031187608206,0.025823460798266352,0.9375065080141255
0,0.9496948647970884,0.0022009010619681245,0.04810423414094356
0,0.8795006953104734,0.02499346860145734,0.09550583608806935
1,0.31438689971810835,0.022370385514903817,0.6632427147669878
0,0.6355437555422315,0.008952308326583423,0.3555039361311851
2,0.3325264278716701,0.010527484161409244,0.6569460879669207
2,0.14126447453740656,0.04712344329496643,0.8116120821676269
0,0.9136298130526397,0.013214390000532606,0.07315579694682792
0,0.9602952655829509,0.0019815055535454826,0.03772322886350357
2,0.022881758483163917,0.002869241400707609,0.9742490001161286
0,0.9055340607001336,0.006580979201141252,0.08788496009872504
2,0.044726847920342566,0.006142629837744277,0.9491305222419131
0,0.9738571194325008,0.0008873562649603773,0.025255524302538707
0,0.8944237528781706,0.022471838931684734,0.08310440819014468
0,0.8255128566122535,0.015690509311700126,0.15879663407604627
0,0.9792503206820262,0.0033010358755816795,0.017448643442392137
2,0.35641489749472677,0.006506153715467748,0.6370789487898054
0,0.9552914445139802,0.0007416596891196675,0.0439668957969001
0,0.9687889659054695,0.0060574388755117985,0.02515359521901873
0,0.8289010624443276,0.007628812246919815,0.16347012530875255
0,0.8497627945160604,0.013990887401979643,0.1362463180819599
2,0.5925035057388706,0.025898145083031506,0.38159834917809793
0,0.8232498480862444,0.030180915683792515,0.146569236229963
0,0.3870379943574935,0.035859787753132304,0.5771022178893742
0,0.7524315580106419,0.03547517022549299,0.21209327176386514
0,0.8639365248854552,0.012831750678523808,0.12323172443602093
2,0.13998500087804996,0.026052398682840594,0.8339626004391094
2,0.1327316349728856,0.027173019388313045,0.8400953456388014
0,0.556246188753721,0.01913598096957636,0.42461783027670275
0,0.9411119110268292,0.011651339871771187,0.047236749101399675
2,0.37803577284997747,0.26602456446455985,0.35593966268546273
0,0.8780519458610628,0.04549759216801234,0.07645046197092487
0,0.9443838550288264,0.007505255952318994,0.04811088901885454
0,0.9312431820230436,0.0065963137279065566,0.06216050424904988
0,0.9771990484707237,0.0014262222074467774,0.02137472932182941
0,0.9799647399193792,0.0027957639322744024,0.017239496148346363
0,0.34355478999728645,0.014251212364568253,0.6421939976381454
2,0.04312257679747711,0.011756081703390717,0.9451213414991322
0,0.7890522255769458,0.007888798358340129,0.2030589760647141
0,0.8609037585726131,0.030024542838046873,0.1090716985893401
2,0.26531511509341804,0.017073443623740046,0.7176114412828418
2,0.5276098817270061,0.01783305781789733,0.45455706045509653
2,0.29171568026596967,0.1265131294438131,0.5817711902902172
0,0.39515555276448927,0.011168523098692856,0.5936759241368179
0,0.8194793642392042,0.0353466759795655,0.14517395978123035
0,0.948875895333519,0.013377937005588304,0.03774616766089274
0,0.8179983399028741,0.009594706544104886,0.17240695355302108
2,0.8626754192558025,0.015500116145616936,0.12182446459858054
0,0.9661393208512931,0.0052575573052217614,0.028603121843485138
2,0.08921076051528172,0.02679401534430608,0.8839952241404122
0,0.929476358541216,0.008352638540343816,0.062171002918440244
0,0.9292453000765295,0.00902176832551628,0.06173293159795411
0,0.36572288062267827,0.025750427531296693,0.6085266918460251
0,0.8394768397810166,0.015379102474479297,0.14514405774450406
2,0.8191273476953082,0.03348033204860588,0.14739232025608595
0,0.7946346298350544,0.07057998623198307,0.1347853839329625
0,0.830350995294579,0.003816551056408981,0.16583245364901197
0,0.6023437170125132,0.03385445109725637,0.3638018318902304
2,0.8594408063951526,0.0011895549673671853,0.1393696386374804
0,0.8999965146406986,0.0018133792995710962,0.09819010605973026
0,0.5251959302051047,0.10880417197049207,0.36599989782440323
1,0.10059401581605795,0.16138531671278622,0.7380206674711558
0,0.9518728293565459,0.007748098885712001,0.04037907175774206
0,0.9593670142976026,0.010282143433903377,0.030350842268494056
0,0.9377724344445169,0.005164335296088036,0.05706323025939514
0,0.9047756538550676,0.004775880280767167,0.09044846586416527
0,0.9504276389212802,0.004655417516782869,0.044916943561936845
0,0.9591454526577998,0.0025923937385139415,0.03826215360368635
2,0.1054532760209082,0.007226697145941174,0.8873200268331506
2,0.2760908671534289,0.04665729546957495,0.6772518373769961
0,0.9442870024328974,0.008712748139430931,0.0470002494276716
2,0.5490060877639403,0.023501351747445484,0.42749256048861417
2,0.1739180131324934,0.0798474659805679,0.7462345208869388
0,0.8212994570483924,0.0017000965856633406,0.1770004463659442
0,0.9495178507498033,0.009269804987582536,0.0412123442626142
2,0.2576929387596156,0.019797847576569286,0.7225092136638152
0,0.6171830555026951,0.01206720529027419,0.37074973920703075
2,0.13693252725962327,0.023692515612439582,0.8393749571279372
0,0.777201278317437,0.018066347764449587,0.20473237391811341
2,0.1926839349793198,0.03006464941758099,0.7772514156030992
2,0.0298979794604214,0.0045592924422861595,0.9655427280972925
2,0.011588214201166899,0.0014386068246018855,0.9869731789742313
2,0.025864393415423896,0.0035772844612224925,0.9705583221233536
0,0.9643906058859416,0.005620379286788312,0.029989014827270243
0,0.8723325399124366,0.00712492313718968,0.12054253695037365
1,0.3076769748602429,0.03520185013477296,0.6571211750049841
2,0.07410603879113185,0.04546335000033124,0.8804306112085369
0,0.9478359689964324,0.008918762204714784,0.04324526879885288
2,0.33002138169824763,0.0835827354268095,0.5863958828749429
0,0.14215712582080656,0.012941136449435968,0.8449017377297574
0,0.7858650613261268,0.017909541210971127,0.19622539746290216
0,0.8487157199302522,0.01850821144505245,0.13277606862469543
0,0.9663307618304157,0.0018387098965506582,0.03183052827303361
0,0.9601369760307689,0.0006704054346253771,0.03919261853460571
0,0.22204065198191977,0.008814546503707246,0.769144801514373
2,0.2488282210233811,0.07204435840081827,0.6791274205758007
0,0.9546476231249829,0.005098950304725947,0.04025342657029118
2,0.8648135719924751,0.03455487238822067,0.10063155561930413
2,0.03241358068645,0.018761752828023722,0.9488246664855262
0,0.9797893061973368,0.0035708870434044216,0.016639806759258878
0,0.9420793805114038,0.0065055631799952225,0.051415056308601007
0,0.9517445893468118,0.007107219085911078,0.04114819156727708
0,0.9548400132483108,0.010060652154255246,0.03509933459743393
0,0.9782860260786577,0.0016185165530851402,0.020095457368257026
0,0.9357754025993952,0.026930829030520954,0.03729376837008378
0,0.9301055742059277,0.022078689636873067,0.04781573615719947
0,0.9762792890060481,0.0018413920454317975,0.021879318948519966
2,0.15044481345354221,0.05914482488155238,0.7904103616649054
0,0.6455196359767494,0.14997655830915,0.20450380571410065
2,0.03032118732936928,0.019699767743918805,0.9499790449267119
0,0.9209023321168777,0.004158423133738535,0.07493924474938385
2,0.19684272500469685,0.05052763353111823,0.7526296414641849
0,0.46062912682692375,0.526835949032705,0.012534924140371214
2,0.014706789565983052,0.0027937662742038806,0.982499444159813
2,0.5498459727453955,0.12613145179950935,0.3240225754550951
0,0.955085595968689,0.007453509174603858,0.0374608948567071
2,0.0655337757046898,0.014880630662582087,0.9195855936327282
0,0.9488278223800919,0.005287075475094455,0.0458851021448137
0,0.9538444348032804,0.004089128105821285,0.04206643709089826
0,0.885257644617854,0.0031493431375902636,0.11159301224455566
2,0.6630947577483686,0.10565073375450162,0.23125450849712986
0,0.9533075914872922,0.015108166627691889,0.031584241885015976
0,0.4420694724708315,0.012445952335184704,0.5454845751939839
2,0.11213361448474436,0.08688112392642997,0.8009852615888257
2,0.052863646141957515,0.24053425221322675,0.7066021016448158
2,0.12834563832110685,0.009524527988405597,0.8621298336904875
2,0.034660025102987504,0.0026795839342512295,0.9626603909627612
2,0.030734694982822018,0.003585471412338571,0.9656798336048394
0,0.9418745778532245,0.00524798771673284,0.05287743443004274
2,0.008637990901429447,0.0023372379707463607,0.9890247711278243
2,0.5934278640717778,0.07781142713214442,0.3287607087960778
2,0.010072039722617838,0.0023837690453640753,0.9875441912320181
2,0.020506881052132817,0.003839010478737878,0.9756541084691294
0,0.9180911420944005,0.03007704168566511,0.05183181621993451
2,0.8137225546006329,0.00819689867845703,0.17808054672091003
0,0.9341507918917636,0.021012015180638645,0.04483719292759776
0,0.9250997122211096,0.011466544158808689,0.06343374362008176
0,0.9343772023290201,0.005281637659901599,0.060341160011078164
0,0.5258976679720522,0.10283964939567007,0.37126268263227774
0,0.6219462251383201,0.0406438599977488,0.3374099148639312
0,0.9769725933870343,0.005069482707470473,0.017957923905495065
2,0.0672844571038301,0.05184725343573859,0.8808682894604313
2,0.28288796746678535,0.016836059479976906,0.7002759730532377
2,0.7140512038410117,0.02243200426951042,0.26351679188947763
2,0.0977410366024701,0.02798818447250776,0.874270778925022
2,0.01670509802169036,0.0029579015194160082,0.9803370004588937
0,0.9752646722623407,0.0012801692304914509,0.023455158507167794
2,0.0867512655514849,0.07810552846974689,0.8351432059787681
2,0.008270835725843062,0.006274490724299872,0.985454673549857
0,0.9361869464065375,0.007223211937683354,0.05658984165577909
0,0.9366859806280288,0.013310481750467822,0.050003537621503544
0,0.9128239704932497,0.009500129268059189,0.07767590023869107
2,0.018970657547755013,0.005032127690504537,0.9759972147617404
2,0.05195816999082401,0.010324503668429207,0.9377173263407469
1,0.5899465951401311,0.31571769512273556,0.0943357097371332
0,0.06621631213323077,0.004989883226184199,0.9287938046405849
0,0.8318863148971656,0.00483696608404103,0.16327671901879326
2,0.5769753446074318,0.05022506806780688,0.3727995873247612
0,0.9345766862809726,0.018660559093292013,0.046762754625735384
0,0.526922932170431,0.0951226298090934,0.37795443802047557
0,0.8858741378237975,0.0021024005569534442,0.11202346161924899
0,0.6507643766314463,0.05439073009050512,0.2948448932780487
2,0.02683496937022921,0.012271475875875909,0.9608935547538949
2,0.004129773478492085,0.0026685435389414234,0.9932016829825664
2,0.08402442310767937,0.022323398760169307,0.8936521781321513
2,0.901384764328017,0.0024296168224614226,0.09618561884952147
0,0.6699182543063089,0.028672759709944196,0.3014089859837469
0,0.527192120996007,0.07521714970137679,0.39759072930261613
2,0.3550236423548393,0.008147343514033694,0.6368290141311269
0,0.9568905917622134,0.008146014381737501,0.034963393856049026
2,0.8654080116482599,0.01189138886576439,0.1227005994859757
0,0.9191483118375399,0.005331763320883272,0.07551992484157678
0,0.8890843331411967,0.02142311298653761,0.08949255387226569
2,0.5928359831666326,0.04844614539827303,0.35871787143509437
2,0.5658771305114344,0.022048014611155527,0.41207485487741
0,0.9504218419971,0.010705566335658051,0.03887259166724201
0,0.5006038849086382,0.020426783625742524,0.4789693314656192
2,0.22276625512384118,0.036778274282169815,0.740455470593989
1,0.49867186006616127,0.020650803630891116,0.4806773363029477
0,0.7669116337381369,0.028094002701587004,0.2049943635602761
2,0.02517728613267124,0.036235294302062675,0.938587419565266
0,0.934008091112022,0.008148709546464527,0.057843199341513475
0,0.07603993574473823,0.0707581690049001,0.8532018952503617
0,0.9501621849573264,0.0031904133603006266,0.046647401682372906
2,0.028761073026020573,0.005979124535052738,0.9652598024389267
1,0.4498467935441748,0.07694035210599029,0.47321285434983484
0,0.9628318949342524,0.001136879098890146,0.03603122596685762
2,0.21965063814110747,0.007157065894743238,0.7731922959641493
0,0.9279937841307466,0.0007856390442147924,0.07122057682503861
0,0.9318970000461692,0.003835200705575427,0.06426779924825525
0,0.7041188508205272,0.018189228232057816,0.27769192094741507
1,0.707418683334723,0.11579387363244098,0.1767874430328361
2,0.009748882197821355,0.005080486986761286,0.9851706308154173
2,0.2578342785645628,0.056878117255515,0.6852876041799222
2,0.24994684674631218,0.03512629000828644,0.7149268632454013
2,0.08615393397294271,0.0026863459684287995,0.9111597200586286
2,0.1653053468458444,0.09974000040702004,0.7349546527471357
0,0.8940799179470477,0.008501921946859958,0.09741816010609232
2,0.6249197260108992,0.01750739991148877,0.3575728740776122
0,0.7127440758077175,0.010472392469123681,0.27678353172315867
1,0.4205129085777314,0.0458498325715377,0.5336372588507309
2,0.0507856084358982,0.011896581553498603,0.9373178100106031
0,0.8815801315568379,0.020371845839702387,0.09804802260345977
2,0.07472326770699939,0.003645423728778943,0.9216313085642216
0,0.8881708377467376,0.008381199844243691,0.1034479624090187
0,0.791991123816231,0.011820714593786261,0.19618816158998276
0,0.9485178059361378,0.005411189604291065,0.046071004459571206
2,0.0415975567185888,0.013195048274091833,0.9452073950073193
0,0.9557229532927831,0.002021537009407455,0.04225550969780951
2,0.14392359780952363,0.022409401711010787,0.8336670004794655
0,0.7800100978068502,0.004652309122364095,0.2153375930707857
0,0.9742905183096073,0.00485121337893047,0.0208582683114623
2,0.19578318543050344,0.061123962560123965,0.7430928520093726
2,0.029649573956404683,0.0080044815743132,0.9623459444692821
0,0.8682671948530267,0.020448313593539366,0.11128449155343384
0,0.9536682300498212,0.009261684764306638,0.037070085185872126
0,0.9714670336517525,0.0056016674793403064,0.022931298868907116
0,0.9037422849809488,0.0015812062606631026,0.09467650875838801
2,0.9582931780721335,0.001182594297879302,0.040524227629987065
0,0.9678537037513116,0.015407756181959626,0.0167385400667286
0,0.7534707336984039,0.05904863478438999,0.1874806315172061
0,0.6511410225933659,0.13788329659753862,0.21097568080909535
0,0.8348312134691137,0.015522046844471844,0.14964673968641423
1,0.5063091228423643,0.2696479093525883,0.22404296780504737
0,0.9662701825905564,0.007056961815228443,0.02667285559421507
0,0.287224506072095,0.029530619559907923,0.6832448743679971
0,0.20421419053794745,0.012289205876816667,0.7834966035852359
0,0.9389757359810603,0.009237952317907727,0.05178631170103189
0,0.2641633172801883,0.008072727065987063,0.7277639556538247
0,0.9014579984960165,0.025994007518012164,0.07254799398597145
2,0.5555010511576035,0.0604049245696394,0.3840940242727571
2,0.04382464834333747,0.01582649276001405,0.9403488588966485
2,0.9387117722070136,0.01411948566084177,0.04716874213214463
2,0.10559645080776243,0.007223764268283397,0.8871797849239541
2,0.9125677891165743,0.007767508562977679,0.079664702320448
0,0.9833807689542827,0.0033765801982899,0.01324265084742726
2,0.2529992225501675,0.3189212380341896,0.428079539415643
0,0.6555574890486455,0.13362623552991051,0.21081627542144402
0,0.9590820834630871,0.0017759410137327706,0.03914197552318003
0,0.9523714696430022,0.009336810234469887,0.03829172012252783
0,0.9323783236112153,0.005892869374998029,0.0617288070137865
2,0.03221217666686752,0.015968487647660477,0.9518193356854721
2,0.9110243961413872,0.02104153035270203,0.06793407350591082
0,0.9727679537155643,0.0026444419141566926,0.024587604370278758
1,0.38589646334243505,0.5625761162992973,0.05152742035826765
0,0.9616857753833215,0.002315225647161052,0.035998998969517526
0,0.6818190756538056,0.041234834514617486,0.2769460898315769
0,0.9510513360427507,0.005294297096191258,0.043654366861057926
2,0.03860170126495923,0.005982029946599631,0.9554162687884411
0,0.9149706853093439,0.00917452398066989,0.07585479070998626
2,0.07808068163866369,0.020542307437251956,0.9013770109240844
2,0.6994997628059852,0.008931052180287254,0.29156918501372747
2,0.0783256520722402,0.03750514705321006,0.8841692008745499
0,0.11054592733003021,0.013890649130021554,0.8755634235399482
2,0.007291059072785449,0.0022230037796817435,0.9904859371475327
2,0.5261859815693994,0.03349853194307629,0.4403154864875243
0,0.9014591184620553,0.017392563479030662,0.08114831805891402
0,0.5178886644840472,0.010814037733320655,0.4712972977826321
0,0.9491760738951118,0.006202762768130818,0.044621163336757266
0,0.050392848749084694,0.0037174654246650727,0.9458896858262502
0,0.9506576506080086,0.0028082165162274814,0.04653413287576391
0,0.23206419437508188,0.019875566388291726,0.7480602392366263
1,0.1761494768282714,0.09538822507157799,0.7284622981001505
0,0.7392154438758295,0.00769095055813386,0.25309360556603655
0,0.9111388341250332,0.007033061566886777,0.08182810430807991
2,0.2501016004306886,0.015196079823197173,0.7347023197461142
0,0.46223173105850274,0.024322746963563548,0.5134455219779337
0,0.9258844241521828,0.006444422721883812,0.06767115312593346
0,0.9553095132957087,0.013256010000230072,0.03143447670406126
2,0.9514563413858353,0.006063492760673714,0.04248016585349101
0,0.9799777961238524,0.0019347877108337572,0.018087416165313848
2,0.12385479482370175,0.01725716137619926,0.858888043800099
2,0.5938913851549185,0.05805951851778705,0.3480490963272945
2,0.038543000123796536,0.10974625557282774,0.8517107443033758
2,0.014637617368143983,0.007000399474594626,0.9783619831572614
0,0.848542059217097,0.09051953135784399,0.06093840942505892
0,0.8302295193979079,0.005462100901741985,0.16430837970035
2,0.009553822310169486,0.002053725546325407,0.9883924521435052
2,0.32328228748121474,0.08238209681391188,0.5943356157048734
0,0.947488760967321,0.00521029449235568,0.047300944540323346
0,0.965890005288467,0.0009272973106336697,0.03318269740089931
0,0.7548565713961665,0.023387446525810877,0.22175598207802272
0,0.3903054173514957,0.12849813073330213,0.4811964519152023
0,0.6138257473965648,0.04620357659414432,0.3399706760092908
0,0.8284083989822294,0.006150600635125782,0.16544100038264467
0,0.9851350866886658,0.0039399662502301236,0.010924947061104027
0,0.8720970440600914,0.002033533375059563,0.1258694225648491
1,0.4729905188161739,0.38233106911115233,0.14467841207267376
0,0.36359794026857517,0.07673743019679086,0.5596646295346339
0,0.9232790126824424,0.012529070117298929,0.06419191720025874
0,0.8597438014285564,0.023916116412961513,0.11634008215848211
2,0.0077358448269059755,0.008229345203022018,0.984034809970072
2,0.8534121607277543,0.030064188685208815,0.1165236505870371
0,0.4853454522005724,0.008871197180467971,0.5057833506189595
0,0.9639253910139607,0.006193058184733095,0.02988155080130635
2,0.15667277342761496,0.02175439475447781,0.8215728318179072
0,0.9267984453230975,0.0032880921922572273,0.06991346248464536
2,0.00603863741140066,0.0012272724855147635,0.9927340901030844
0,0.90428102140606,0.0037321360157288714,0.0919868425782112
2,0.9538435140644472,0.0035206050424287766,0.04263588089312396
0,0.7075749782192134,0.09382345300116078,0.19860156877962584
0,0.5575967942186408,0.018573894431148215,0.423829311350211
2,0.01038708595532761,0.0018139017223907374,0.9877990123222817
