target,prediction_0,prediction_1,prediction_2
2,0.0910388241874602,0.11107735194806749,0.7978838238644722
0,0.9546899951206849,0.01279859124719387,0.03251141363212124
0,0.9407716255319835,0.00804123253140227,0.05118714193661425
2,0.09988424510648448,0.04339854621426045,0.856717208679255
0,0.9402167827112629,0.009884105535582437,0.049899111753154694
0,0.8967001235439204,0.016422758366200038,0.08687711808987966
0,0.9071959014401733,0.011302161262888369,0.0815019372969385
2,0.053914136803553586,0.020365975444352407,0.925719887752094
0,0.9562606214997567,0.005511997803211728,0.03822738069703164
1,0.5301063362970092,0.002136752231191999,0.4677569114717988
2,0.013336415368080286,0.011429654624938751,0.975233930006981
0,0.7213522967268705,0.023147888287779913,0.25549981498534957
0,0.958530780726129,0.01190192105392386,0.029567298219947174
0,0.9397711376136414,0.016868372520998248,0.043360489865360265
0,0.9329562364290059,0.010537106521981447,0.05650665704901275
2,0.23460866371669004,0.20369787889116361,0.5616934573921463
0,0.9258154758023798,0.01669008114821801,0.05749444304940219
2,0.6880170123087779,0.09196308420321364,0.2200199034880085
0,0.9318709787395931,0.010795606338132747,0.057333414922274
2,0.18224970438186458,0.04428118834895677,0.7734691072691786
0,0.9614921915198381,0.01074870873873462,0.027759099741427307
1,0.6244994868886236,0.07416114149770421,0.3013393716136722
2,0.09977911625717403,0.021559834740356703,0.8786610490024692
0,0.9828313453191865,0.006368150974767116,0.010800503706046318
0,0.6562042478140163,0.056635272172038724,0.287160480013945
0,0.980399161410734,0.004181591748880359,0.015419246840385804
0,0.9465827151053128,0.00747074767305132,0.04594653722163594
0,0.9847067131686057,0.0028798960223231146,0.012413390809071206
0,0.4131049079156549,0.04248381723200309,0.544411274852342
0,0.9678721417615426,0.00813910777056798,0.023988750467889574
2,0.10036006871994323,0.026934609946098538,0.8727053213339583
2,0.1773154899679763,0.1542659459223236,0.6684185641097001
0,0.18743068730541504,0.2818586718047818,0.5307106408898031
2,0.46725144023211507,0.05081659735565582,0.4819319624122291
0,0.7896410156430694,0.035739883824051244,0.1746191005328793
2,0.06573724464543407,0.025845644735806996,0.9084171106187588
2,0.15665583892635648,0.0038128106126118686,0.8395313504610317
0,0.9327318039083141,0.022967732185525967,0.04430046390615987
0,0.28349379373167644,0.21103607770443025,0.5054701285638933
0,0.7572858617828103,0.048904140933942235,0.19380999728324752
0,0.8908703186653021,0.016404362011846026,0.09272531932285188
2,0.13058081864594628,0.5530593285398119,0.31635985281424184
0,0.8723032899463486,0.009763414714298544,0.11793329533935276
0,0.956780627410532,0.004849602721994399,0.038369769867473494
0,0.8580929163473274,0.014101061236584963,0.12780602241608763
0,0.7779567519307871,0.046094386634372445,0.17594886143484068
0,0.9393932906308191,0.006870760242111217,0.05373594912706985
2,0.7457568537312719,0.020035290137347735,0.23420785613138037
0,0.8692395585173953,0.005213883218952903,0.1255465582636517
2,0.38079853331877817,0.11442505880057426,0.5047764078806475
0,0.9339491729310853,0.015419090421658416,0.05063173664725621
0,0.9512111816107903,0.006509742195541332,0.04227907619366844
2,0.13186688859741838,0.03612848161667767,0.832004629785904
2,0.28879353748941955,0.050756671194485334,0.6604497913160952
2,0.18064941396410278,0.1286922399258026,0.6906583461100946
0,0.8855858044096099,0.024080644599309135,0.09033355099108102
0,0.8830343095110358,0.04334029458985345,0.07362539589911074
0,0.7245755464258365,0.05099506299883356,0.22442939057532993
0,0.94672714634194,0.007440112429082837,0.045832741228977174
0,0.6597851726396514,0.12582011295681406,0.21439471440353453
1,0.9115545710517037,0.027541590206857286,0.06090383874143891
2,0.8596871205505097,0.02021481343838966,0.12009806601110079
0,0.9551480093050692,0.01325276113399793,0.031599229560933036
2,0.539338530941283,0.0004500604235350897,0.46021140863518184
2,0.01726828006126209,0.012394608683850951,0.970337111254887
2,0.002601963969379503,0.0016264827927327467,0.9957715532378877
1,0.9235912027989015,0.005540398771406743,0.07086839842969157
2,0.34651275217738786,0.049785199533712424,0.6037020482888996
2,0.1411540837234676,0.06803275220022079,0.7908131640763116
0,0.9343288752036534,0.010213061750510968,0.05545806304583557
0,0.9536903941517003,0.005490733139411466,0.04081887270888821
0,0.8904533420593844,0.01784319204906033,0.09170346589155512
0,0.9437023942236415,0.007434074976880736,0.04886353079947759
0,0.959746696861067,0.010957261078135029,0.029296042060797958
2,0.026829361204727665,0.009512395721098988,0.9636582430741734
2,0.02863281454422568,0.009889476924935435,0.9614777085308389
0,0.9841264300997252,0.004118573955106169,0.011754995945168656
0,0.6713130550458529,0.04753605411281299,0.28115089084133404
0,0.9667906660986596,0.009550665094317666,0.023658668807022627
0,0.7944801206843692,0.013648856160002857,0.191871023155628
0,0.7995003302261992,0.09683864646386103,0.10366102330993984
2,0.811840595106009,0.021425007907361602,0.16673439698662942
1,0.7092579027087896,0.007382055085249513,0.28336004220596095
0,0.8566843046464783,0.030128570046183644,0.11318712530733811
0,0.7748605636239259,0.034509695073905944,0.19062974130216817
2,0.6260536348206015,0.04258068525560994,0.3313656799237886
0,0.9823522633853545,0.0036020906405414424,0.01404564597410418
2,0.020219713848208434,0.006807412350990738,0.9729728738008008
0,0.945203033800917,0.007765446393302899,0.04703151980578009
0,0.913989365983993,0.019717217134483087,0.06629341688152392
0,0.867348415147464,0.007427031354389508,0.12522455349814665
0,0.7563821828971601,0.040205271264093435,0.20341254583874646
0,0.9308738931778796,0.03194148426460952,0.03718462255751084
0,0.8710818756701508,0.011700331222055634,0.11721779310779344
0,0.969585243952374,0.0029715012241945844,0.02744325482343139
0,0.9637818249819178,0.00953464879744117,0.026683526220641005
0,0.9808871161914877,0.002472812680144156,0.01664007112836832
2,0.04451954697979654,0.019698276112710893,0.9357821769074925
0,0.9436422939924078,0.008103255709374075,0.04825445029821797
0,0.40791600010234197,0.031747827412888334,0.5603361724847697
2,0.05245436421512144,0.035098229355415705,0.9124474064294628
2,0.00034025257185660925,3.4093044375621843e-05,0.9996256543837678
2,0.0017027774042241543,0.012152080897274447,0.9861451416985015
2,0.017423768437002097,0.05921055167667793,0.92336567988632
0,0.9852525090956958,0.0027397808730227472,0.012007710031281479
0,0.993085096783343,0.00213752037238495,0.004777382844272104
0,0.9531303857357434,0.009601274707198055,0.0372683395570584
2,0.434558892733107,0.10070732100508456,0.4647337862618085
0,0.4783626679988368,0.04065605359830601,0.4809812784028572
2,0.11772422351826828,0.2042429386104761,0.6780328378712557
0,0.9747967002940954,0.0056871534434009465,0.019516146262503618
2,0.06753553576675168,0.029918122003960528,0.9025463422292878
0,0.9330314485934945,0.015714451645130263,0.05125409976137529
2,0.043865493228277194,0.0027751117362624232,0.9533593950354603
0,0.9589793749830425,0.007978721720081591,0.033041903296875966
0,0.6062294950589096,0.019831019401008808,0.3739394855400816
0,0.9572994816652366,0.004358405710946911,0.03834211262381645
0,0.9450499420510405,0.007798374630968054,0.04715168331799146
0,0.8461563209723402,0.016495994960297796,0.13734768406736203
2,0.5572152525609727,0.02552846494969585,0.4172562824893314
0,0.929215506194949,0.011436554818405291,0.059347938986645664
0,0.9730486571748374,0.006447846610853182,0.020503496214309597
0,0.737871412705101,0.1449121240581997,0.11721646323669917
0,0.8684083793773907,0.012176899339016944,0.11941472128359236
0,0.5022753066580379,0.029390001561068937,0.46833469178089315
0,0.7396537419918588,0.03866349819761091,0.22168275981053026
0,0.8338860540911539,0.01914499431692961,0.14696895159191653
0,0.9554272187756374,0.012526305706530521,0.032046475517832025
2,0.1751930403476257,0.01347043876021108,0.8113365208921633
0,0.9264950421364193,0.024035274439511322,0.04946968342406933
2,0.1076694713339787,0.1178488228252103,0.774481705840811
0,0.9084639430994322,0.014759691564287995,0.07677636533627977
2,0.008342496061040835,0.01567649995281996,0.9759810039861392
0,0.9295046202603873,0.010246093722774333,0.060249286016838495
2,0.7516914115723974,0.03300688163486734,0.21530170679273525
2,0.3947492999138441,0.0502634973133265,0.5549872027728294
0,0.8023166327892958,0.02390302795048326,0.17378033926022105
0,0.9599386540200172,0.004099593725242282,0.03596175225474051
0,0.9322506667905028,0.00940021888128842,0.0583491143282085
2,0.5970917440865403,0.03523832456366922,0.3676699313497904
0,0.6599030698087757,0.07404403567470366,0.2660528945165207
0,0.36124055936841615,0.18598900870781693,0.45277043192376687
0,0.9246494694248603,0.037138061111462214,0.038212469463677644
0,0.7518727500747386,0.07582432505277217,0.1723029248724892
0,0.8834344867316112,0.012783383486516236,0.10378212978187275
0,0.9752770443260755,0.007269444738847841,0.0174535109350764
2,0.038920567037335714,0.009866307121282709,0.9512131258413816
0,0.934872913377657,0.008550059297614333,0.056577027324728676
0,0.8201080415792367,0.022344255546974473,0.15754770287378891
2,0.2011392360041587,0.2020743153468114,0.5967864486490299
0,0.9478174542383438,0.006583844065451904,0.045598701696204294
2,0.7285884356181279,0.04669087939901415,0.224720684982858
0,0.9742986269009932,0.01044670730786582,0.015254665791141155
0,0.8367537279562824,0.01850897203562542,0.14473730000809226
0,0.3629419686708435,0.008965415213332347,0.6280926161158242
0,0.8775137257874094,0.02289330172525932,0.09959297248733137
2,0.10200862058410566,0.13137830242745926,0.7666130769884351
2,0.02667260025764983,0.0070929846542751715,0.966234415088075
2,0.8216358886715028,0.03091681374912406,0.147447297579373
0,0.9691334404881626,0.007718949406952624,0.023147610104884645
0,0.01442552635510248,0.021814295645907967,0.9637601779989895
0,0.985775240372323,0.004445977460778887,0.009778782166898049
2,0.9110347534026274,0.016128833429050415,0.07283641316832214
2,0.8168461384000566,0.03473517424534055,0.1484186873546028
0,0.8758271358115328,0.000792532212507679,0.12338033197595955
2,0.5014920322614485,0.06752720502772652,0.4309807627108251
0,0.9605351750330862,0.010675886151776491,0.02878893881513734
2,0.0006080946475409364,0.00028768225296206204,0.999104223099497
2,0.895923288318309,0.019360023433347834,0.08471668824834304
0,0.8409253780655941,0.01760216019805621,0.14147246173634961
0,0.6689776135792083,0.1283809563358534,0.2026414300849384
1,0.37668698170450904,0.06557355821864952,0.5577394600768415
2,0.24019671187227976,0.043742910289368574,0.7160603778383516
0,0.8763012808472966,0.01602251004674834,0.1076762091059551
2,0.08882985573707304,0.15726462725365611,0.7539055170092709
2,0.11449704248554034,0.11764509999947134,0.7678578575149884
0,0.9807056604486918,0.003957105756566776,0.015337233794741457
0,0.053103588701961864,0.05222892164990495,0.8946674896481331
2,0.1850023102747267,0.0021711113097067176,0.8128265784155666
0,0.9470310987516237,0.0073757752971807125,0.04559312595119558
0,0.20886459368960603,0.04753697414440491,0.7435984321659891
0,0.5208479961521135,0.061009321422580365,0.4181426824253061
2,0.0396948086755677,0.004356500387278524,0.9559486909371537
0,0.9544519381364633,0.005350936700932291,0.04019712516260443
2,0.17480251012884496,0.08945298713954673,0.7357445027316083
2,0.3215412166952819,0.12151761570429787,0.5569411676004202
1,0.28077211433563454,0.2575379629057187,0.46168992275864673
0,0.6673966346644556,0.047334194073855695,0.28526917126168866
2,0.23571755552737683,0.03619240221480452,0.7280900422578187
2,0.3310582060687656,0.11151233758828287,0.5574294563429515
0,0.7931538541675286,0.031998748393387094,0.17484739743908428
0,0.9511291960408327,0.0054103822286982114,0.043460421730469094
0,0.753572621096288,0.0032314308306358778,0.24319594807307596
2,0.15038374344139227,0.04351474718310508,0.8061015093755026
2,0.5178884941958818,0.03321928247809793,0.4488922233260202
0,0.9507184402049758,0.0052939254005681495,0.04398763439445624
0,0.7909426196928427,0.032782512555545845,0.17627486775161158
0,0.9599984308684911,0.01086725346486327,0.029134315666645445
2,0.8223896619866169,0.02179808912003224,0.15581224889335102
0,0.9711164679528972,0.007068695781324627,0.02181483626577808
0,0.9017807276115666,0.003444104772478112,0.09477516761595538
0,0.9578991965123869,0.004260587275811556,0.037840216211801614
2,0.8377503972637806,0.04429568903565827,0.11795391370056103
0,0.9801849022658405,0.0042465481265355435,0.015568549607623827
0,0.7924418594375389,0.029481683465061092,0.1780764570974001
0,0.17975213192940265,0.04728329478740116,0.7729645732831962
0,0.9469927166147605,0.00738388954152414,0.04562339384371534
2,0.49219839349497585,0.06617841078871681,0.44162319571630737
0,0.8599319547536077,0.013748113665950388,0.12631993158044177
2,0.10985744666043701,0.09266832712556992,0.797474226213993
0,0.93734989081266,0.009511499013418693,0.05313861017392141
2,0.9106973291179112,0.006722271539654926,0.082580399342434
2,0.06704781932491517,0.04384795202195638,0.8891042286531284
2,0.022236084442792434,0.0029033745231025433,0.974860541034105
0,0.577128985513042,0.09867141764520204,0.32419959684175587
0,0.9340440718061545,0.00872345635543326,0.05723247183841248
0,0.9701909781969041,0.009784616668775881,0.020024405134319898
0,0.9504266017140367,0.013196621724123041,0.0363767765618403
2,0.6938821563594414,0.03773533637501538,0.2683825072655433
0,0.9845657766371486,0.005915501841651275,0.009518721521200271
0,0.3149066374393448,0.2355581747742087,0.44953518778644647
0,0.9570805600986718,0.004006513892801666,0.03891292600852652
2,0.9493586121877945,0.0063383469031821765,0.04430304090902352
2,0.7049865110927878,0.09701912955475085,0.19799435935246143
2,0.08547162788000395,0.010917351416143585,0.9036110207038524
0,0.9629419182194742,0.0069260366205581994,0.030132045159967643
0,0.9371818905480898,0.014390262792555243,0.04842784665935494
2,0.4913824678997501,0.046307659454007284,0.4623098726462427
2,0.052431636801082586,0.022120934158718707,0.9254474290401986
2,0.07031633719817014,0.04175081431631414,0.8879328484855157
0,0.9549742959563715,0.009081312892070984,0.035944391151557474
2,0.08516102806597835,0.030601809902429767,0.8842371620315918
0,0.8055640720539123,0.009721105678563699,0.1847148222675241
0,0.9674942266032008,0.004913816679312947,0.027591956717486155
0,0.28089294280448857,0.13073083906338803,0.5883762181321234
0,0.48146767811667013,0.35103231274119334,0.1675000091421365
2,0.46710051195867264,0.00043446528664762196,0.5324650227546797
2,0.9312576400331322,0.010942588589881043,0.05779977137698672
0,0.9654586026578136,0.006278492085767692,0.028262905256418627
2,0.3143022003857271,0.0590866600850018,0.6266111395292712
2,0.0791129122440167,0.019688298923861668,0.9011987888321217
0,0.680527538613229,0.008942994292540859,0.3105294670942301
0,0.9663845142630546,0.014372126872960146,0.01924335886398538
0,0.9656552453789565,0.0010083485623329056,0.03333640605871048
0,0.8586504496839339,0.010201801146229416,0.13114774916983665
2,0.0647495121767828,0.09346709082930273,0.8417833969939144
0,0.22339058026149575,0.012961240176817984,0.7636481795616864
0,0.9297719150658357,0.011301271925908532,0.0589268130082559
2,0.03242671234024482,9.66586000353157e-05,0.9674766290597198
0,0.9431895845892047,0.008202111792894198,0.0486083036179012
0,0.0893819867782819,0.12116168030161283,0.7894563329201052
2,0.005644784003666102,0.0007172016022970444,0.9936380143940368
2,0.013129791169826327,0.025344861405715725,0.9615253474244579
1,0.5294378286530488,0.04403366904042771,0.4265285023065235
0,0.9812973281187432,0.0037925880748788526,0.014910083806377983
0,0.9604619215306596,0.01070195947917357,0.028836118990166842
2,0.18139069368357796,0.021960698909632738,0.7966486074067893
0,0.9446575310116788,0.00788298419632369,0.04745948479199742
0,0.9615780851258503,0.0036247549510664556,0.03479715992308318
1,0.06742855730301145,0.00918017241208344,0.9233912702849051
0,0.963442841648498,0.010004974459719516,0.026552183891782453
2,0.5813859765888626,0.13793170715225878,0.28068231625887863
0,0.2704335356063882,0.08219009534632736,0.6473763690472844
0,0.9691080440405824,0.007922527303555587,0.02296942865586199
2,0.18586280691048432,0.43018990462579293,0.38394728846372284
0,0.44744212249740173,0.16136064044412043,0.39119723705847786
0,0.8481540257853272,0.031370212569243015,0.12047576164542982
0,0.641648110979962,0.034289395174144165,0.324062493845894
2,0.5649671769347018,0.09795346309197259,0.3370793599733256
2,0.018708313906573956,0.006925198156709345,0.9743664879367167
0,0.8889370351213937,0.03138672693658813,0.07967623794201803
2,0.03356701704172263,0.001749476070125878,0.9646835068881516
0,0.9618710284418667,0.012810182221589398,0.02531878933654381
2,0.36227724401449113,0.19647323373218117,0.44124952225332775
0,0.9038279048349862,0.017490875961214618,0.07868121920379922
0,0.8494888991245757,0.08302456571860727,0.06748653515681696
2,0.8527478712355686,0.013670706137354128,0.13358142262707734
0,0.5354172700172681,0.11730901495902024,0.3472737150237116
2,0.447335809755867,0.053845004440176855,0.49881918580395607
0,0.9567100738752838,0.00445532327339994,0.038834602851316215
2,0.8539317638273483,0.014915492571681852,0.13115274360096998
0,0.9515171695524356,0.022903137375741064,0.02557969307182331
0,0.9759306449560019,0.00828951214970007,0.015779842894298082
0,0.5831512081803337,0.1051091977090264,0.3117395941106399
0,0.9729990356194054,0.006565947486595158,0.02043501689399942
2,0.006298734806820573,0.028867356721505682,0.9648339084716737
0,0.7204863464598616,0.04534264828602306,0.2341710052541152
0,0.8563367921930221,0.007644197833717827,0.1360190099732602
2,0.005108565660705404,3.595430889862527e-05,0.9948554800303959
0,0.9401177475820061,0.008883062512241417,0.05099918990575241
0,0.9339505502199099,0.0095152168715928,0.0565342329084973
0,0.8307044703973147,0.01986269282918755,0.1494328367734977
2,0.09230941363456296,0.016558008502178985,0.891132577863258
2,0.0115248778222384,0.002226486579890995,0.9862486355978706
2,0.13272608575641998,0.08498216555975809,0.782291748683822
2,0.025060438839836482,0.03763775029398214,0.9373018108661815
2,0.2253582486963604,0.02353659476212412,0.7511051565415154
2,0.7068456146524503,0.012019821911159063,0.28113456343639054
0,0.9290252742432294,0.009799394336680065,0.061175331420090476
0,0.9637142055321044,0.0033548253687314252,0.032930969099164285
0,0.9501559825087953,0.005583677797841611,0.04426033969336313
1,0.15236970194675503,0.48852460668222103,0.3591056913710239
1,0.8684353701505269,0.01590488777242638,0.11565974207704673
0,0.8997270856876962,0.040841116737169295,0.059431797575134566
2,0.025985779154076134,0.023357258503768307,0.9506569623421555
2,0.8086280086260873,0.025190623285606988,0.16618136808830586
0,0.6934921436274418,0.09522913684459458,0.21127871952796354
0,0.9656186346267943,0.006237892797298509,0.028143472575907214
0,0.9378147180127365,0.008084004878576315,0.05410127710868709
2,0.06547324595688027,0.019763121202091342,0.9147636328410284
0,0.3739004465928187,0.0388594889359085,0.5872400644712729
0,0.8151180340343684,0.009006329646650447,0.17587563631898107
0,0.9593891207690266,0.0105165992487262,0.030094279982247178
2,0.5856382925757958,0.03110486462891981,0.38325684279528444
0,0.9552907165981845,0.004727302902452584,0.039981980499362975
0,0.9524775732895,0.014342947603556498,0.03317947910694342
0,0.5330623036589384,0.28911225588710787,0.17782544045395382
0,0.93507583403207,0.007411877121126279,0.057512288846803684
0,0.8160549329881129,0.004394312022537304,0.17955075498934964
2,0.6543316390205104,0.09760073852640355,0.24806762245308603
0,0.9561060646864991,0.004555438786846779,0.039338496526653936
0,0.9724139246590563,0.006765788215278219,0.020820287125665464
0,0.9794521859491763,0.0043111947808816995,0.016236619269942132
2,0.46608428939563923,0.017139499135925492,0.5167762114684353
0,0.5998390291335477,0.012502161222043165,0.38765880964440924
0,0.8390703009086045,0.03243477827561821,0.1284949208157772
2,0.0026652042222576502,0.0013673803154147937,0.9959674154623275
0,0.786554593416853,0.03112284884393173,0.1823225577392153
2,0.23230888634794472,0.05761541544060075,0.7100756982114547
2,0.5160992997186548,0.08425933255882868,0.3996413677225166
0,0.9405022288717442,0.006602559797420124,0.05289521133083565
0,0.9011327061805364,0.0029938193950124806,0.09587347442445109
0,0.7953512127197268,0.02391180623168952,0.18073698104858368
2,0.33851392458287394,0.12122258717474113,0.5402634882423849
0,0.8926145221694248,0.01908250815833619,0.0883029696722389
2,0.9575107639942204,0.011462864977795695,0.031026371027984015
2,0.2544125747315904,0.02458483304865988,0.7210025922197496
0,0.9599670888497943,0.0039295172763102616,0.03610339387389557
0,0.9458156658616499,0.007634130942176805,0.04655020319617323
2,0.05992264223748727,0.07855474142916281,0.8615226163333499
0,0.6812281136877997,0.08814097760756684,0.23063090870463349
0,0.5298956373131265,0.00794935895505697,0.46215500373181645
0,0.7214166991612824,0.02878270538355002,0.24980059545516767
0,0.8794917510318614,0.004086800832201484,0.11642144813593694
0,0.8524622228782759,0.02188176707668183,0.12565601004504215
2,0.14157984865231374,0.09981819742595673,0.7586019539217296
0,0.9739562846689754,0.0022935157347777446,0.023750199596246958
0,0.8390723846997682,0.01647724471918644,0.1444503705810454
1,0.3468769386970797,0.020585267629474945,0.6325377936734454
0,0.6243703297204205,0.03855529225618057,0.337074378023399
2,0.11236428995928265,0.006582956471184709,0.8810527535695325
2,0.07271371511378211,0.018318753983849086,0.9089675309023687
0,0.9402807570976709,0.01956211108078125,0.04015713182154782
0,0.9587244291280685,0.0080477798446555,0.03322779102727597
2,0.023253546435529376,0.010610850567942767,0.9661356029965279
0,0.9583802824096842,0.011448633248388166,0.03017108434192762
2,0.015090093383744537,0.007950200416753142,0.9769597061995025
0,0.9581872283389254,0.004683405653853144,0.03712936600722145
0,0.9322211846066202,0.019604245740793762,0.04817456965258587
0,0.9021227581777428,0.018609645622933737,0.07926759619932346
0,0.9524037698277609,0.005729701837188458,0.04186652833505055
2,0.39160479758474687,0.0378687033487571,0.5705264990664961
0,0.9575013435075067,0.004325390695779318,0.038173265796713984
0,0.9389817638678177,0.009139302837592934,0.05187893329458924
0,0.8260973276701151,0.0017586696124083012,0.17214400271747662
0,0.8124817784928263,0.017992903419615923,0.1695253180875579
2,0.6990402232985664,0.03762262192887239,0.26333715477256125
0,0.6780945652729912,0.13183811871810244,0.19006731600890645
0,0.39976417494473715,0.01617200850378183,0.5840638165514811
0,0.8571042838135057,0.02894062649394155,0.11395508969255287
0,0.932994491487343,0.018816242675536134,0.04818926583712077
2,0.13121378292010885,0.06536270357002404,0.8034235135098671
2,0.08038798916735654,0.01184060154553723,0.9077714092871063
0,0.5277861574063236,0.04107211215775287,0.43114173043592346
0,0.9290172643895103,0.011484879433176252,0.059497856177313506
2,0.29841447483999234,0.24301882412498513,0.4585667010350225
0,0.8099216984764022,0.024861674947264215,0.1652166265763337
0,0.9838311371899023,0.0031792407897347145,0.012989622020362806
0,0.8445793137750192,0.016825852055645997,0.13859483416933496
0,0.9803439364625547,0.0041983086954333945,0.015457754842011924
0,0.9817242713652717,0.0036749500243162658,0.014600778610412105
0,0.3854380202997728,0.08072538167522919,0.5338365980249979
2,0.053500782034046256,0.02917123189827905,0.9173279860676747
0,0.7233581210214312,0.05143286888071661,0.2252090100978522
0,0.8877421225107467,0.028327908822759172,0.08392996866649405
2,0.2761752195960787,0.04319827975083605,0.6806265006530853
2,0.44194836616686584,0.052471829155730655,0.5055798046774035
2,0.30381466910385085,0.1874061101200839,0.5087792207760652
0,0.6050029779031612,0.027923268694509604,0.36707375340232934
0,0.9053171679597687,0.01770744938059909,0.0769753826596323
0,0.9762484664179535,0.009579033745632915,0.01417249983641352
0,0.4760339810692642,0.11057090503052562,0.4133951139002103
2,0.8297902148913404,0.04384016347277012,0.12636962163588936
0,0.9476346208840646,0.0111945068422509,0.04117087227368457
2,0.026107502933515558,0.015023239920737525,0.958869257145747
0,0.9324622018706328,0.010654531332936729,0.056883266796430555
0,0.9398792954692923,0.008936653606090285,0.05118405092461741
0,0.4265942325238007,0.051534811575236594,0.5218709559009628
0,0.7126429010756209,0.005168219296789382,0.2821888796275898
2,0.8491008149067333,0.03203665833567139,0.11886252675759523
0,0.7941025926362479,0.06451989931681928,0.1413775080469326
0,0.7111035729989112,0.0018660438076205292,0.28703038319346835
0,0.7522281842021521,0.043511001040684456,0.2042608147571636
2,0.9309278154511398,0.0005457982168213278,0.06852638633203895
0,0.8343489219120035,0.0003790445085765407,0.16527203357941986
0,0.5604768854598808,0.09057332274529349,0.3489497917948257
1,0.127560158974315,0.1567036462720689,0.7157361947536162
0,0.9476473288935126,0.011190750310505303,0.04116192079598213
0,0.9460722232183112,0.00695506124301475,0.046972715538673895
0,0.9289755343140466,0.009810277633366435,0.06121418805258699
0,0.8971578134499832,0.010188592522078871,0.09265359402793791
0,0.9682817484993378,0.008002115519701253,0.023716135980960958
0,0.9650952437979695,0.006370934326140675,0.028533821875889875
2,0.2876230228030768,0.0394186806332324,0.6729582965636909
2,0.19481707917251556,0.04715793416121392,0.7580249866662706
0,0.9446483482644832,0.007884967682657033,0.047466684052859934
2,0.7364683013276822,0.03014492893400453,0.2333867697383133
2,0.20685891348848254,0.05987168625930537,0.7332694002522122
0,0.8746740162968939,0.0030181110223305952,0.12230787268077564
0,0.9738613652055977,0.005974270286122894,0.020164364508279416
2,0.34160298708915754,0.06550053739363859,0.5928964755172039
0,0.7087122913838932,0.017257485241982274,0.2740302233741246
2,0.05203553429398569,0.0192438334006983,0.928720632305316
0,0.8032842910528619,0.023059713198384804,0.1736559957487533
2,0.07088099887790789,0.013509054271178687,0.9156099468509136
2,0.008923188301664197,0.009658725857728201,0.9814180858406077
2,0.012720984325044073,0.01701150958151574,0.9702675060934403
2,0.07954076075817043,0.023710817086117515,0.896748422155712
0,0.9452770495335926,0.007114582543518951,0.04760836792288832
0,0.9333582438799877,0.02116735741164535,0.045474398708366934
1,0.2990034189607326,0.04226481863465928,0.6587317624046081
2,0.05269840955549023,0.0306025772512832,0.9166990131932266
0,0.9685877925314127,0.006598842394860567,0.02481336507372665
2,0.3588896827018347,0.1603905853751086,0.48071973192305667
0,0.28616583132232587,0.01117468832944565,0.7026594803482286
0,0.817276071655019,0.040316365337331635,0.14240756300764926
0,0.9018761357340018,0.02651289099559166,0.07161097327040661
0,0.9546736549433148,0.0030229478299284257,0.04230339722675667
0,0.9455601490045709,0.006428108608952452,0.04801174238647663
0,0.07588275388546921,0.005922232024410471,0.9181950140901203
2,0.2149504754718033,0.07309327178497292,0.7119562527432238
0,0.9697403877393606,0.0075185628373150275,0.02274104942332438
2,0.902085768090298,0.009268049259223272,0.08864618265047895
2,0.03958776263841685,0.01937070689827253,0.9410415304633106
0,0.9483389382590606,0.006507127734703949,0.04515393400623541
0,0.9714260756403319,0.00696834885699308,0.021605575502674938
0,0.9488775341458721,0.006988882238870106,0.04413358361525796
0,0.9571182481329265,0.008486421753164023,0.03439533011390955
0,0.9361113591113643,0.00727405303802139,0.05661458785061425
0,0.942023750473461,0.008458472999418314,0.049517776527120735
0,0.9700484639009068,0.0125329589553037,0.01741857714378942
0,0.8456256848123616,0.016606636617800454,0.137767678569838
2,0.16145880812141056,0.053984072662979235,0.7845571192156101
0,0.6331637935031312,0.1273224064043442,0.23951380009252457
2,0.07180345889445913,0.08105034620742438,0.8471461948981165
0,0.9320183548708538,0.010760384198054414,0.057221260931091866
2,0.20461255364125638,0.005278738877907649,0.790108707480836
0,0.11340219271335916,0.697491162537193,0.18910664474944777
2,0.01924757216390735,0.005645444652289632,0.9751069831838031
2,0.47512456082723076,0.17187205268959566,0.35300338648317353
0,0.9697515808003057,0.012397432809379626,0.01785098639031467
2,0.10261345404503376,0.022749183293400546,0.8746373626615657
0,0.9754116529494381,0.005706745246859145,0.01888160180370275
0,0.9724222828284516,0.006647692010386644,0.020930025161161922
0,0.8230998544349076,0.021629410170918455,0.15527073539417402
2,0.6215035256186787,0.0303538772627636,0.3481425971185577
0,0.945320788835924,0.007740149515413189,0.0469390616486628
0,0.5336856009542555,0.018072473350126978,0.4482419256956175
2,0.04775799472961498,0.07235354412895907,0.8798884611414259
2,0.12433300048911812,0.35705826131599944,0.5186087381948824
2,0.07947552985932774,0.0009314398606685442,0.9195930302800037
2,0.014616460311695665,0.011459343847744568,0.9739241958405597
2,0.07011667803484255,0.1141396736907407,0.8157436482744167
0,0.8843687109830903,0.006167813567126109,0.10946347544978345
2,0.03856029170026645,0.014404019173326461,0.947035689126407
2,0.5839466370107358,0.19887113314211985,0.2171822298471443
2,0.05609406844719079,0.09095466908175692,0.8529512624710524
2,0.037507510207798266,0.0006089991434902066,0.9618834906487116
0,0.9363415590737635,0.030491189104512213,0.03316725182172418
2,0.75553489472392,0.040476522367112515,0.2039885829089675
0,0.9245689377576128,0.03718442333265235,0.038246638909734954
0,0.8856424554799803,0.005861042482522592,0.10849650203749697
0,0.9280778335307496,0.017333054609804308,0.05458911185944611
0,0.6089275494999723,0.06881699315980958,0.3222554573402182
0,0.5449209685801264,0.04812555715320417,0.40695347426666945
0,0.859031648625311,0.013920363903471393,0.12704798747121762
2,0.05531651933193006,0.05467549124131157,0.8900079894267583
2,0.2927346416964129,0.09569759343835316,0.6115677648652339
2,0.7646197050830211,0.028803460742131217,0.2065768341748477
2,0.14147278533563623,0.026147703816323125,0.8323795108480407
2,0.0013636343963272617,0.0004768330131250736,0.9981595325905478
0,0.9827166037815683,0.006926115473388597,0.010357280745042942
2,0.018588846808131027,0.028734908419128756,0.9526762447727402
2,0.020176349693960583,0.0072255609817980775,0.9725980893242414
0,0.9581181898115604,0.008212621183457287,0.033669189004982246
0,0.9421229260097774,0.012853877202494994,0.045023196787727586
0,0.9468930131422975,0.01141429340413719,0.041692693453565244
2,0.007908863586941407,0.0013621525116080829,0.9907289839014505
2,0.05624756125854756,0.012317005365822729,0.9314354333756297
1,0.8073646859953599,0.0510076741059825,0.14162763989865743
0,0.06393929477157381,0.01801662896439502,0.9180440762640313
0,0.871658365011811,0.021274987033883353,0.10706664795430573
2,0.4782902762751305,0.08139575283272232,0.44031397089214713
0,0.9676394241214173,0.008217170652580751,0.024143405226001793
0,0.6148707959853589,0.16063048746819744,0.22449871654644357
0,0.8321409534258581,0.0010068944739579718,0.16685215210018403
0,0.7168509870876149,0.0856894889630157,0.19745952394936947
2,0.03564070669032783,0.013296988091701526,0.9510623052179706
2,0.0600488280456668,0.0825683132988981,0.8573828586554351
2,0.13716979786376154,0.10988898023203147,0.7529412219042071
2,0.8625832446952697,0.013246837332797395,0.12416991797193294
0,0.6165783643205386,0.06759662753183941,0.315825008147622
0,0.5521216352330673,0.13342479239631622,0.31445357237061633
2,0.3028166282138709,0.03871534329370998,0.6584680284924191
0,0.9679372419611737,0.014184187963199322,0.017878570075626973
2,0.8402915171582342,0.013644609833706413,0.1460638730080593
0,0.8464005646825818,0.016445187517792306,0.13715424779962573
0,0.728079480054189,0.003907504030945443,0.2680130159148656
2,0.540142111606466,0.06662530823752993,0.3932325801560041
2,0.7203478789418671,0.026657399041859733,0.252994722016273
0,0.9409655043201212,0.007841811920916335,0.0511926837589624
0,0.3513166745189471,0.008812849050859627,0.6398704764301933
2,0.11254665240806566,0.019855585149811415,0.8675977624421229
1,0.674155352657875,0.05963329286180123,0.2662113544803238
0,0.7787517152497723,0.012247679250868329,0.20900060549935925
2,0.03882963700058342,0.021412625419021877,0.9397577375803946
0,0.9395334275895786,0.009014571163761689,0.05145200124665974
0,0.10878483214154012,0.037468320551243633,0.8537468473072163
0,0.9447763957302654,0.006649334822924399,0.04857426944681023
2,0.02722712860854827,0.005505249245573426,0.9672676221458782
1,0.46416119109983184,0.07563350188190272,0.46020530701826545
0,0.9766021836349442,0.00957694554759757,0.01382087081745815
2,0.19202375826991008,0.1476514302812605,0.6603248114488294
0,0.9482727924998929,0.00711484766084456,0.044612359839262365
0,0.9425774559071319,0.008336396710592069,0.049086147382276075
0,0.5140031480443348,0.037784400593033576,0.44821245136263166
1,0.7233439214027454,0.03161930931764757,0.24503676927960696
2,0.014126871157279317,0.0029314063330824914,0.9829417225096382
2,0.5143864339451829,0.08232584713612218,0.4032877189186949
2,0.23651688184360534,0.045958755366095165,0.7175243627902996
2,0.10306875284768183,0.020079160454709404,0.8768520866976087
2,0.1316422841835491,0.06156187683105883,0.8067958389853922
0,0.9432831040127797,0.008181658501718411,0.04853523748550191
2,0.3179910154774997,0.1044007952736888,0.5776081892488115
0,0.31780824654166123,0.11618208966557972,0.566009663792759
1,0.2349603615951691,0.10742239329356129,0.6576172451112696
2,0.03424373892960898,0.015533288202361465,0.9502229728680296
0,0.8151160377129942,0.023561836854057883,0.16132212543294797
2,0.017755863373812828,0.006037217717030823,0.9762069189091562
0,0.9425017644212141,0.007013252237202171,0.050484983341583876
0,0.6792952295573734,0.02751417326769017,0.2931905971749364
0,0.9445920949514631,0.006611349861238659,0.048796555187298085
2,0.07364245127134195,0.011032028027050023,0.915325520701608
0,0.8467398923535122,0.016374725525840784,0.13688538212064688
2,0.1622054484106973,0.05414921964670944,0.7836453319425932
0,0.9306052848297316,0.012958154293897054,0.05643656087637134
0,0.9781845246771917,0.009416321409688467,0.012399153913119803
2,0.2948610591964446,0.131649197966734,0.5734897428368213
2,0.060989805463297055,0.08957601196066556,0.8494341825760373
0,0.9386152590353455,0.019024223681341094,0.042360517283313394
0,0.971517140505351,0.007075000815144317,0.021407858679504694
0,0.9510429641564974,0.006543907150603966,0.04241312869289878
0,0.8880057493377996,0.0025979762192319625,0.10939627444296846
2,0.9519511299928759,0.005265559509847352,0.0427833104972768
0,0.875446291233226,0.010941988863573377,0.11361171990320047
0,0.7328117632464658,0.06811910563977329,0.19906913111376087
0,0.6270466548596654,0.16560555551006742,0.20734778963026712
0,0.7606120912845948,0.024751414269300987,0.2146364944461041
1,0.6118449318480492,0.08467130185547819,0.3034837662964726
0,0.9803829971649334,0.004186482935080383,0.015430519899986212
0,0.24827187923851393,0.04622619145774552,0.7055019293037406
0,0.06492152229348931,0.008892117192282861,0.9261863605142279
0,0.9675002220902248,0.012747811330014203,0.019751966579760846
0,0.15834652080591477,0.024632931202175103,0.8170205479919103
0,0.9533431882119859,0.0161662661569954,0.030490545631018672
2,0.7214811804963229,0.06271433700440614,0.215804482499271
2,0.06569964456463802,0.021047521054344764,0.9132528343810171
2,0.9230015034231507,0.009812822255685687,0.06718567432116368
2,0.1395675976714814,0.11380595669315544,0.7466264456353632
2,0.9681877853125781,0.008252514401115517,0.023559700286306356
0,0.9823441439955661,0.007149469364835127,0.010506386639598688
2,0.15470506283684782,0.14854862065096533,0.6967463165121869
0,0.7014798256640521,0.008266867350306671,0.2902533069856413
0,0.9540502561624957,0.005424519702839145,0.0405252241346651
0,0.9423445115900965,0.006919522224148312,0.05073596618575509
0,0.8412561058967339,0.017531203361408704,0.14121269074185736
2,0.06523132075447854,0.02603923880310498,0.9087294404424165
2,0.936275447557751,0.0160787326788964,0.047645819763352734
0,0.9699412223675342,0.0006024413662431874,0.029456336266222655
1,0.131819488792784,0.753062938592827,0.11511757261438903
0,0.9855043546263125,0.0026757251849645475,0.011819920188722945
0,0.5540273251102922,0.03247975868232719,0.4134929162073806
0,0.9424350432577152,0.0025853613310479638,0.05497959541123682
2,0.030722698105410527,0.005536062938880386,0.9637412389557091
0,0.9735312077089745,0.006076416401834102,0.02039237588919138
2,0.16608795400555107,0.03716804640175658,0.7967439995926923
2,0.7703871516650007,0.01890178127425123,0.2107110670607482
2,0.17718553442320384,0.12558928942338388,0.6972251761534123
0,0.16999271653236211,0.025176159581638984,0.8048311238859989
2,0.03533860941759413,0.058051519369277764,0.9066098712131281
2,0.5838575451191621,0.05975622211918584,0.3563862327616521
0,0.944512634265762,0.012127151278275702,0.043360214455962415
0,0.5336723331809481,0.05860550321129038,0.40772216360776153
0,0.9614152718197169,0.01077830013494143,0.02780642804534165
0,0.08389179433920796,0.0490430121888063,0.8670651934719859
0,0.955121236783488,0.004720391538836496,0.04015837167767538
0,0.3436621951023039,0.0569480882165873,0.5993897166811087
1,0.1553391432259907,0.1568916740210547,0.6877691827529546
0,0.5986927032219601,0.025704705479601023,0.3756025912984389
0,0.7899205098956884,0.030179303546239877,0.17990018655807183
2,0.2872497172441736,0.05580699460293663,0.6569432881528898
0,0.5635410244164423,0.044907637195705875,0.3915513383878519
0,0.9601236465740746,0.01301461429717707,0.026861739128748344
0,0.8626751867051319,0.013229614236303488,0.12409519905856453
2,0.9446705212936231,0.007880178554153367,0.0474493001522235
0,0.8681879968701488,0.012216591146101026,0.11959541198375026
2,0.11202472603148068,0.01599982137436778,0.8719754525941514
2,0.5338157732210178,0.06939347714267992,0.39679074963630223
2,0.08535960916191038,0.044801656757357096,0.8698387340807325
2,0.003377975626178431,0.0005757310203636513,0.996046293353458
0,0.9587572558041982,0.011812736579320393,0.02943000761648142
0,0.8558717905738217,0.0013137960239832567,0.14281441340219503
2,0.0077516050991691355,0.0015986954905247294,0.9906496994103062
2,0.34362475707144213,0.11764377246846518,0.5387314704600927
0,0.9512751227657155,0.010131971656484965,0.038592905577799666
0,0.8674631418298818,0.01234757766618305,0.12018928050393496
0,0.5663931622542238,0.03975650793323329,0.393850329812543
0,0.4369759165975617,0.030106599924402528,0.5329174834780358
0,0.6484244306027077,0.08193402517180483,0.26964154422548736
0,0.7525024746545974,0.041454572898960984,0.20604295244644166
0,0.9519225712523937,0.005270567771360486,0.042806860976245906
0,0.8880882601281466,0.016625590309418445,0.0952861495624351
1,0.33350154360120193,0.464802103034148,0.2016963533646501
0,0.3768222642955247,0.11096508492338795,0.5122126507810874
0,0.9587958505318201,0.011797554294872012,0.0294065951733077
0,0.7628195101895132,0.03817332266078785,0.1990071671496989
2,0.0008546107619917789,0.00010998292696603543,0.9990354063110422
2,0.8772723955938824,0.023203174757316203,0.09952442964880144
0,0.40382705271837005,0.04171370979755652,0.5544592374840734
0,0.9729851089199326,0.006570686309492399,0.02044420477057497
2,0.23079746989338568,0.0895767307819701,0.6796257993246443
0,0.9691886891864385,0.001826321341600634,0.028984989471960845
2,0.04610427556990885,0.0784220200641052,0.8754737043659859
0,0.9350487555921249,0.008771225591984762,0.05618001881589061
2,0.9413834491579444,0.0067634947727742,0.05185305606928142
0,0.6463306166504382,0.09916025860011961,0.25450912474944215
0,0.4465944562542538,0.06116392670655756,0.4922416170391886
2,0.03617722444857577,0.012230938296493665,0.9515918372549307
0,0.9460473219768487,0.007584666465884788,0.046368011557266504
