target,prediction_0,prediction_1,prediction_2
2,0.024188103130407642,0.06406261019423225,0.91174928667536
0,0.9007532880444888,0.012679771622119106,0.08656694033339202
0,0.9466190796068767,0.01012066338349296,0.04326025700963016
2,0.06324925545271101,0.06997298103960607,0.8667777635076829
0,0.8553143395592013,0.01656588489342712,0.12811977554737142
0,0.8089439509349269,0.021399825196187168,0.16965622386888599
0,0.8876837589988898,0.02550965692520043,0.08680658407590965
2,0.024993472828316734,0.021487983486610553,0.9535185436850726
0,0.9517026831347669,0.010303069095142888,0.037994247770090195
1,0.39184918378886685,0.07149717682199205,0.5366536393891408
2,0.0298152441536171,0.05532740760315846,0.9148573482432242
0,0.7805690071648121,0.029918292425210966,0.18951270040997686
0,0.881227572819767,0.015251754052347447,0.10352067312788546
0,0.8591353155652396,0.006768667272888756,0.13409601716187167
0,0.944940460982302,0.01534583571991063,0.039713703297787346
2,0.15406704107847605,0.13847909126742453,0.7074538676540995
0,0.9243399417248814,0.014535324818914624,0.0611247334562036
2,0.6679679567616288,0.08500792028259484,0.24702412295577617
0,0.9337274594741674,0.013931156713392557,0.052341383812440065
2,0.17392402202784138,0.03176084550857593,0.7943151324635825
0,0.8701034623496443,0.018411288593353104,0.11148524905700243
1,0.5869601411466666,0.07312221273956848,0.33991764611376485
2,0.21301938918239624,0.022388055196689044,0.7645925556209148
0,0.9392632828053509,0.013163718316610961,0.04757299887803776
0,0.44409034761012667,0.07705679586954198,0.47885285652033144
0,0.9267923158882803,0.028675469293247484,0.04453221481847217
0,0.9517026831347669,0.010303069095142888,0.037994247770090195
0,0.948860779948414,0.010989026095555661,0.04015019395602994
0,0.5162926326123947,0.06832579601110869,0.41538157137649656
0,0.9530084006385692,0.009405135630344367,0.03758646373108634
2,0.056545043858920584,0.0759886614085628,0.8674662947325165
2,0.11934175872562514,0.03328385025016373,0.8473743910242111
0,0.2362038309211193,0.09179131776389479,0.6720048513149859
2,0.28787530432682257,0.05874450754472506,0.6533801881284523
0,0.76198013294944,0.08726920105994827,0.15075066599061185
2,0.08227300599617296,0.02405009874442191,0.8936768952594051
2,0.5312159753820902,0.030958729433297326,0.43782529518461244
0,0.8726215088429706,0.03975162931443955,0.08762686184258972
0,0.5882971095572401,0.03350093315287872,0.37820195728988115
0,0.7857472431414507,0.02541285074632006,0.18883990611222928
0,0.9302164995423685,0.015014429311462005,0.05476907114616961
2,0.1081993877601365,0.26064226570471744,0.6311583465351458
0,0.8901071141013875,0.01956077455360568,0.09033211134500664
0,0.9517412767567215,0.009139555923194301,0.03911916732008414
0,0.9520952658437413,0.010642837606497526,0.037261896549761184
0,0.6851465732681736,0.024154179556674246,0.29069924717515205
0,0.8955377143786915,0.006323546182810969,0.09813873943849759
2,0.816934080300665,0.018203451078944388,0.16486246862039042
0,0.8181363796388794,0.016688084768141997,0.16517553559297846
2,0.4397428674640283,0.09284353203612455,0.46741360049984726
0,0.9168144093633562,0.01886309106030289,0.0643224995763409
0,0.9517026831347669,0.010303069095142888,0.037994247770090195
2,0.07651060816003007,0.08888689796307811,0.8346024938768918
2,0.2710451520497469,0.0854152766924702,0.643539571257783
2,0.26054107684693134,0.06981956794845677,0.6696393552046118
0,0.8989561509362476,0.013593611222575862,0.08745023784117674
0,0.7579393760201343,0.06679166019910816,0.17526896378075726
0,0.6543432781930091,0.06511432124404085,0.2805424005629499
0,0.9337274594741674,0.013931156713392557,0.052341383812440065
0,0.8701338275278115,0.03428916037635682,0.09557701209583197
1,0.7863275078640126,0.07050844880062192,0.1431640433353653
2,0.8103910319713642,0.021619425543306953,0.16798954248532882
0,0.8609495542229906,0.017166558493394168,0.12188388728361514
2,0.27206359339810054,0.03655337731340423,0.691383029288495
2,0.04525220741529907,0.04753554993001346,0.9072122426546874
2,0.01585723624794964,0.010858485576599703,0.9732842781754506
1,0.8938538524663928,0.01599471732309757,0.09015143021050938
2,0.5029480509219258,0.034662966163941815,0.46238898291413266
2,0.02766597753797943,0.08323476425323718,0.8890992582087833
0,0.7782069237988545,0.03280840931053336,0.1889846668906121
0,0.9517412767567215,0.009139555923194301,0.03911916732008414
0,0.8445929916508119,0.014380775409830873,0.141026232939357
0,0.948156825623434,0.010469588764580217,0.04137358561198577
0,0.9530084006385692,0.009405135630344367,0.03758646373108634
2,0.004032379516815767,0.005164689809449094,0.9908029306737351
2,0.01866023653483171,0.014011998420144871,0.9673277650450232
0,0.9506347883942794,0.010460542646709089,0.03890466895901125
0,0.4104280984377522,0.11475922451532208,0.4748126770469258
0,0.9163600955968078,0.013814891809736924,0.06982501259345505
0,0.8163004141184501,0.006488800286142204,0.17721078559540757
0,0.7376947074951533,0.03174143744147104,0.23056385506337557
2,0.7471532388385143,0.03990634571650712,0.21294041544497855
1,0.854652807192623,0.013194085675650512,0.13215310713172623
0,0.8442290090845278,0.027717781341206508,0.1280532095742657
0,0.8437219029675284,0.02095168044210168,0.13532641659036987
2,0.6509986106059056,0.04272743929059196,0.3062739501035025
0,0.9500531366498982,0.010825570653400184,0.03912129269670177
2,0.012580983680333023,0.01194903147552032,0.9754699848441466
0,0.9517026831347669,0.010303069095142888,0.037994247770090195
0,0.822888623544713,0.018815922997314875,0.15829545345797214
0,0.8682481490025852,0.005285586592281786,0.12646626440513298
0,0.7493892316757058,0.05780467395478646,0.19280609436950744
0,0.7667295958175899,0.05746603693712146,0.17580436724528858
0,0.9520952658437413,0.010642837606497526,0.037261896549761184
0,0.953029071508159,0.009701798817245928,0.03726912967459513
0,0.9453641118814157,0.009243941543039725,0.04539194657554447
0,0.9440589786428931,0.01117035815491452,0.044770663202192036
2,0.002447985694258292,0.004273078051640395,0.9932789362541012
0,0.9315863540507998,0.009637735229143766,0.05877591072005652
0,0.2922975820846382,0.018918292981664475,0.6887841249336975
2,0.018411763815301952,0.04435196875584609,0.9372362674288519
2,0.0045255774985347354,0.004803590776936694,0.9906708317245285
2,0.013504343272777102,0.021717847386310628,0.964777809340912
2,0.022078944449663913,0.04195009592029209,0.9359709596300438
0,0.9469656176842378,0.010946599780989861,0.04208778253477193
0,0.9422618873045681,0.015767013688810116,0.041971099006621826
0,0.9234751791152624,0.015770129981575894,0.060754690903161754
2,0.500145456378266,0.08523222555306807,0.41462231806866584
0,0.6417299950637801,0.0435389984391157,0.3147310064971044
2,0.26919748123315873,0.11309446424709924,0.617708054519742
0,0.9238567298529848,0.01447250397409523,0.06167076617291965
2,0.1737200274596008,0.0495873059175858,0.7766926666228133
0,0.8350607472522785,0.023915423535359814,0.14102382921236223
2,0.030352143043167423,0.04382272284912375,0.9258251341077092
0,0.947839954561137,0.01090432110886682,0.04125572432999648
0,0.7742368380544973,0.024997230182043216,0.20076593176345953
0,0.9441261730007201,0.010119597598868798,0.04575422940041115
0,0.9517026831347669,0.010303069095142888,0.037994247770090195
0,0.9481134330697737,0.01300615780689638,0.038880409123329934
2,0.7312031606437371,0.031061237275333855,0.237735602080929
0,0.8722838451890974,0.008380515384319179,0.11933563942658351
0,0.9530084006385692,0.009405135630344367,0.03758646373108634
0,0.8183539042269635,0.023960660620941675,0.1576854351520946
0,0.9481134330697737,0.01300615780689638,0.038880409123329934
0,0.6377544110469394,0.016528583810797182,0.3457170051422634
0,0.5988883880899325,0.07510748834108716,0.3260041235689804
0,0.8693647424311044,0.017329848538830968,0.11330540903006449
0,0.8590258827966755,0.012315340135238639,0.12865877706808587
2,0.13937883174451232,0.08398278939073311,0.7766383788647541
0,0.8102420552656178,0.06050309387900326,0.129254850855379
2,0.13714087541860462,0.03415407773688461,0.8287050468445107
0,0.76238331271206,0.02559773141645072,0.21201895587148953
2,0.01309782779436978,0.013480779876910806,0.9734213923287194
0,0.9430346284735893,0.011450696224878877,0.04551467530153179
2,0.4777567623520647,0.07851024044364312,0.4437329972042926
2,0.48964003542705853,0.054633969387366796,0.45572599518557466
0,0.6954998412183232,0.0680890376390457,0.2364111211426315
0,0.9517412767567215,0.009139555923194301,0.03911916732008414
0,0.9580184047702973,0.007961222739931202,0.034020372489771314
2,0.7427584615723822,0.030199634336247776,0.22704190409136996
0,0.6010391902745914,0.07846009455457087,0.32050071517083745
0,0.31936494923679104,0.06350808691142645,0.6171269638517826
0,0.8461609598778198,0.02351075861948728,0.13032828150269293
0,0.5292438239488171,0.05161881208016366,0.41913736397101914
0,0.8076266800282242,0.04113702184607145,0.15123629812570435
0,0.8707300650527483,0.0041162613311242005,0.12515367361612761
2,0.06376732898093256,0.032229155635519105,0.9040035153835483
0,0.9450093058603974,0.00942513608056374,0.045565558059038724
0,0.9059516303466749,0.02886075484646557,0.06518761480685954
2,0.319008736886631,0.08379487632020748,0.5971963867931614
0,0.931459673750761,0.009721906579354418,0.05881841966988454
2,0.4908583632073695,0.06259018864047187,0.4465514481521585
0,0.953029071508159,0.009701798817245928,0.03726912967459513
0,0.8799577574451903,0.00905467981199996,0.11098756274280963
0,0.3861229258153194,0.028601479972070132,0.5852755942126103
0,0.8717602564670414,0.01734754054428331,0.11089220298867557
2,0.0057013273845978665,0.0043683417394045744,0.9899303308759976
2,0.0228986409515128,0.016932297036355688,0.9601690620121311
2,0.7976637733883964,0.01043211997190916,0.19190410663969443
0,0.9434939038038573,0.010933344494112747,0.04557275170202983
0,0.10558609754179889,0.04923310434717043,0.8451807981110306
0,0.9523972164424218,0.0100007484726292,0.0376020350849488
2,0.8777996022205267,0.020697723581248405,0.10150267419822487
2,0.8017951612740156,0.034591442017637294,0.16361339670834718
0,0.8172731024081643,0.01795846181803561,0.16476843577379985
2,0.5373549706805434,0.12969491823755686,0.3329501110818999
0,0.9530084006385692,0.009405135630344367,0.03758646373108634
2,0.044144734963034865,0.006199766242849257,0.9496554987941159
2,0.6729843786369433,0.04118918514473982,0.285826436218317
0,0.9520952658437413,0.010642837606497526,0.037261896549761184
0,0.5075111048755362,0.10235964901564122,0.3901292461088225
1,0.4424615409683404,0.05020115692823145,0.5073373021034282
2,0.27234802880479614,0.06145771978919759,0.666194251406006
0,0.7868077123280541,0.03382632418515643,0.17936596348678951
2,0.2477221351594605,0.27672015818069223,0.47555770665984726
2,0.051643613525605536,0.03289744969375944,0.9154589367806351
0,0.9488398450801282,0.010564499107673632,0.040595655812197755
0,0.15834296784822055,0.07781530109305165,0.7638417310587277
2,0.14148407859442858,0.03684134567226503,0.8216745757333063
0,0.9517026831347669,0.010303069095142888,0.037994247770090195
0,0.32229695014786586,0.16550824481236434,0.5121948050397699
0,0.5759575450374266,0.08137938852288698,0.34266306643968647
2,0.010592262227557776,0.02751907918679292,0.9618886585856492
0,0.9449825192389144,0.009220650701458636,0.045796830059626925
2,0.36907537120012457,0.10350478836791262,0.5274198404319628
2,0.43208088027394415,0.035039070013000086,0.5328800497130558
1,0.38579074461290425,0.0833155041472398,0.5308937512398559
0,0.3254082148869006,0.05843941554356815,0.6161523695695311
2,0.5307269681553375,0.032152736267132685,0.43712029557752974
2,0.2517127659293008,0.13875704296914534,0.6095301911015538
0,0.5836990062537253,0.058963052059698574,0.35733794168657607
0,0.9529323321076335,0.009536457237225791,0.03753121065514061
0,0.7723434118718949,0.031002649712902668,0.19665393841520257
2,0.26268504477410554,0.0697068928781863,0.667608062347708
2,0.3769286661244504,0.08794518023526599,0.5351261536402835
0,0.936484764789293,0.008298843414360954,0.05521639179634618
0,0.7179467869855829,0.05731386414904908,0.22473934886536814
0,0.9530084006385692,0.009405135630344367,0.03758646373108634
2,0.8495840051973195,0.019298811422724528,0.13111718337995582
0,0.9186508587391279,0.008668015828978757,0.0726811254318933
0,0.9179794830574655,0.013511663315798426,0.06850885362673578
0,0.9441261730007201,0.010119597598868798,0.04575422940041115
2,0.658079247789271,0.03283033441127068,0.30909041779945834
0,0.9500531366498982,0.010825570653400184,0.03912129269670177
0,0.774970097646566,0.014858284848778965,0.21017161750465518
0,0.288336297719508,0.042617701130219246,0.6690460011502729
0,0.9200901294725264,0.004612263391088571,0.07529760713638504
2,0.2958289032284565,0.07287621271790981,0.6312948840536335
0,0.9520952658437413,0.010642837606497526,0.037261896549761184
2,0.2224175219583151,0.020257129421456358,0.7573253486202285
0,0.9517026831347669,0.010303069095142888,0.037994247770090195
2,0.8715244567666025,0.026876899622261776,0.10159864361113545
2,0.08257338697530302,0.06705033004193095,0.8503762829827661
2,0.12358762027606558,0.059333313240938775,0.8170790664829958
0,0.6169906459810236,0.06788176108362305,0.3151275929353534
0,0.8294002964317368,0.046413738457858275,0.12418596511040485
0,0.92437460544514,0.015787073328939135,0.059838321225920595
0,0.8093138018835679,0.02517566575602514,0.1655105323604066
2,0.8111327911336811,0.005954999893832495,0.18291220897248653
0,0.9223601281337893,0.017835760840604474,0.05980411102560621
0,0.3921696722491504,0.061188077757313074,0.5466422499935367
0,0.9250772462648859,0.0149633272156973,0.05995942651941689
2,0.917371574692538,0.01854244333046969,0.06408598197699253
2,0.5292438239488171,0.05161881208016366,0.41913736397101914
2,0.027874175423236554,0.07519316452330882,0.8969326600534547
0,0.9483844054841823,0.010807386532218253,0.040808207983599507
0,0.9384434570917027,0.011654650423143778,0.04990189248515341
2,0.24728466846939737,0.07433965582535061,0.6783756757052519
2,0.03551111010093952,0.014328475272902612,0.9501604146261579
2,0.09986362264073276,0.09550696254464225,0.804629414814625
0,0.8627026741011617,0.019522511483616247,0.11777481441522232
2,0.2920816844982352,0.031176216400781217,0.6767420991009837
0,0.9006121249356954,0.02266544386937627,0.07672243119492834
0,0.94053978418343,0.009989274847304698,0.04947094096926479
0,0.277698229247599,0.06297605651597249,0.6593257142364284
0,0.6649070880015514,0.033234633350894896,0.30185827864755366
2,0.7492737930316472,0.017294777930333252,0.23343142903801956
2,0.9211206750259272,0.007885177388981182,0.07099414758509166
0,0.9476894524933658,0.010840833433948788,0.04146971407268549
2,0.3642261981305231,0.024388050686254114,0.6113857511832229
2,0.0385009791635868,0.014145408674246775,0.9473536121621663
0,0.8719466838143944,0.01745921703513679,0.11059409915046854
0,0.9522206880505812,0.009714011223314415,0.03806530072610424
0,0.8212036765175671,0.008979013957214323,0.16981730952521834
0,0.7938578657406146,0.03248983590591339,0.17365229835347198
2,0.010073462293512608,0.017044919833404212,0.9728816178730831
0,0.36091956691490995,0.04782176398329659,0.5912586691017934
0,0.7907140463059769,0.0297498012519253,0.17953615244209767
2,0.2605304164946045,0.02074116800988185,0.7187284154955137
0,0.94879840804183,0.012474833204639341,0.03872675875353055
0,0.1075474896278246,0.05919374796453853,0.8332587624076366
2,0.2200527321047721,0.010469713223649792,0.769477554671578
2,0.010081640285225,0.01156424293506311,0.9783541167797121
1,0.3941907878019529,0.028352341266580906,0.5774568709314662
0,0.9494190192290043,0.010561903295247038,0.04001907747574835
0,0.8427460105731488,0.01078956201304599,0.14646442741380508
2,0.18967225170277358,0.04760596192203635,0.7627217863751897
0,0.8550609250619855,0.007286374993771602,0.13765269994424284
0,0.9344897582549523,0.008654811280080752,0.05685543046496686
1,0.1990943400418541,0.1484585104438666,0.6524471495142792
0,0.8473855945239384,0.019423809473676754,0.13319059600238506
2,0.24096680005992968,0.08655527579550253,0.672477924144568
0,0.17075723240387525,0.07713782040245491,0.7521049471936697
0,0.9488509127309328,0.010994668355823882,0.040154418913243416
2,0.19935006400160965,0.13310736187956748,0.6675425741188228
0,0.5306801164392646,0.03382136903085668,0.43549851452987853
0,0.6595010727274246,0.07320430890775925,0.2672946183648161
0,0.7047076529741194,0.028092668430817834,0.2671996785950627
2,0.4615592334937185,0.060539796296701774,0.47790097020957967
2,0.10340328345254454,0.014334537642808318,0.8822621789046473
0,0.8255380499242315,0.045495090897312095,0.12896685917845635
2,0.09414361214076111,0.015324599924478521,0.8905317879347605
0,0.9428312317543324,0.012461976742075137,0.04470679150359216
2,0.30459680922304666,0.12444518855069997,0.5709580022262535
0,0.8494993227136012,0.011655415208652606,0.13884526207774592
0,0.5661820136076411,0.0680281879442574,0.3657897984481015
2,0.8890756200456227,0.017977721824846308,0.09294665812953096
0,0.5595770927116379,0.18925891092773361,0.2511639963606285
2,0.5648568599355448,0.035339989072719916,0.39980315099173525
0,0.9496455826252319,0.009142507386754201,0.04121190998801386
2,0.9520952658437413,0.010642837606497526,0.037261896549761184
0,0.8601767400350266,0.021124429221083804,0.11869883074388936
0,0.9494325259161869,0.009674430965694952,0.04089304311811801
0,0.5232019094135929,0.10382626276931453,0.3729718278170925
0,0.9469897497768051,0.011874978301160981,0.04113527192203412
2,0.09674461491490755,0.08358363114436058,0.8196717539407319
0,0.7335296787578056,0.03633295915496256,0.2301373620872323
0,0.8543733288754017,0.006465397502540447,0.1391612736220577
2,0.04446437164657542,0.009701717285111943,0.9458339110683123
0,0.9517026831347669,0.010303069095142888,0.037994247770090195
0,0.9580184047702973,0.007961222739931202,0.034020372489771314
0,0.8507483249231348,0.0632790165953808,0.08597265848148448
2,0.05652944651806418,0.03465392050925613,0.9088166329726798
2,0.004067576987693092,0.01268506223648685,0.9832473607758202
2,0.19921724725806308,0.0573839218460629,0.7433988308958739
2,0.10658061178942725,0.03342926876025842,0.8599901194503141
2,0.6623150636922164,0.02331000030033822,0.31437493600744554
2,0.48066024534951884,0.08604462003607866,0.4332951346144028
0,0.8812566832468766,0.017633302156171454,0.10111001459695187
0,0.9233524128777585,0.027380792630549607,0.049266794491691836
0,0.9496455826252319,0.009142507386754201,0.04121190998801386
1,0.4102332541988985,0.08780189882265724,0.5019648469784441
1,0.7703246849439612,0.01353209754367492,0.21614321751236387
0,0.8703283874630523,0.015500787490500339,0.11417082504644732
2,0.028638701176039737,0.05609290822277334,0.915268390601187
2,0.6791778398512938,0.004312628139924622,0.31650953200878146
0,0.6240864935701171,0.1107601365391799,0.265153369890703
0,0.945678222172646,0.011437326897270322,0.04288445093008388
0,0.928735641605994,0.012410977276133788,0.058853381117872215
2,0.030446674564570918,0.028869481981042822,0.9406838434543863
0,0.6404586414374235,0.08204165217257416,0.2774997063900025
0,0.8758782670798401,0.02102569631781018,0.10309603660234956
0,0.9183647805302434,0.017487400198187737,0.06414781927156885
2,0.6687318415312643,0.03006684263968219,0.3012013158290535
0,0.9419226171131754,0.014170983789921921,0.043906399096902256
0,0.9470152175619043,0.01095470831586384,0.04203007412223196
0,0.7371029601140193,0.08059711924841527,0.1822999206375653
0,0.9466190796068767,0.01012066338349296,0.04326025700963016
0,0.8562601170565343,0.022052069445903384,0.12168781349756203
2,0.5548134497795606,0.11075500458209474,0.3344315456383446
0,0.9441261730007201,0.010119597598868798,0.04575422940041115
0,0.8878501887632503,0.026321109758453455,0.08582870147829605
0,0.9409716592513311,0.011656402769664809,0.04737193797900359
2,0.6958681007849272,0.044630796819186164,0.2595011023958867
0,0.42196406796139835,0.0752144186930454,0.5028215133455564
0,0.6425543380517895,0.10406018793604889,0.25338547401216166
2,0.014877375277943585,0.014621130617306717,0.9705014941047497
0,0.7690333683348033,0.04622545461653982,0.1847411770486569
2,0.1324810710247521,0.06401019859296861,0.8035087303822793
2,0.6355597978004565,0.07053539018290926,0.29390481201663426
0,0.948156825623434,0.010469588764580217,0.04137358561198577
0,0.836285158768914,0.04012946267646236,0.12358537855462372
0,0.8418453801039689,0.01458005351923758,0.14357456637679347
2,0.3600586655905645,0.09450866590352154,0.545432668505914
0,0.8755129619693192,0.02825738875122683,0.09622964927945386
2,0.849165700413361,0.02370824113011627,0.1271260584565225
2,0.3775077235486218,0.03512604965102591,0.5873662268003523
0,0.9496455826252319,0.009142507386754201,0.04121190998801386
0,0.8335679590715322,0.02978246838716454,0.13664957254130314
2,0.03445714425831389,0.1577256508065695,0.8078172049351167
0,0.6551615676072909,0.04562368265078162,0.2992147497419276
0,0.7517704759623949,0.013018329991006706,0.23521119404659824
0,0.5756707860479633,0.053649875954773205,0.3706793379972634
0,0.9468229163107473,0.011392136343688776,0.04178494734556323
0,0.585339109494089,0.019734035635675325,0.3949268548702357
2,0.04465477718356441,0.016176956021160694,0.9391682667952749
0,0.9346542987290771,0.010415020010814745,0.05493068126010767
0,0.6935048403208678,0.06008006939912769,0.2464150902800044
1,0.46209523126099494,0.07712807144363881,0.4607766972953662
0,0.4789776207682194,0.006107160414617937,0.5149152188171625
2,0.4237147800731901,0.054157653613082835,0.522127566313727
2,0.19683832463440964,0.06768922284934308,0.7354724525162472
0,0.7257947611263741,0.003949271875081472,0.27025596699854443
0,0.9414962833864272,0.012716123597959123,0.04578759301561408
2,0.009141349282949749,0.005037915334159115,0.9858207353828911
0,0.9290083616386289,0.012844260598926512,0.058147377762444635
2,0.030095637920412248,0.03839762820128206,0.931506733878306
0,0.9517412767567215,0.009139555923194301,0.03911916732008414
0,0.8291975699218276,0.0301374575610129,0.14066497251715937
0,0.6510663428806355,0.03418459742867835,0.3147490596906861
0,0.9517412767567215,0.009139555923194301,0.03911916732008414
2,0.28007576650939175,0.06795764328043676,0.6519665902101714
0,0.9496455826252319,0.009142507386754201,0.04121190998801386
0,0.8832572927301106,0.02112409104267898,0.09561861622721038
0,0.8335041844436436,0.017367327030037516,0.14912848852631866
0,0.9251386282013284,0.015558079748180745,0.05930329205049074
2,0.6021751130157922,0.021833602343889806,0.3759912846403182
0,0.8292631795878608,0.031257710948629246,0.13947910946350997
0,0.3013853650001251,0.07547763331711836,0.6231370016827567
0,0.6975892251020404,0.050139190090319516,0.25227158480764095
0,0.8416809369222797,0.044077847983291965,0.1142412150944282
2,0.110462799540236,0.07526021189707376,0.8142769885626902
2,0.10223345073421515,0.01939707295692549,0.8783694763088593
0,0.4697568997645907,0.022843201492330233,0.5073998987430791
0,0.8623735967859794,0.022238783495002377,0.11538761971901808
2,0.7039540619184663,0.04814258463619254,0.24790335344534134
0,0.8772885678494519,0.024070016730821188,0.09864141541972705
0,0.9475947555287081,0.01080332757829505,0.04160191689299691
0,0.9520952658437413,0.010642837606497526,0.037261896549761184
0,0.9491165976551558,0.010779002546532508,0.04010439979831175
0,0.9499785728896544,0.01030900717799068,0.03971241993235457
0,0.4677559127985431,0.026090394103522645,0.506153693097934
2,0.03375107753075188,0.035103531717223836,0.9311453907520243
0,0.8198534116489635,0.015158050908011238,0.16498853744302527
0,0.8213079859903705,0.030202092193157875,0.1484899218164719
2,0.41358212058459315,0.029649878275888192,0.5567680011395189
2,0.5011232806219049,0.03674502349022003,0.4621316958878749
2,0.5017705427966401,0.06958417538183997,0.42864528182151995
0,0.386103287185278,0.05821026424324346,0.5556864485714788
0,0.8043867329053678,0.03246710089961789,0.1631461661950144
0,0.9476700978680446,0.010134225139774841,0.04219567699218046
0,0.4740139316102018,0.11386948281604668,0.4121165855737515
2,0.6781561152206871,0.02754242967124681,0.2943014551080661
0,0.9416077434188478,0.011075144694821182,0.04731711188633096
2,0.03232868316504005,0.06366370306840538,0.9040076137665543
0,0.8920101647889769,0.020889963712312228,0.08709987149871082
0,0.94879840804183,0.012474833204639341,0.03872675875353055
0,0.35154216650932674,0.08111810339977496,0.5673397300908982
0,0.7737353556447097,0.020526748827992332,0.20573789552729801
2,0.6496226191285016,0.03486649958974718,0.31551088128175125
0,0.7670570299741485,0.05890477901096738,0.17403819101488435
0,0.9125355966257306,0.011591539824517747,0.07587286354975178
0,0.6190656746191685,0.054577167780001115,0.3263571576008302
2,0.9522206880505812,0.009714011223314415,0.03806530072610424
0,0.8347668614399014,0.011141585655100872,0.15409155290499757
0,0.5422963156489631,0.10164401701327763,0.35605966733775923
1,0.08435812120232336,0.42473568276204415,0.49090619603563246
0,0.8820070691145404,0.018724464639237378,0.09926846624622274
0,0.9517412767567215,0.009139555923194301,0.03911916732008414
0,0.8487766967244635,0.005041456177968581,0.14618184709756793
0,0.8819238567270775,0.015887832508570614,0.10218831076435175
0,0.9530084006385692,0.009405135630344367,0.03758646373108634
0,0.9484203967676186,0.010642393354456424,0.04093720987792504
2,0.15050897883244826,0.029015794962651907,0.8204752262048998
2,0.4824787614003361,0.1362996383693836,0.3812216002302802
0,0.94879840804183,0.012474833204639341,0.03872675875353055
2,0.6477187028657617,0.12754901960784312,0.22473227752639519
2,0.34349389223040305,0.1216806604265626,0.5348254473430344
0,0.8638804400085139,0.009958971361784884,0.1261605886297008
0,0.934143752073066,0.01403072623318747,0.05182552169374585
2,0.39535257810291996,0.05099810303801316,0.5536493188590668
0,0.6989773540675477,0.04682157539382461,0.2542010705386278
2,0.17130009997628412,0.0623154091351755,0.7663844908885399
0,0.6480027455973116,0.11428931189699529,0.23770794250569308
2,0.03792553491292137,0.04573340866159088,0.9163410564254877
2,0.008769881781780894,0.004124350252597801,0.987105767965621
2,0.012042962733942902,0.01599469489985576,0.9719623423662014
2,0.004758216717360602,0.0051181552969232135,0.9901236279857162
0,0.948156825623434,0.010469588764580217,0.04137358561198577
0,0.8282926731882799,0.00568640213672803,0.1660209246749921
1,0.4351685159211368,0.050682504669870974,0.5141489794089922
2,0.020243362483906496,0.05864653129195905,0.9211101062241348
0,0.9366530619794023,0.013200799521470276,0.0501461384991268
2,0.5252903494077463,0.03477480006442003,0.4399348505278335
0,0.18754426591227083,0.04803888047876753,0.7644168536089615
0,0.7489391330433451,0.022677466623307715,0.22838340033334714
0,0.8734817046767663,0.032997863800185524,0.0935204315230482
0,0.9464723379360421,0.01023334578237681,0.04329431628158125
0,0.9341088277146786,0.009412488531522014,0.056478683753799365
0,0.4416049419719344,0.033105152803651776,0.525289905224414
2,0.12632785475991168,0.048669023572072645,0.8250031216680158
0,0.9530084006385692,0.009405135630344367,0.03758646373108634
2,0.8635877013624167,0.0048484492746753444,0.131563849362908
2,0.026647434639108448,0.00864216420143704,0.9647104011594544
0,0.9517412767567215,0.009139555923194301,0.03911916732008414
0,0.9530084006385692,0.009405135630344367,0.03758646373108634
0,0.9517026831347669,0.010303069095142888,0.037994247770090195
0,0.9474600918320296,0.010831265610893651,0.04170864255707686
0,0.906986253946644,0.014112637852116573,0.07890110820123937
0,0.9337274594741674,0.013931156713392557,0.052341383812440065
0,0.8981000875077265,0.026675226879378497,0.07522468561289476
0,0.9520952658437413,0.010642837606497526,0.037261896549761184
2,0.1066651515804452,0.09755858704885209,0.7957762613707027
0,0.8507681575004485,0.007531782433174055,0.14170006006637792
2,0.19119712973613281,0.019492362409616645,0.7893105078542506
0,0.8832572927301106,0.02112409104267898,0.09561861622721038
2,0.3024920685975727,0.05107150513281851,0.6464364262696086
0,0.9335867711807669,0.01346407388155606,0.05294915493767704
2,0.04062960309930347,0.032793910267257816,0.9265764866334386
2,0.36336561602124057,0.07027208674001735,0.5663622972387421
0,0.8920561445143339,0.008759146035891095,0.09918470944977445
2,0.21686879449728055,0.032401619629394716,0.7507295858733248
0,0.9530084006385692,0.009405135630344367,0.03758646373108634
0,0.9007532880444888,0.012679771622119106,0.08656694033339202
0,0.8737876435459848,0.015614622449990137,0.11059773400402496
2,0.641083942789379,0.11404820646963443,0.24486785074098646
0,0.943176273506827,0.012039602135416516,0.04478412435775643
0,0.40524699811998316,0.0875158547223349,0.5072371471576819
2,0.25508477378770816,0.09547595292435351,0.6494392732879383
2,0.04091783919283868,0.09326701091344274,0.8658151498937182
2,0.06812575993489053,0.06381116279534352,0.868063077269766
2,0.018755412657850697,0.03364945387827652,0.9475951334638727
2,0.008810345016924338,0.0078026997721911935,0.9833869552108844
0,0.8468723539497829,0.021213861236094447,0.1319137848141226
2,0.020805927930389323,0.01304036016482156,0.966153711904789
2,0.43192559386430157,0.07015448965951959,0.497919916476179
2,0.0016980872982102354,0.004985499322012582,0.993316413379777
2,0.08212479712202865,0.034374861641695544,0.8835003412362757
0,0.8157141881545018,0.03200599792435778,0.15227981392113996
2,0.8480871913689025,0.01351170124797997,0.13840110738311742
0,0.8771885933360538,0.02938745554796232,0.09342395111598352
0,0.9423660451865091,0.010495582367387667,0.04713837244610328
0,0.8596180096990971,0.016829235204151152,0.12355275509675172
0,0.6192027483122876,0.042540048908709445,0.33825720277900295
0,0.5092196250755877,0.0311242083480489,0.4596561665763634
0,0.9520952658437413,0.010642837606497526,0.037261896549761184
2,0.09135091457099191,0.09087522635176541,0.8177738590772428
2,0.3100447171444825,0.09061169206732772,0.5993435907881898
2,0.5825095461228397,0.02166226196888858,0.3958281919082717
2,0.10993552090690448,0.077612508965623,0.8124519701274721
2,0.012263107118737768,0.005035835312676031,0.9827010575685863
0,0.9451453840629996,0.01086519167851144,0.04398942425848877
2,0.1770506325222861,0.08200170466648622,0.7409476628112277
2,0.02132695134124146,0.02621879305045466,0.9524542556083039
0,0.947617725947444,0.010607819505217766,0.041774454547338254
0,0.8763344412342081,0.019673198610042072,0.10399236015575017
0,0.8526247476592789,0.022087026926615513,0.12528822541410614
2,0.009212586056780407,0.010382170264718101,0.9804052436785018
2,0.16768378224805242,0.011831338401641897,0.8204848793503057
1,0.7294892627498235,0.03008077454900455,0.24042996270117184
0,0.09232578177806712,0.03483658241188519,0.8728376358100478
0,0.8217470164596157,0.010736956795437479,0.1675160267449468
2,0.6266723637961927,0.028288901928313077,0.3450387342754942
0,0.8966647545187622,0.01864049307459176,0.08469475240664599
0,0.37049731775777694,0.10855354454028213,0.5209491377019408
0,0.9403201337215219,0.010490893538979064,0.04918897273949904
0,0.5733649438190349,0.07402700938568277,0.3526080467952825
2,0.03686140834578198,0.02662605411506534,0.9365125375391526
2,0.0015824268772063029,0.013494231968676263,0.9849233411541175
2,0.05104117295271956,0.02512775643312097,0.9238310706141595
2,0.872603050813598,0.00989184534132967,0.11750510384507228
0,0.6768221288488306,0.03082847023810398,0.2923494009130653
0,0.1946700753257086,0.23922334399043535,0.566106580683856
2,0.4499897609074255,0.021511189681934956,0.5284990494106395
0,0.8477298890023598,0.02622943110019497,0.12604067989744538
2,0.7701813432726743,0.01936413102069896,0.21045452570662665
0,0.9520952658437413,0.010642837606497526,0.037261896549761184
0,0.6887486277700761,0.02080047646879396,0.29045089576113015
2,0.5962716903521734,0.027660712787772157,0.37606759686005437
2,0.6282094431647043,0.03331424766870258,0.3384763091665932
0,0.9449825192389144,0.009220650701458636,0.045796830059626925
0,0.607105128968403,0.025284250469641518,0.36761062056195554
2,0.188448180060987,0.042438329574824574,0.7691134903641883
1,0.3601510630196297,0.06255222958341503,0.5772967073969554
0,0.7619432684884632,0.007730103308328565,0.23032662820320823
2,0.009134768556196026,0.011379912227211547,0.9794853192165924
0,0.8809506664630614,0.008544399119631485,0.11050493441730706
0,0.12888289994793037,0.04811226713367569,0.8230048329183938
0,0.9517412767567215,0.009139555923194301,0.03911916732008414
2,0.11876082812692625,0.021791208222838403,0.8594479636502355
1,0.5192677041880546,0.11179191741701769,0.3689403783949277
0,0.950343829400407,0.010387864515545093,0.0392683060840477
2,0.21340271594771085,0.03718425165225913,0.74941303240003
0,0.9352601380353921,0.007286374993771602,0.05745348697083632
0,0.9219073795204583,0.017252817138207123,0.06083980334133447
0,0.6277920978447661,0.03127707297537789,0.3409308291798559
1,0.6541987388356195,0.08362945887315629,0.26217180229122394
2,0.01978828474291048,0.013391453122900536,0.966820262134189
2,0.2498992357462836,0.09150754561641918,0.6585932186372973
2,0.3058067779524611,0.05205786657617236,0.6421353554713665
2,0.15073246040013266,0.04407774266340436,0.8051897969364632
2,0.09479316674985018,0.04808107964049922,0.8571257536096507
0,0.9517026831347669,0.010303069095142888,0.037994247770090195
2,0.5356539262999128,0.032908409723256045,0.4314376639768312
0,0.5158457757453628,0.051591693791232476,0.4325625304634048
1,0.4035818478632651,0.13427046155023362,0.46214769058650135
2,0.05586572868865443,0.032103384633620245,0.9120308866777251
0,0.8718036691763724,0.02398749379377737,0.1042088370298501
2,0.15169015405745495,0.12767818562966268,0.7206316603128825
0,0.9044551308153114,0.020917598299252885,0.07462727088543565
0,0.6848965195343399,0.09360091502048647,0.2215025654451737
0,0.9394898962358856,0.010402226292678339,0.05010787747143602
2,0.04629965551100159,0.09194825383726078,0.8617520906517373
0,0.9520952658437413,0.010642837606497526,0.037261896549761184
2,0.35146897878233374,0.0500584693460495,0.5984725518716169
0,0.9366800732945527,0.013094138834010153,0.05022578787143697
0,0.8520067235755483,0.047892966514338296,0.10010030991011318
2,0.11145282698694572,0.11526318519054692,0.7732839878225068
2,0.16894494263279153,0.05386865772032131,0.7771863996468871
0,0.751519856191423,0.06649352654931866,0.18198661725925816
0,0.9201009505623433,0.021560811852387392,0.05833823758526923
0,0.9517026831347669,0.010303069095142888,0.037994247770090195
0,0.8782750315635441,0.007730983108702523,0.113993985327753
2,0.9240031211044937,0.012028404643134273,0.06396847425237191
0,0.9481134330697737,0.01300615780689638,0.038880409123329934
0,0.4649978082260714,0.12338651592725543,0.411615675846673
0,0.5204419023340152,0.14898623305545147,0.33057186461053306
0,0.6981275296469801,0.019364651328013887,0.28250781902500605
1,0.5409093933049522,0.0836029751158267,0.37548763157922155
0,0.9500531366498982,0.010825570653400184,0.03912129269670177
0,0.5308924047720895,0.03799375205040605,0.4311138431775043
0,0.24915797820870422,0.061054135102309774,0.689787886688986
0,0.890605255543959,0.009048818561579179,0.10034592589446163
0,0.2963738862779932,0.0938126166215283,0.6098134971004784
0,0.9110021843243843,0.01984002365729824,0.06915779201831736
2,0.529534773078445,0.035776691268360424,0.4346885356531946
2,0.14979870948911195,0.03859649122807017,0.8116047992828179
2,0.8946374368687924,0.017614038412340664,0.08774852471886682
2,0.10697695131421388,0.06323068570196472,0.8297923629838215
2,0.8941923425766327,0.025499023245782314,0.08030863417758488
0,0.9471987711050144,0.010478075635595547,0.04232315325938987
2,0.4912232793745154,0.08651726397358098,0.4222594566519034
0,0.6386828893984214,0.07999898802466224,0.2813181225769164
0,0.9517412767567215,0.009139555923194301,0.03911916732008414
0,0.948156825623434,0.010469588764580217,0.04137358561198577
0,0.9426641096230283,0.012423325106147111,0.04491256527082455
2,0.00860161120518704,0.020864484660431983,0.970533904134381
2,0.8103744086996272,0.038128342192363794,0.15149724910800863
0,0.9524765025494479,0.009856242677186223,0.03766725477336598
1,0.7480851451490582,0.06795973366477269,0.183955121186169
0,0.9401842490576163,0.010252305407214769,0.04956344553516853
0,0.6832367734104997,0.036598783982255995,0.2801644426072442
0,0.9404263785468094,0.010178209594838974,0.04939541185835123
2,0.08855070507209159,0.008938721377145022,0.9025105735507636
0,0.9381842683559047,0.01266885641937616,0.049146875224718466
2,0.27750806833956454,0.033627235235131475,0.6888646964253042
2,0.8231512085947422,0.019497686025938175,0.1573511053793197
2,0.07061389532292797,0.06698451685901854,0.8624015878180534
0,0.21042621457869096,0.04147804705019576,0.7480957383711131
2,0.0017110569477480713,0.003991475863586005,0.9942974671886657
2,0.5435290778634653,0.11728256287925716,0.3391883592572776
0,0.9141498772215354,0.0185347567253479,0.06731536605311701
0,0.47367842544561967,0.04651224597925106,0.47980932857512937
0,0.9019988102566578,0.01631504566128897,0.08168614408205276
0,0.14615791855233173,0.023148461183605442,0.8306936202640631
0,0.9441261730007201,0.010119597598868798,0.04575422940041115
0,0.5188290112894316,0.04400794747299307,0.4371630412375754
1,0.08898353033799146,0.06549165480562713,0.8455248148563814
0,0.6728752708802471,0.026792674475361787,0.3003320546443911
0,0.8389897380106286,0.024550532345643156,0.1364597296437282
2,0.24851803153098018,0.06487946101213177,0.6866025074568883
0,0.4981541794032176,0.1248062334407195,0.37703958715606284
0,0.846324273309673,0.005098136252988243,0.14857759043733887
0,0.9520952658437413,0.010642837606497526,0.037261896549761184
2,0.9517026831347669,0.010303069095142888,0.037994247770090195
0,0.9520952658437413,0.010642837606497526,0.037261896549761184
2,0.2265839815682726,0.02893760573109199,0.7444784127006353
2,0.7168454706714869,0.05352352430828181,0.22963100502023143
2,0.04021763111554172,0.219037276309162,0.7407450925752963
2,0.013055451852445405,0.09918751690047979,0.8877570312470748
0,0.8230377536064974,0.014233359431107994,0.1627288869623943
0,0.8501387052492797,0.015701248617029432,0.13416004613369092
2,0.0042441182932666565,0.005636000735062257,0.9901198809716713
2,0.2926818113801585,0.10161322150006943,0.6057049671197721
0,0.8725442102885238,0.01913827228647227,0.10831751742500434
0,0.9520952658437413,0.010642837606497526,0.037261896549761184
0,0.5602542582686402,0.04343111552597578,0.39631462620538405
0,0.4854888832019012,0.0721050160802412,0.4424061007178574
0,0.18398952672689073,0.16256046614951994,0.6534500071235891
0,0.853386124685282,0.019597826225129428,0.1270160490895886
0,0.9529323321076335,0.009536457237225791,0.03753121065514061
0,0.8011951661656154,0.02077909002945288,0.17802574380493172
1,0.5221996136910306,0.15958737831232625,0.3182130079966429
0,0.21159824194119198,0.17172475035008064,0.6166770077087275
0,0.9120248671285629,0.015127702214341598,0.07284743065709567
0,0.8192542973418693,0.0554233100304303,0.12532239262770037
2,0.00432635620805603,0.0036320338812101866,0.9920416099107339
2,0.7246986166623578,0.06254091106288183,0.21276047227476025
0,0.41606076867474817,0.07050682082914037,0.5134324104961115
0,0.9415762909237466,0.010682234316507895,0.04774147475974555
2,0.08819414278790035,0.0806161280574693,0.8311897291546302
0,0.9462544668578973,0.011007502376065395,0.042738030766036904
2,0.0012135339559085497,0.0013502462795020533,0.9974362197645893
0,0.9458953266104004,0.010753441102149128,0.043351232287450484
2,0.906986253946644,0.014112637852116573,0.07890110820123937
0,0.6217465732182076,0.09610467917742548,0.28214874760436665
0,0.5956590695718846,0.04203514331140381,0.3623057871167115
2,0.006285132154355571,0.0034066605311219252,0.9903082073145224
0,0.9517026831347669,0.010303069095142888,0.037994247770090195
0,0.9314994529457851,0.009649990223450249,0.058850556830764296
0,0.8065762724806196,0.030164501777831348,0.1632592257415492
2,0.019196772901390262,0.029835180181125156,0.9509680469174846
