target,prediction_0,prediction_1,prediction_2
2,0.039798166198437485,0.03534585014931332,0.9248559836522494
0,0.8324404124072257,0.017496252353293607,0.15006333523948087
0,0.9171493056084667,0.013748718320675564,0.06910197607085777
2,0.11513321230124318,0.07426019645402007,0.8106065912447369
0,0.7927415687778074,0.020200462795114817,0.18705796842707798
0,0.7570593306537736,0.022129973436932033,0.22081069590929436
0,0.8686982192104018,0.020861793691730714,0.11043998709786773
2,0.023468317715305664,0.020960508701472553,0.9555711735832219
0,0.9325800740138632,0.011389295390824313,0.05603063059531249
1,0.4302368706359379,0.09062936145603684,0.47913376790802514
2,0.043232871769011694,0.028077858937703752,0.9286892692932848
0,0.8334080458059364,0.017789740696915985,0.1488022134971478
0,0.8420330824801879,0.018050294995011137,0.13991662252480075
0,0.8540150784058972,0.012437026896889263,0.1335478946972135
0,0.8984762333310751,0.014815089606092213,0.08670867706283264
2,0.1771463845123139,0.07761027349633026,0.7452433419913558
0,0.876774749547404,0.016896688053590972,0.10632856239900519
2,0.5325475428106682,0.07783436891813375,0.38961808827119804
0,0.8910617642940105,0.017620287157013765,0.09131794854897568
2,0.34398640069032327,0.06166204448935353,0.5943515548203232
0,0.8420330824801879,0.018050294995011137,0.13991662252480075
1,0.5190960730872228,0.08505453978841404,0.39584938712436313
2,0.21406539703179908,0.029968110913412917,0.7559664920547879
0,0.9114548244109374,0.013371900490604162,0.07517327509845828
0,0.4262797390691675,0.09114042126575449,0.4825798396650781
0,0.8850891922735882,0.02800870589687655,0.08690210182953513
0,0.9325800740138632,0.011389295390824313,0.05603063059531249
0,0.9201031503932963,0.013910885803169213,0.06598596380353468
0,0.5425236687098359,0.07627076952796498,0.38120556176219905
0,0.9208382447033794,0.012618253362724112,0.06654350193389644
2,0.1145252250990244,0.07304803851527544,0.8124267363857003
2,0.23690254908823113,0.036780711597526494,0.7263167393142425
0,0.362997815446235,0.07780828099918075,0.5591939035545841
2,0.41016701516784076,0.070404293611958,0.5194286912202013
0,0.6471990035424064,0.07274917401872966,0.2800518224388638
2,0.07008687549012545,0.03646576456274661,0.8934473599471282
2,0.5868339834430276,0.038644525908604586,0.3745214906483678
0,0.8891253308296327,0.02003244940067006,0.09084221976969716
0,0.7100944705325084,0.02567469637490023,0.2642308330925914
0,0.6829292667724896,0.023862571408073036,0.2932081618194374
0,0.9198673066085732,0.014466491896166674,0.06566620149526016
2,0.1295629764745764,0.11654884869713585,0.7538881748282878
0,0.8471418583551336,0.020468848639584557,0.13238929300528243
0,0.9171493056084667,0.013748718320675564,0.06910197607085777
0,0.9195066935951179,0.013872343283009025,0.06662096312187313
0,0.7684153834262345,0.02873386463589947,0.20285075193786603
0,0.8465284960803391,0.014000209893844588,0.1394712940258164
2,0.8108139348686624,0.02238821759272103,0.16679784753861657
0,0.7797050941584671,0.016053476998124587,0.2042414288434081
2,0.458487908585747,0.08649757857287957,0.45501451284137373
0,0.8952950553734583,0.0199398776658655,0.08476506696067622
0,0.9325800740138632,0.011389295390824313,0.05603063059531249
2,0.065731920669582,0.04537559042943405,0.8888924889009843
2,0.3098205626753338,0.07812493069110155,0.6120545066335646
2,0.36764948774398404,0.03610202981710234,0.5962484824389134
0,0.8959190033175309,0.015551190692939884,0.0885298059895292
0,0.6400853833177429,0.07210814012677225,0.2878064765554847
0,0.6188354914850931,0.07744085525551823,0.3037236532593886
0,0.8910617642940105,0.017620287157013765,0.09131794854897568
0,0.897022010137591,0.018359232372821933,0.0846187574895873
1,0.6460345478025358,0.07754837761679736,0.27641707458066683
2,0.8168615345586037,0.021772011389984906,0.16136645405141156
0,0.8420330824801879,0.018050294995011137,0.13991662252480075
2,0.3689546918208415,0.039161414793138845,0.5918838933860197
2,0.12487319242729875,0.045071291393261395,0.8300555161794397
2,0.026173234658885786,0.022000270418404185,0.9518264949227102
1,0.8283574007578611,0.021085141768774997,0.15055745747336388
2,0.5535919536873151,0.027453991868861036,0.4189540544438239
2,0.030649331440066263,0.030788959886403972,0.9385617086735297
0,0.8142141847996437,0.022206029908862446,0.163579785291494
0,0.9171493056084667,0.013748718320675564,0.06910197607085777
0,0.8984762333310751,0.014815089606092213,0.08670867706283264
0,0.9159813205552925,0.013957865785664462,0.07006081365904307
0,0.9190951663480798,0.01273472768653569,0.06817010596538454
2,0.021432405809187125,0.01510284547675883,0.9634647487140539
2,0.0574597699910225,0.04831363747089169,0.8942265925380857
0,0.9114548244109374,0.013371900490604162,0.07517327509845828
0,0.4812228745253042,0.05513702516579755,0.4636401003088982
0,0.8902908516747148,0.014599775466457996,0.09510937285882715
0,0.8236068907898335,0.013982376694987987,0.1624107325151786
0,0.6536916768937322,0.037354024452457654,0.30895429865381013
2,0.7376172844818072,0.03421045035410281,0.22817226516409017
1,0.7645768496467631,0.016268457963652592,0.21915469238958427
0,0.7854787092394158,0.03191219834980981,0.1826090924107744
0,0.8238514009052822,0.020319600066597596,0.1558289990281199
2,0.6812271914230693,0.04561416218197206,0.27315864639495885
0,0.9186943070213454,0.01357325647196576,0.06773243650668877
2,0.0564985644833174,0.045236876561113554,0.8982645589555689
0,0.9325800740138632,0.011389295390824313,0.05603063059531249
0,0.7479758353696755,0.023314633514022395,0.228709531116302
0,0.8301221818906223,0.01428009733189204,0.15559772077748565
0,0.6016760591678767,0.06595932664790909,0.33236461418421415
0,0.7339244876120407,0.041073511195816474,0.2250020011921429
0,0.9216947903032713,0.013707538909324971,0.06459767078740394
0,0.9229992957509483,0.013348830060506038,0.06365187418854616
0,0.8787205348339322,0.014091271463586073,0.10718819370248192
0,0.9201031503932963,0.013910885803169213,0.06598596380353468
2,0.023468317715305664,0.020960508701472553,0.9555711735832219
0,0.9325800740138632,0.011389295390824313,0.05603063059531249
0,0.5382667680923259,0.03140152265394033,0.4303317092537338
2,0.03212245081606063,0.032056279834308414,0.935821269349631
2,0.0178975006921614,0.0151866044901228,0.9669158948177156
2,0.032724155260211024,0.029744804367018148,0.9375310403727706
2,0.0574597699910225,0.04831363747089169,0.8942265925380857
0,0.9161183072023159,0.013712997295005419,0.07016869550267875
0,0.9229992957509483,0.013348830060506038,0.06365187418854616
0,0.9194807080723453,0.014755418127246955,0.06576387380040766
2,0.5410957980490693,0.0731131826131882,0.3857910193377424
0,0.7546380609276185,0.027647273360544306,0.21771466571183717
2,0.1366368423540296,0.08418928045219988,0.7791738771937704
0,0.8894169074136098,0.016078356996712024,0.09450473558967838
2,0.1546515909948367,0.0778370030178012,0.767511405987362
0,0.8315967752276243,0.022308613234225966,0.14609461153814973
2,0.04659482799444739,0.04295673589076939,0.9104484361147829
0,0.9131337905071031,0.015014995679981293,0.07185121381291562
0,0.813322716530924,0.018596730126585914,0.16808055334249
0,0.9209695818489309,0.013098911069334163,0.06593150708173488
0,0.9325800740138632,0.011389295390824313,0.05603063059531249
0,0.9212260866407007,0.013693340629627043,0.06508057272967244
2,0.7346907597277766,0.021778051266574172,0.24353118900564935
0,0.7886935649347953,0.014391077531930203,0.1969153575332744
0,0.9190951663480798,0.01273472768653569,0.06817010596538454
0,0.8357914154105472,0.019547686687322915,0.14466089790212977
0,0.9212260866407007,0.013693340629627043,0.06508057272967244
0,0.8154639135812691,0.021493719407930056,0.16304236701080085
0,0.6294184234870247,0.039187643020594964,0.33139393349238033
0,0.8273460322640128,0.019917199099357845,0.1527367686366288
0,0.8334080458059364,0.017789740696915985,0.1488022134971478
2,0.17229226712319293,0.08643430330644312,0.7412734295703642
0,0.9145765369229593,0.014076960667507825,0.0713465024095327
2,0.23957630093351412,0.05777228648376076,0.702651412582725
0,0.6909407283285909,0.026846658699573242,0.2822126129718359
2,0.035066328408110255,0.022658428717686377,0.9422752428742035
0,0.9159813205552925,0.013957865785664462,0.07006081365904307
2,0.5726044348706933,0.07177327458880363,0.3556222905405029
2,0.7020176521210494,0.026563328712846758,0.2714190191661041
0,0.5941550007041608,0.0735458793654023,0.3322991199304368
0,0.9171493056084667,0.013748718320675564,0.06910197607085777
0,0.8859516259245886,0.01848322937896661,0.09556514469644478
2,0.6254609642021947,0.014391077531930203,0.36014795826587515
0,0.5418452411431252,0.08769246579676399,0.37046229306011086
0,0.3084356275603298,0.06627511297809204,0.6252892594615783
0,0.7947078886625205,0.025395410225743282,0.1798967011117362
0,0.28227816086129426,0.06028392924574785,0.6574379098929581
0,0.7930055199685657,0.03456720412011064,0.1724272759113237
0,0.8312344701642828,0.013237838626861852,0.15552769120885543
2,0.10716715140118999,0.07374181898883075,0.819091029609979
0,0.9209695818489309,0.013098911069334163,0.06593150708173488
0,0.8616479253668236,0.01915069327010347,0.11920138136307287
2,0.21237838134432352,0.0899879125790788,0.6976337060765978
0,0.9150460500131667,0.013604428586890125,0.0713495213999431
2,0.4257820645758034,0.07355545552050638,0.5006624799036904
0,0.9229992957509483,0.013348830060506038,0.06365187418854616
0,0.8497465804253709,0.012497984111197763,0.13775543546343078
0,0.6268376423894045,0.023029356947728705,0.3501330006628669
0,0.8181982557828982,0.020184336722993478,0.16161740749410844
2,0.0376188017789576,0.028169931068573024,0.9342112671524695
2,0.08083143773754625,0.030072247712222857,0.889096314550231
2,0.7883605413915521,0.01676649178522586,0.19487296682322208
0,0.9208382447033794,0.012618253362724112,0.06654350193389644
0,0.11748753090078351,0.06375041658699893,0.8187620525122177
0,0.9178570629420822,0.01278837425603626,0.0693545628018814
2,0.8142141847996437,0.022206029908862446,0.163579785291494
2,0.8080572133460804,0.022831098793231964,0.16911168786068775
0,0.7786925861621338,0.018956172537912985,0.20235124129995338
2,0.3837999911785306,0.07891458835025622,0.5372854204712125
0,0.9208382447033794,0.012618253362724112,0.06654350193389644
2,0.06845242928249504,0.02948677697224149,0.9020607937452635
2,0.8142141847996437,0.022206029908862446,0.163579785291494
0,0.9161395289861093,0.014169213101386325,0.06969125791250451
0,0.5206841001180228,0.08504494932974296,0.3942709505522345
1,0.21096929369893114,0.04012566483242663,0.7489050414686421
2,0.26956841367052403,0.06899543367134645,0.6614361526581295
0,0.7116555229639658,0.04554996398669737,0.2427945130493369
2,0.18903142043979176,0.1421733084274149,0.6687952711327934
2,0.06730518769272976,0.0362142324002895,0.8964805799069809
0,0.9201031503932963,0.013910885803169213,0.06598596380353468
0,0.13889716826854015,0.06310761678478684,0.7979952149466731
2,0.2764470143812491,0.06267932262698696,0.6608736629917635
0,0.9325800740138632,0.011389295390824313,0.05603063059531249
0,0.40451124439472286,0.06657311302293954,0.5289156425823376
0,0.5489179881456407,0.08134924152392839,0.36973277033043095
2,0.029794331307256443,0.02300489054919875,0.9472007781435448
0,0.9171493056084667,0.013748718320675564,0.06910197607085777
2,0.4386191746486158,0.0968135890674257,0.4645672362839586
2,0.5592547532580795,0.03718056280948495,0.4035646839324356
1,0.4120983929839707,0.06781439902474479,0.5200872079912846
0,0.35736567710868294,0.06860705293465458,0.5740272699566625
2,0.6424759973204403,0.028758761315719916,0.32876524136383983
2,0.20948634376764352,0.0996072764870182,0.6909063797453381
0,0.7397998540755266,0.0255545383377667,0.23464560758670666
0,0.9209695818489309,0.013098911069334163,0.06593150708173488
0,0.696049348200187,0.03589069709347399,0.26805995470633914
2,0.3645256765285408,0.07467241780058408,0.5608019056708752
2,0.4327800869163283,0.08109858020629705,0.4861213328773748
0,0.9159552081904493,0.013607150070085863,0.07043764173946496
0,0.6826333934294673,0.0348201286050933,0.2825464779654396
0,0.9208382447033794,0.012618253362724112,0.06654350193389644
2,0.7965405815011752,0.01901064139630159,0.18444877710252292
0,0.9190951663480798,0.01273472768653569,0.06817010596538454
0,0.8688101820538772,0.02164017135879254,0.10954964658733032
0,0.9209695818489309,0.013098911069334163,0.06593150708173488
2,0.653202654828284,0.04592721440821622,0.3008701307634997
0,0.9186943070213454,0.01357325647196576,0.06773243650668877
0,0.7742528196769435,0.01979445487658491,0.20595272544647117
0,0.29992576198712745,0.051229031044115775,0.6488452069687567
0,0.830211874654648,0.008160085765740751,0.16162803957961122
2,0.42961039418900704,0.08597115930146683,0.48441844650952615
0,0.9212260866407007,0.013693340629627043,0.06508057272967244
2,0.4607125153834189,0.028937904402562862,0.5103495802140183
0,0.9325800740138632,0.011389295390824313,0.05603063059531249
2,0.8291333368552884,0.029413161943422295,0.1414535012012891
2,0.1292180706234974,0.08017017568428357,0.7906117536922191
2,0.09900859458208809,0.0439005354122492,0.8570908700056631
0,0.6780611903248857,0.04351363532056008,0.27842517435455433
0,0.7919364393854259,0.039608956311744194,0.16845460430282977
0,0.9178570629420822,0.01278837425603626,0.0693545628018814
0,0.7959960543891923,0.027462815341209926,0.17654113026959778
2,0.880922333838684,0.011410988131777865,0.10766667802953822
0,0.9046963222065914,0.01513769050137886,0.08016598729202978
0,0.42576457112033406,0.07115593346704194,0.5030794954126241
0,0.9159813205552925,0.013957865785664462,0.07006081365904307
2,0.9160853369842398,0.014275825499950382,0.06963883751581022
2,0.28227816086129426,0.06028392924574785,0.6574379098929581
2,0.04546351358255551,0.04152713246999319,0.9130093539474511
0,0.9225668975188253,0.014223876703802738,0.06320922577737204
0,0.9198673066085732,0.014466491896166674,0.06566620149526016
2,0.40778197867496563,0.0748108484345563,0.5174071728904781
2,0.06673896741826926,0.04024982805627329,0.8930112045254575
2,0.18445721867028553,0.07622938596258647,0.739313395367128
0,0.8281039973035254,0.021794375686689658,0.15010162700978513
2,0.3426668338595065,0.03988868140616631,0.6174444847343272
0,0.8658192867943983,0.02305726448645222,0.11112344871914931
0,0.9086529348326959,0.014337445483883809,0.0770096196834203
0,0.39103881907408733,0.04593247817494612,0.5630287027509663
0,0.7704702999900387,0.02119612607608397,0.2083335739338776
2,0.704989503088723,0.015096298569510664,0.27991419834176623
2,0.830211874654648,0.008160085765740751,0.16162803957961122
0,0.9225668975188253,0.014223876703802738,0.06320922577737204
2,0.41996153759429566,0.024069705723062492,0.5559687566826419
2,0.05452145483484223,0.028662178627066486,0.9168163665380911
0,0.9111454378325444,0.01539201394206986,0.07346254822538555
0,0.9229992957509483,0.013348830060506038,0.06365187418854616
0,0.9201031503932963,0.013910885803169213,0.06598596380353468
0,0.7953109715512634,0.01936906882101397,0.1853199596277227
2,0.026423196601478186,0.028944687107857303,0.9446321162906645
0,0.5228265278405265,0.07486421785996097,0.4023092542995125
0,0.8142141847996437,0.022206029908862446,0.163579785291494
2,0.323960705208812,0.03052138469787565,0.6455179100933123
0,0.8526774319576661,0.021342924333129235,0.12597964370920464
0,0.15176613833829927,0.07504837957048296,0.7731854820912181
2,0.2664485183274284,0.027080144086924416,0.7064713375856472
2,0.040612150391320836,0.03368414985197168,0.9257036997567072
1,0.5960971222708443,0.021534253221257064,0.38236862450789855
0,0.9201031503932963,0.013910885803169213,0.06598596380353468
0,0.8960975961621457,0.01348243268589199,0.09041997115196224
2,0.2742808389869861,0.08316431757280265,0.6425548434402112
0,0.830211874654648,0.008160085765740751,0.16162803957961122
0,0.9159552081904493,0.013607150070085863,0.07043764173946496
1,0.1798110144253868,0.10546574941876202,0.7147232361558514
0,0.7904165541518449,0.025433245668634596,0.18415020017952033
2,0.2841381454417744,0.06268444052046719,0.6531774140377583
0,0.2183145670511867,0.08986472553460016,0.6918207074142128
0,0.9186943070213454,0.01357325647196576,0.06773243650668877
2,0.15484399363652224,0.10243752054929654,0.742718485814181
0,0.7328135056462032,0.028007936534978215,0.23917855781881844
0,0.5096480313102978,0.07520520675229227,0.41514676193740985
0,0.6890423165348029,0.02895795041004103,0.28199973305515624
2,0.5142204496398445,0.08378471275748053,0.4019948376026752
2,0.43340930992735577,0.028459695988602943,0.5381309940840413
0,0.7743366590660712,0.04205757959068252,0.18360576134324627
2,0.20229510587948413,0.04965730135195378,0.7480475927685621
0,0.9178570629420822,0.01278837425603626,0.0693545628018814
2,0.24169261690349084,0.0972794868421853,0.6610278962543238
0,0.8233798461560248,0.013744673610819266,0.16287548023315607
0,0.561733185217554,0.06723297596799885,0.37103383881444696
2,0.8301282123873033,0.023436768499284805,0.14643501911341247
0,0.5808438286296508,0.07410036399822773,0.34505580737212144
2,0.56446090309786,0.03938361610674784,0.39615548079539203
0,0.9209695818489309,0.013098911069334163,0.06593150708173488
2,0.9212260866407007,0.013693340629627043,0.06508057272967244
0,0.8996088859331537,0.014596479534847863,0.08579463453199848
0,0.9086695014868218,0.011866545347481688,0.07946395316569653
0,0.49562892277865284,0.09198441656937341,0.41238666065197377
0,0.9186943070213454,0.01357325647196576,0.06773243650668877
2,0.13544564716603186,0.08438444440551153,0.7801699084284572
0,0.7775068428412496,0.021533004613728392,0.2009601525450221
0,0.7820865972664403,0.015186638747732495,0.20272676398582726
2,0.08016505687388739,0.030159308748023736,0.8896756343780887
0,0.9325800740138632,0.011389295390824313,0.05603063059531249
0,0.8820503464407684,0.017774124603319855,0.1001755289559116
0,0.8212504531943352,0.032614167908727405,0.14613537889693762
2,0.0971483301910737,0.08449743094559484,0.8183542388633315
2,0.026343888072899727,0.020287498213655848,0.9533686137134445
2,0.29496644321483834,0.06518986567824987,0.6398436911069119
2,0.16129310815288597,0.04547868214931841,0.7932282096977956
2,0.6185082382233439,0.026884402591956055,0.35460735918470054
2,0.5597065015090523,0.06775996102206727,0.37253353746888007
0,0.8346216378665422,0.018457602986030906,0.14692075914742697
0,0.9209695818489309,0.013098911069334163,0.06593150708173488
0,0.9209695818489309,0.013098911069334163,0.06593150708173488
1,0.4297900363002089,0.06813054690473735,0.5020794167950539
1,0.7646029048064641,0.021203846698006165,0.21419324849552973
0,0.8457644670502655,0.018372935512571742,0.13586259743716264
2,0.034666606082196655,0.028964522417852967,0.9363688714999502
2,0.8372899952984703,0.011836775482964959,0.15087322921856436
0,0.47522618772943065,0.09550271693611123,0.42927109533445823
0,0.9167811171620932,0.01499803331961089,0.0682208495182958
0,0.8890354964780985,0.017938653991557335,0.09302584953034453
2,0.023468317715305664,0.020960508701472553,0.9555711735832219
0,0.3890520422100656,0.074639357755448,0.5363086000344862
0,0.8828864155210306,0.017264732237577962,0.09984885224139149
0,0.8970457725872395,0.01707276961371041,0.08588145779905
2,0.7987160183682949,0.02252535852907633,0.17875862310262913
0,0.9023127312426616,0.018044656375771986,0.07964261238156631
0,0.9186943070213454,0.01357325647196576,0.06773243650668877
0,0.5737412664987923,0.07955967059631616,0.34669906290489144
0,0.9110905027112582,0.014399300825853997,0.07451019646288791
0,0.815749793836384,0.021080971440323018,0.16316923472329298
2,0.5175131388782135,0.10164384847119212,0.3808430126505944
0,0.9209695818489309,0.013098911069334163,0.06593150708173488
0,0.8727871968437623,0.025902095949497786,0.10131070720673986
0,0.896432464538175,0.015186301710892853,0.08838123375093225
2,0.7566990750621797,0.029481636925227234,0.2138192880125929
0,0.38552803934771096,0.06760423841765735,0.5468677222346316
0,0.7162253293846658,0.03279726442315856,0.25097740619217584
2,0.03554152835189759,0.03709742855887005,0.9273610430892323
0,0.818929720015404,0.01993540289516316,0.16113487708943264
2,0.12107888825912631,0.07104498604026283,0.807876125700611
2,0.5324542907189815,0.07230653329739901,0.3952391759836196
0,0.9067140175158172,0.01436622552345389,0.07891975696072913
0,0.7977569692946926,0.03668565478397666,0.16555737592133069
0,0.7689914845355702,0.019996482830821945,0.2110120326336081
2,0.31907477409841467,0.06992755534286557,0.6109976705587196
0,0.8651538721447429,0.026125358083368074,0.10872076977188917
2,0.8121067787216708,0.024434602476781402,0.16345861880154774
2,0.5531674246844123,0.040517584910192674,0.40631499040539515
0,0.9209695818489309,0.013098911069334163,0.06593150708173488
0,0.8551054085124794,0.03751590892614001,0.10737868256138056
2,0.04689796569675929,0.04325216324863044,0.90984987105461
0,0.6558042267418034,0.046622872241189404,0.2975729010170073
0,0.7415871952109969,0.01827662796142598,0.2401361768275772
0,0.5581775044528129,0.06345389549053788,0.37836860005664913
0,0.9201031503932963,0.013910885803169213,0.06598596380353468
0,0.5853359241403375,0.01896182664081024,0.3957022492188522
2,0.07845807678975927,0.0370097980059807,0.88453212520426
0,0.9201031503932963,0.013910885803169213,0.06598596380353468
0,0.6039833396987409,0.06952811644565723,0.3264885438556019
1,0.464315363767539,0.09841558015856844,0.43726905607389266
0,0.7563110183715938,0.015252718183795231,0.22843626344461107
2,0.3822063227394112,0.062110295032814344,0.5556833822277745
2,0.20138511639912332,0.07286730904252421,0.7257475745583527
0,0.9186943070213454,0.01357325647196576,0.06773243650668877
0,0.9194807080723453,0.014755418127246955,0.06576387380040766
2,0.04317656888870406,0.028284121867251995,0.9285393092440439
0,0.9208382447033794,0.012618253362724112,0.06654350193389644
2,0.0392678251939966,0.03387111015265063,0.9268610646533525
0,0.9171493056084667,0.013748718320675564,0.06910197607085777
0,0.7650034880686637,0.03955830401446956,0.1954382079168667
0,0.7684153834262345,0.02873386463589947,0.20285075193786603
0,0.9159813205552925,0.013957865785664462,0.07006081365904307
2,0.38316754489161886,0.09011163047558043,0.5267208246328008
0,0.9176586420884113,0.012863720839396034,0.0694776370721926
0,0.8142141847996437,0.022206029908862446,0.163579785291494
0,0.8134277421356306,0.022248577504052767,0.1643236803603167
0,0.9111454378325444,0.01539201394206986,0.07346254822538555
2,0.6600273685428847,0.027975066058971033,0.3119975653981443
0,0.8066981849780596,0.035031433386570734,0.1582703816353697
0,0.38901788968401996,0.09092022039332619,0.5200618899226538
0,0.7149020367803257,0.034870704566928895,0.2502272586527454
0,0.9145765369229593,0.014076960667507825,0.0713465024095327
2,0.19705406185597585,0.0694835253439221,0.7334624128001023
2,0.3553286018367856,0.06177509285015576,0.5828963053130585
0,0.5426694932431113,0.03578655354875375,0.4215439532081351
0,0.8142141847996437,0.022206029908862446,0.163579785291494
2,0.709715918134633,0.03332172179954343,0.25696236006582346
0,0.8341053488344942,0.027071697111181386,0.1388229540543247
0,0.9186943070213454,0.01357325647196576,0.06773243650668877
0,0.9195385152582366,0.013830896038381679,0.0666305887033819
0,0.9186943070213454,0.01357325647196576,0.06773243650668877
0,0.9180341014298373,0.014082970447303547,0.06788292812285925
0,0.46071445223010654,0.03164706424231029,0.5076384835275829
2,0.04473741707349193,0.038499402857435486,0.9167631800690726
0,0.7791065611433698,0.018540708955518934,0.20235272990111072
0,0.7741455407111859,0.028457356892241506,0.19739710239657265
2,0.48579425358535977,0.04443984928824332,0.46976589712639705
2,0.2968163487240683,0.059312971690966367,0.6438706795849654
2,0.5223959030227284,0.07129034447822467,0.40631375249904683
0,0.4645222332385115,0.08432006275154769,0.45115770400994065
0,0.8142141847996437,0.022206029908862446,0.163579785291494
0,0.9114548244109374,0.013371900490604162,0.07517327509845828
0,0.4160530631428163,0.08076688657501717,0.5031800502821667
2,0.7972306180547092,0.021090990342846987,0.18167839160244387
0,0.9225668975188253,0.014223876703802738,0.06320922577737204
2,0.06440427678388326,0.05698651389814343,0.8786092093179733
0,0.8142141847996437,0.022206029908862446,0.163579785291494
0,0.8984762333310751,0.014815089606092213,0.08670867706283264
0,0.43407834115576727,0.08109746821224917,0.4848241906319836
0,0.7660548360296745,0.015484332122531022,0.21846083184779433
2,0.7009285417762516,0.035176798951348356,0.2638946592724001
0,0.6427687792939719,0.07149527498209417,0.285735945723934
0,0.9153299144943883,0.014223070440707433,0.07044701506490471
0,0.4181163486719042,0.07382856341189674,0.508055087916199
2,0.9229992957509483,0.013348830060506038,0.06365187418854616
0,0.7615295246825704,0.018583305299167376,0.219887170018262
0,0.48490221128622596,0.09361974826630835,0.4214780404474658
1,0.11052333270357075,0.2277116527069295,0.6617650145894998
0,0.8368909430778969,0.021741244852734026,0.14136781206936921
0,0.9122584877644323,0.014190153360865099,0.0735513588747026
0,0.829346302037342,0.013809173351536612,0.15684452461112158
0,0.8471418583551336,0.020468848639584557,0.13238929300528243
0,0.9190951663480798,0.01273472768653569,0.06817010596538454
0,0.9198673066085732,0.014466491896166674,0.06566620149526016
2,0.2981440775972076,0.057719873015416395,0.6441360493873753
2,0.40225677813428945,0.08552631225280524,0.5122169096129051
0,0.8984762333310751,0.014815089606092213,0.08670867706283264
2,0.2968163487240683,0.059312971690966367,0.6438706795849654
2,0.44874209764240236,0.08534124404302815,0.4659166583145695
0,0.834529544274102,0.013867052219859155,0.15160340350603885
0,0.9165255832286191,0.014366660787492767,0.06910775598388827
2,0.3048488076150474,0.03204888277105182,0.6631023096139008
0,0.8109386283663277,0.0250726459362303,0.16398872569744213
2,0.2719175479169795,0.06642447987055346,0.6616579722124668
0,0.5914161971321071,0.07590688865893495,0.3326769142089578
2,0.0883493494058715,0.04799076389032125,0.8636598867038074
2,0.03986091214465245,0.03323503368739131,0.9269040541679563
2,0.02286993135558248,0.021216774156184514,0.9559132944882333
2,0.030649331440066263,0.030788959886403972,0.9385617086735297
0,0.9159813205552925,0.013957865785664462,0.07006081365904307
0,0.844489874353831,0.011973155872807782,0.14353696977336106
1,0.36838659661775625,0.05283819089683556,0.5787752124854083
2,0.05468759962230879,0.04613617994397353,0.8991762204337173
0,0.9165255832286191,0.014366660787492767,0.06910775598388827
2,0.44706229725692886,0.042031742935244164,0.510905959807827
0,0.2609000588098413,0.03081997536469752,0.7082799658254613
0,0.7657816106619555,0.022333370492620803,0.211885018845424
0,0.8243917566830339,0.025809217717389053,0.14979902559957714
0,0.9218121401891088,0.013233818010516403,0.0649540418003752
0,0.8879150202727636,0.013686088663591575,0.09839889106364463
0,0.6693414526701226,0.02758377586484564,0.30307477146503187
2,0.12107888825912631,0.07104498604026283,0.807876125700611
0,0.9208382447033794,0.012618253362724112,0.06654350193389644
2,0.844489874353831,0.011973155872807782,0.14353696977336106
2,0.04830908910903528,0.03321908413912204,0.9184718267518425
0,0.9171493056084667,0.013748718320675564,0.06910197607085777
0,0.9208382447033794,0.012618253362724112,0.06654350193389644
0,0.9325800740138632,0.011389295390824313,0.05603063059531249
0,0.9194807080723453,0.014755418127246955,0.06576387380040766
0,0.8437093345370401,0.020256617601611526,0.13603404786134882
0,0.8910617642940105,0.017620287157013765,0.09131794854897568
0,0.806323238012013,0.03180942585927739,0.1618673361287099
0,0.9212260866407007,0.013693340629627043,0.06508057272967244
2,0.12107888825912631,0.07104498604026283,0.807876125700611
0,0.844526786250093,0.013159633714098002,0.14231358003580874
2,0.1595163110761058,0.03014402796839011,0.8103396609555042
0,0.8142141847996437,0.022206029908862446,0.163579785291494
2,0.3168971503293976,0.0941378242569124,0.58896502541369
0,0.9121175010780668,0.014524530175931402,0.07335796874600223
2,0.08342000543945714,0.027281883044323822,0.8892981115162188
2,0.4963291276116187,0.07904518790099346,0.4246256844873879
0,0.8852227710281384,0.018937271486582294,0.0958399574852793
2,0.2679934317401398,0.06663306314363371,0.6653735051162258
0,0.9208382447033794,0.012618253362724112,0.06654350193389644
0,0.8334080458059364,0.017789740696915985,0.1488022134971478
0,0.8399318715419081,0.015795001255082784,0.1442731272030088
2,0.4885872226994774,0.08683768735469156,0.4245750899458308
0,0.8910617642940105,0.017620287157013765,0.09131794854897568
0,0.46595102649851183,0.08196835590199511,0.4520806175994928
2,0.24387762734053803,0.05424524536096054,0.7018771272985015
2,0.08142313475496875,0.05334175597256366,0.8652351092724676
2,0.07800718525022521,0.0482503492344824,0.8737424655152923
2,0.046916689154248056,0.03161887308335914,0.9214644377623927
2,0.022894852362099056,0.025027198567050133,0.952077949070851
0,0.80072962552942,0.022004796417651108,0.17726557805292895
2,0.023468317715305664,0.020960508701472553,0.9555711735832219
2,0.44507738909882555,0.07122370043094219,0.48369891047023233
2,0.020489061287308045,0.021881748869993386,0.9576291898426986
2,0.18063757799806837,0.04809946671198286,0.771262955289949
0,0.8105139719015562,0.022885465623902996,0.1666005624745409
2,0.7598777328988066,0.01769238804762738,0.22242987905356587
0,0.8245791489115627,0.03365414840774241,0.14176670268069486
0,0.9186943070213454,0.01357325647196576,0.06773243650668877
0,0.8268199307475179,0.02353731048393169,0.1496427587685504
0,0.6811726138371117,0.031216187923046215,0.2876111982398421
0,0.6153045643995938,0.035352825682454736,0.3493426099179514
0,0.9212260866407007,0.013693340629627043,0.06508057272967244
2,0.12136271351593123,0.08386447068954542,0.7947728157945237
2,0.4045867284878433,0.08385266014642566,0.5115606113657309
2,0.5015162732639169,0.03254095393163426,0.4659427728044488
2,0.15648892210943796,0.07301900061941821,0.7704920772711437
2,0.0261607802601559,0.020073830035192124,0.9537653897046522
0,0.9178570629420822,0.01278837425603626,0.0693545628018814
2,0.20749459743655993,0.0490872134952397,0.7434181890682006
2,0.023538112916341475,0.02550400569514587,0.9509578813885127
0,0.9225668975188253,0.014223876703802738,0.06320922577737204
0,0.8368909430778969,0.021741244852734026,0.14136781206936921
0,0.8315967752276243,0.022308613234225966,0.14609461153814973
2,0.03762890639683471,0.03276226108429886,0.9296088325188662
2,0.20409294037867348,0.043075922451471634,0.7528311371698546
1,0.7763884617839384,0.011242159803654214,0.21236937841240736
0,0.2840732133316045,0.05194100124423889,0.6639857854241565
0,0.7759807561920652,0.017720761923655716,0.2062984818842792
2,0.6821134656682496,0.02540423801123438,0.29248229632051603
0,0.9190951663480798,0.01273472768653569,0.06817010596538454
0,0.3947475932691359,0.07331563598586338,0.5319367707450007
0,0.9100983577175261,0.013305658738585305,0.07659598354388851
0,0.5065175667509487,0.07726154291813928,0.4162208903309122
2,0.045450920046322604,0.038616764351630396,0.915932315602047
2,0.019572605357332837,0.022990957237321925,0.9574364374053453
2,0.05185252362594765,0.03887780661138478,0.9092696697626674
2,0.8535651651640838,0.01224875598703794,0.13418607884887782
0,0.6373863701237102,0.04189836884334048,0.3207152610329495
0,0.232522915670116,0.11689234590632237,0.6505847384235616
2,0.6538320500929012,0.03536265251468734,0.3108052973924115
0,0.8080572133460804,0.022831098793231964,0.16911168786068775
2,0.7835576724042341,0.01977019440185361,0.19667213319391227
0,0.9204249772367435,0.013637099553396157,0.06593792320986049
0,0.6723193063213336,0.022152187704433418,0.30552850597423303
2,0.6018895114208077,0.0376240392979813,0.36048644928121104
2,0.6527608460367175,0.04187945338871047,0.30535970057457207
0,0.9171493056084667,0.013748718320675564,0.06910197607085777
0,0.6502582607403989,0.022995329381382767,0.32674640987821835
2,0.3668418900699078,0.0596167870811802,0.573541322848912
1,0.2968163487240683,0.059312971690966367,0.6438706795849654
0,0.8319510651452132,0.01433683061189541,0.1537121042428915
2,0.024943500072237505,0.022088829644511733,0.9529676702832505
0,0.830211874654648,0.008160085765740751,0.16162803957961122
0,0.27733068290725443,0.06425691564617231,0.6584124014465733
0,0.9159813205552925,0.013957865785664462,0.07006081365904307
2,0.0562908156913348,0.03762722018561837,0.906081964123047
1,0.4572715545745807,0.09109753432301024,0.4516309111024089
0,0.9178570629420822,0.01278837425603626,0.0693545628018814
2,0.24568825488950152,0.05816728677780432,0.6961444583326943
0,0.830211874654648,0.008160085765740751,0.16162803957961122
0,0.8984762333310751,0.014815089606092213,0.08670867706283264
0,0.7477074496262236,0.023962118560795075,0.22833043181298152
1,0.5196459488172416,0.08283291790039317,0.3975211332823649
2,0.024578273071313293,0.020896601822346813,0.9545251251063396
2,0.2883473315639169,0.07375688860442589,0.6378957798316568
2,0.2968163487240683,0.059312971690966367,0.6438706795849654
2,0.3173747688757858,0.061269668144270345,0.6213555629799437
2,0.1542984280077477,0.09955653410808266,0.7461450378841697
0,0.8867812726404541,0.017917130117861335,0.09530159724168451
2,0.6679806857328995,0.021977567582268744,0.3100417466848319
0,0.27372411478876557,0.058264229948529894,0.6680116552627047
1,0.3897783223378651,0.07267710540541496,0.5375445722567199
2,0.13122990983625268,0.07067309709512413,0.7980969930686231
0,0.8740720828865047,0.023280968657443293,0.1026469484560521
2,0.20254982271217342,0.05153115948159984,0.7459190178062267
0,0.8622698431741442,0.02123512967786105,0.11649502714799456
0,0.6003589591595985,0.0742987486245707,0.3253422922158306
0,0.9209695818489309,0.013098911069334163,0.06593150708173488
2,0.097183270058252,0.08526286139651297,0.817553868545235
0,0.9212260866407007,0.013693340629627043,0.06508057272967244
2,0.4242989502291662,0.039395402749502755,0.5363056470213313
0,0.9178570629420822,0.01278837425603626,0.0693545628018814
0,0.7714057265998085,0.03897477777990166,0.1896194956202898
2,0.13557028779802727,0.11329876453400504,0.7511309476679677
2,0.18142816779646748,0.04560302798228924,0.7729688042212433
0,0.608295158077581,0.08482114227386077,0.30688369964855816
0,0.8803360660325631,0.024083338479393684,0.09558059548804308
0,0.9325800740138632,0.011389295390824313,0.05603063059531249
0,0.8288136364998001,0.013293538142695443,0.15789282535750448
2,0.8872112455300978,0.018639865049907712,0.09414888941999444
0,0.9212260866407007,0.013693340629627043,0.06508057272967244
0,0.47633989092990764,0.08923680360909712,0.4344233054609953
0,0.5043671072509256,0.08307140455733535,0.41256148819173916
0,0.7011523725235473,0.023996624591446747,0.274851002885006
1,0.537064850706354,0.07849187091392804,0.3844432783797177
0,0.9186943070213454,0.01357325647196576,0.06773243650668877
0,0.4651714560617057,0.07965539942884722,0.455173144509447
0,0.27879044161233774,0.06524337287206752,0.6559661855155947
0,0.9178570629420822,0.01278837425603626,0.0693545628018814
0,0.3306325484157098,0.0580043008766839,0.611363150707606
0,0.8982940836754467,0.015721216735946765,0.08598469958860665
2,0.4332819088331537,0.03825073366067372,0.5284673575061724
2,0.1495924212381582,0.04396814905737576,0.806439429704466
2,0.8471418583551336,0.020468848639584557,0.13238929300528243
2,0.09324307075188212,0.046278284896207944,0.8604786443519098
2,0.8403579798227557,0.02779414462540206,0.13184787555184202
0,0.9178570629420822,0.01278837425603626,0.0693545628018814
2,0.42835944899959066,0.06084216569814873,0.5107983853022608
0,0.5180000468858041,0.07939736993620237,0.40260258317799336
0,0.9102305260191556,0.014489961890577182,0.0752795120902672
0,0.9171493056084667,0.013748718320675564,0.06910197607085777
0,0.9165731823890835,0.014276118137482939,0.06915069947343372
2,0.041591276232233056,0.03324048312897297,0.925168240638794
2,0.845949315512861,0.024853420015612516,0.1291972644715265
0,0.9229992957509483,0.013348830060506038,0.06365187418854616
1,0.5849605508893787,0.08109346162554357,0.3339459874850777
0,0.9201031503932963,0.013910885803169213,0.06598596380353468
0,0.7761200339389404,0.02708123641410232,0.19679872964695735
0,0.9201031503932963,0.013910885803169213,0.06598596380353468
2,0.3318954117977044,0.031379094294073415,0.6367254939082221
0,0.9165255832286191,0.014366660787492767,0.06910775598388827
2,0.2613768049568904,0.059050315975129664,0.67957287906798
2,0.7630354066358611,0.019774225379089017,0.21719036798505
2,0.159178197973892,0.0878631262619987,0.7529586757641092
0,0.2590894410806716,0.06501703188473314,0.6758935270345953
2,0.0224329308428172,0.023778902635307082,0.9537881665218756
2,0.5010236294853121,0.09455486214337472,0.4044215083713132
0,0.8812384374466379,0.019143843154206485,0.09961771939915567
0,0.4181163486719042,0.07382856341189674,0.508055087916199
0,0.9111454378325444,0.01539201394206986,0.07346254822538555
0,0.16435030652800486,0.02664642740345816,0.8090032660685369
0,0.9209695818489309,0.013098911069334163,0.06593150708173488
0,0.46999813363195225,0.006578947368421052,0.5234229189996268
1,0.15845202139047287,0.0936126505429299,0.747935328066597
0,0.6233572354854774,0.026938819607018733,0.3497039449075039
0,0.8163567420655464,0.020770492274498835,0.16287276565995396
2,0.35081051881370573,0.0619081572566939,0.5872813239296002
0,0.5190960730872228,0.08505453978841404,0.39584938712436313
0,0.8436142553637697,0.012283568488431994,0.14410217614779833
0,0.920893680899314,0.013651297833094087,0.06545502126759196
2,0.9325800740138632,0.011389295390824313,0.05603063059531249
0,0.9204249772367435,0.013637099553396157,0.06593792320986049
2,0.3046737506799124,0.06087179101567593,0.6344544583044116
2,0.7272182650347923,0.02506556166555921,0.24771617329964868
2,0.1442786069651741,0.19817578772802655,0.6575456053067993
2,0.05213555084657689,0.047340081570005396,0.9005243675834177
0,0.8298278989729505,0.014788470095130183,0.1553836309319193
0,0.911199818521771,0.014126468122240282,0.07467371335598921
2,0.027387421564480867,0.024812752621443425,0.9477998258140758
2,0.4552972582254742,0.0791538357491798,0.46554890602534604
0,0.8368909430778969,0.021741244852734026,0.14136781206936921
0,0.9216947903032713,0.013707538909324971,0.06459767078740394
0,0.686761096803933,0.031531348892115355,0.2817075543039516
0,0.4682253090574743,0.08101756848741312,0.45075712245511257
0,0.24212868016723996,0.08573958984463853,0.6721317299881214
0,0.8104540944503681,0.018882527636323393,0.17066337791330843
0,0.9209695818489309,0.013098911069334163,0.06593150708173488
0,0.8533908520033063,0.012865652467598762,0.13374349552909492
1,0.5557429422504983,0.09274185570166077,0.3515152020478408
0,0.21417800812514837,0.08912503749930104,0.6966969543755505
0,0.8424860745621261,0.02334727865062928,0.13416664678724463
0,0.7581935179516115,0.04062395699073944,0.20118252505764966
2,0.0178975006921614,0.0151866044901228,0.9669158948177156
2,0.6051521993951426,0.0741750562514579,0.3206727443533996
0,0.4870944613571464,0.06408285485486093,0.44882268378799267
0,0.9100983577175261,0.013305658738585305,0.07659598354388851
2,0.14965248345519033,0.045363886830856875,0.8049836297139529
0,0.9161183072023159,0.013712997295005419,0.07016869550267875
2,0.018581124090833716,0.02239996760221875,0.9590189083069476
0,0.9162199799535828,0.014483454256537076,0.06929656578987999
2,0.8471418583551336,0.020468848639584557,0.13238929300528243
0,0.492328851990372,0.08721222058475156,0.4204589274248763
0,0.2623475331257261,0.057484359984529,0.6801681068897444
2,0.023468317715305664,0.020960508701472553,0.9555711735832219
0,0.9325800740138632,0.011389295390824313,0.05603063059531249
0,0.892994474578287,0.01562258201238847,0.09138294340932476
0,0.8638339230964769,0.020422385721563185,0.11574369118195982
2,0.04993338195493002,0.04053259940211078,0.9095340186429592
0,0.8049549907568457,0.02131510535406267,0.1737299038890918
2,0.08038358171380305,0.05536970715047073,0.8642467111357262
