target,prediction_0,prediction_1,prediction_2
2,0.17596146290317072,0.048146674107636275,0.7758918629891931
0,0.76589501410355,0.027421516333146878,0.20668346956330308
0,0.909008472319718,0.016848081283663913,0.07414344639661835
2,0.3168048376483082,0.08087679330049494,0.6023183690511968
0,0.6341022311949954,0.03949429053947132,0.3264034782655331
0,0.7378702725014018,0.02569395270977971,0.23643577478881825
0,0.8964895884487539,0.02029601208538896,0.08321439946585728
2,0.09510222436133553,0.03968598937261148,0.8652117862660528
0,0.9163538287667446,0.014672758871037792,0.06897341236221755
1,0.3777640663826347,0.06817550512248736,0.554060428494878
2,0.045050090882748084,0.01522051506077875,0.9397293940564729
0,0.746419809988137,0.026418852081854915,0.2271613379300081
0,0.7912579041666651,0.023307388553743,0.185434707279592
0,0.8928688637195019,0.01725274671868327,0.08987838956181479
0,0.8645307359009576,0.028849884165462532,0.1066193799335794
2,0.39666517815895436,0.0552293318391278,0.548105490001918
0,0.845862263640469,0.02573781233074404,0.12839992402878683
2,0.48849637326544315,0.10293630479648112,0.4085673219380757
0,0.889061328522712,0.021101522491989273,0.08983714898529857
2,0.33860122868723536,0.05768862151474554,0.6037101497980191
0,0.7403873934654842,0.02943205527173016,0.23018055126278558
1,0.4938525323887288,0.06670583066979173,0.43944163694147936
2,0.21408982365863474,0.05186186066625021,0.7340483156751149
0,0.9098305114067728,0.017907903347239976,0.07226158524598734
0,0.6374864454784288,0.06621139176615372,0.2963021627554174
0,0.8824988798198281,0.027379999351457202,0.09012112082871465
0,0.9180357100929422,0.016166887462030807,0.06579740244502699
0,0.917923589579442,0.0136090332848347,0.06846737713572322
0,0.5762820995368756,0.047112657107945,0.37660524335517936
0,0.9119888308355896,0.014942201705778514,0.07306896745863163
2,0.25361749581053133,0.05746029155837338,0.6889222126310951
2,0.34137460633995714,0.04068294993212538,0.6179424437279174
0,0.5439352493127273,0.08436702971143319,0.3716977209758394
2,0.5580725755491438,0.054870447783837636,0.3870569766670183
0,0.8116006670501449,0.03904358645873746,0.14935574649111807
2,0.29430350103828906,0.04998783403260426,0.6557086649291067
2,0.6667458520584083,0.03425596555424479,0.29899818238734704
0,0.887299099954975,0.024295409973525472,0.08840549007149949
0,0.3869550613663034,0.043868023405230896,0.5691769152284657
0,0.4964574278616581,0.04558461150112131,0.45795796063722066
0,0.8949112618795177,0.02094815877473078,0.08414057934575164
2,0.5270312817589072,0.10827541564311552,0.36469330259797733
0,0.7489652880910854,0.028540518653925383,0.22249419325498898
0,0.9240983610506863,0.013989246528176853,0.06191239242113702
0,0.91500759738679,0.016082561404691473,0.06890984120851851
0,0.7123909544171662,0.03789366974215311,0.24971537584068068
0,0.8902588117984389,0.01947541025284288,0.09026577794871847
2,0.7712569000080859,0.03094308987817635,0.19780001011373777
0,0.7818142109146589,0.020180239223240467,0.19800554986210067
2,0.5180318692139837,0.06740073582572807,0.4145673949602883
0,0.8924280165682839,0.02493316079327371,0.0826388226384426
0,0.9162475161345793,0.01638670949967418,0.06736577436574613
2,0.26284031719916084,0.09234860982290596,0.6448110729779333
2,0.4321636850840593,0.04682521717622584,0.5210110977397149
2,0.47521139618108726,0.03901210214135524,0.48577650167755737
0,0.9091625183331584,0.016270546158165266,0.07456693550867634
0,0.829100878897836,0.03087712512351104,0.140021995978653
0,0.7917477372476804,0.05498759846933726,0.1532646642829824
0,0.8976853727528414,0.018047705658623705,0.08426692158853448
0,0.8870396044187571,0.02491220901367826,0.08804818656756452
1,0.6977179606512648,0.03987667319735385,0.26240536615138144
2,0.6933710741873741,0.039646210641710505,0.2669827151709154
0,0.7683476386970284,0.031140522854745018,0.2005118384482267
2,0.18881376837340721,0.012355101152770644,0.7988311304738223
2,0.2671365175203904,0.05505603286885845,0.6778074496107511
2,0.025,0.0,0.975
1,0.7849994245504062,0.02082476415595817,0.19417581129363554
2,0.39301773932218753,0.03716435586799694,0.5698179048098158
2,0.2611754281667328,0.06776427865396338,0.6710602931793035
0,0.7537824622081348,0.032928815526137356,0.21328872226572795
0,0.9227492591345957,0.014917309858831081,0.06233343100657325
0,0.7998650685040702,0.028466612421038335,0.1716683190748911
0,0.9217956123431975,0.014673222386294465,0.06353116527050816
0,0.9134146667185434,0.01676411597274372,0.06982121730871266
2,0.0065399845632403775,0.006099915130297726,0.9873601003064618
2,0.13407030089551805,0.022705551946455495,0.8432241471580267
0,0.9154618223532465,0.015412889777985628,0.06912528786876788
0,0.45870030788571414,0.041911874872008606,0.4993878172422774
0,0.810678561413121,0.017494033071966723,0.17182740551491207
0,0.8768433455849849,0.015426956595977523,0.10772969781903764
0,0.6187695633058533,0.0438091875780685,0.33742124911607835
2,0.8548711317809904,0.018638017152963093,0.12649085106604657
1,0.6013217698397034,0.022081716866200647,0.3765965132940962
0,0.7200977142676878,0.05380982581146881,0.22609245992084342
0,0.7223268942168843,0.03355834421037197,0.24411476157274395
2,0.6116243142292254,0.04139583175369368,0.34697985401708104
0,0.9206288894127721,0.015111098687224439,0.06426001190000344
2,0.2386847666515495,0.07827694324931954,0.6830382900991306
0,0.9179272658121047,0.016541881092785322,0.06553085309510989
0,0.7207839524363446,0.035986427582141746,0.24322961998151343
0,0.8043056315378115,0.024720958622655543,0.17097340983953283
0,0.5603055870116115,0.04802440772281231,0.3916700052655763
0,0.7751748882535842,0.03772238367054961,0.1871027280758659
0,0.9133802128029034,0.017606290170936838,0.06901349702615994
0,0.917641889248634,0.017996698657819908,0.06436141209354629
0,0.8347604197911916,0.024130532628691664,0.14110904758011675
0,0.917923589579442,0.0136090332848347,0.06846737713572322
2,0.06000957839472594,0.05730576968253391,0.8826846519227397
0,0.8990543671579573,0.020458780745456196,0.0804868520965865
0,0.772594975427638,0.039003259228259875,0.18840176534410205
2,0.08530797631818984,0.0570310776640941,0.8576609460177159
2,0.06901766104552483,0.011932294285235462,0.9190500446692398
2,0.06276621184726883,0.04357722660677131,0.8936565615459597
2,0.13979869442309226,0.050130769471590154,0.8100705361053175
0,0.9110300586540578,0.015353383098873205,0.07361655824706885
0,0.8838236221068878,0.025908269605809758,0.09026810828730222
0,0.9222048832562756,0.014147506001891826,0.06364761074183271
2,0.5597386580842151,0.04824198217063979,0.3920193597451452
0,0.5320339803001449,0.05831252762809856,0.4096534920717566
2,0.2360183543127293,0.05817599906213085,0.70580564662514
0,0.8780700071380008,0.021210303072934485,0.10071968978906476
2,0.39256391828668474,0.06671365313047896,0.5407224285828357
0,0.758007574675586,0.028923451444238468,0.21306897388017548
2,0.22470157505726732,0.058015516867800855,0.7172829080749318
0,0.9159619909981025,0.016312666607744036,0.06772534239415351
0,0.5477344836816996,0.036069232934635785,0.4161962833836646
0,0.9178842489918401,0.016770674488321587,0.06534507651983824
0,0.9173985662208157,0.01569687638359989,0.06690455739558444
0,0.9068057207298159,0.018789679989833222,0.07440459928035104
2,0.27430418819594743,0.0875588488960182,0.6381369629080345
0,0.9036996922876814,0.017742716249044044,0.07855759146327422
0,0.8947324810813378,0.020141767632175275,0.08512575128648679
0,0.7164426296767415,0.03678434417350986,0.2467730261497489
0,0.9169834272263261,0.01549248365973705,0.06752408911393701
0,0.7175954083779954,0.02637447415693082,0.2560301174650739
0,0.7365037702198937,0.044176792380317624,0.21931943739978865
0,0.7734408714610348,0.026285743239608878,0.20027338529935643
0,0.7914279404270991,0.024096877145375565,0.18447518242752522
2,0.32078001368281933,0.07565600749994958,0.6035639788172312
0,0.8881783795741315,0.02328736515388392,0.08853425527198411
2,0.18492872177741249,0.023301925762799092,0.7917693524597884
0,0.7046348770407332,0.029807120133737177,0.2655580028255296
2,0.08719976382498813,0.04336944119983041,0.8694307949751817
0,0.905166290366315,0.019057847729367097,0.07577586190431806
2,0.8070793019412559,0.06177851842673175,0.13114217963201238
2,0.5376892728725106,0.04297660911631928,0.41933411801117043
0,0.7446369437969715,0.05698378491585713,0.1983792712871713
0,0.9253434287928471,0.013831021442626185,0.06082554976452693
0,0.8924922088769388,0.018434797084974888,0.08907299403808627
2,0.7286194523800108,0.018475618170348124,0.25290492944964105
0,0.48684392400447796,0.0587463661787437,0.4544097098167781
0,0.38705462383188766,0.0676805662036819,0.5452648099644304
0,0.7364050422286077,0.038962468183563755,0.22463248958782853
0,0.39789816195345773,0.03998101015300245,0.5621208278935396
0,0.8755864292592275,0.0217411447261266,0.10267242601464584
0,0.8929811992627461,0.015142301563293195,0.09187649917396044
2,0.28782507450124983,0.057732272253680814,0.6544426532450691
0,0.8950790742650638,0.018725169153472446,0.08619575658146346
0,0.7967572424600128,0.028132096062785134,0.17511066147720206
2,0.3278179379576654,0.0578286802006909,0.6143533818416436
0,0.9186784961889728,0.013748939476429745,0.06757256433459777
2,0.3356062849120118,0.058270825046704916,0.6061228900412832
0,0.9233968564200047,0.014871203831782734,0.06173193974821264
0,0.9009321712773551,0.012321413683667367,0.08674641503897755
0,0.5224008887371415,0.03730942905513504,0.4402896822077234
0,0.6291631458445939,0.03708809730049143,0.3337487568549149
2,0.12107115242667593,0.05148464654538541,0.8274442010279387
2,0.08691627770471586,0.006212454212454212,0.9068712680828301
2,0.7267928654540243,0.02607080168671133,0.24713633285926456
0,0.9085814837520992,0.016543545614071616,0.07487497063382889
0,0.1706484799191513,0.04176653366137713,0.7875849864194719
0,0.9217291679098482,0.014041703169030731,0.06422912892112113
2,0.7532875175516294,0.031203461431257698,0.2155090210171126
2,0.7036427493541919,0.03658855009685568,0.2597687005489524
0,0.7656573611828212,0.023340628983022433,0.21100200983415646
2,0.33761547357221733,0.05171272750112244,0.6106717989266602
0,0.9115439975474361,0.01730114129945182,0.07115486115311187
2,0.03909790444091651,0.013835431364920575,0.9470666641941625
2,0.7110302188861038,0.03107120611544537,0.25789857499845054
0,0.9060905847998697,0.016918153256054308,0.07699126194407603
0,0.6097519718358543,0.07089428470916058,0.319353743454985
1,0.45270515084541296,0.05387531933073666,0.4934195298238504
2,0.2450929091109368,0.047462347710699265,0.707444743178364
0,0.6779826366695033,0.03978432996016625,0.2822330333703306
2,0.5549584956297553,0.05535240829522255,0.38968909607502217
2,0.22324383270382173,0.04457977014587358,0.7321763971503047
0,0.9202608746333141,0.013739656496490903,0.065999468870195
0,0.28260477726821226,0.047716649622954785,0.669678573108833
2,0.358047932594059,0.0544284662451016,0.5875236011608396
0,0.9185611562929902,0.015480273625430595,0.0659585700815789
0,0.364953208382446,0.04426284170614032,0.5907839499114137
0,0.5260563006738792,0.06314325744233248,0.41080044188378834
2,0.027957827096409024,0.011596368916919267,0.9604458039866717
0,0.9128325182175379,0.015530983526605393,0.07163649825585705
2,0.3597280426199964,0.0755356621711033,0.5647362952089
2,0.5188852642306867,0.04890974587794808,0.43220498989136524
1,0.7230017955000851,0.058945069168825096,0.21805313533108986
0,0.38588808863829804,0.035815919477839415,0.5782959918838626
2,0.5220980947810576,0.0425010850310368,0.43540082018790544
2,0.4806797679171238,0.08157907995960158,0.4377411521232747
0,0.5743608970838835,0.07537981986331097,0.3502592830528054
0,0.9178960177358811,0.015442383492217606,0.06666159877190113
0,0.5706580202608281,0.03310667469402774,0.3962353050451442
2,0.2891964935113542,0.05156472545053192,0.659238781038114
2,0.3399916903829986,0.06335138346895793,0.5966569261480434
0,0.9088225388121528,0.01641224220368,0.07476521898416737
0,0.6022524957443901,0.04655126967895861,0.3511962345766513
0,0.9144728692304228,0.0163759362265145,0.06915119454306265
2,0.6696629960246018,0.02726891407754055,0.30306808989785783
0,0.9148217418029777,0.015327007936345855,0.06985125026067637
0,0.8765492101357057,0.026187157826110842,0.09726363203818329
0,0.9119441036502045,0.017294835240781195,0.07076106110901421
2,0.8276592875372386,0.028247673974617502,0.1440930384881441
0,0.9168142594246159,0.01679887536630075,0.0663868652090833
0,0.6994534537381497,0.03755489256903707,0.2629916536928134
0,0.3417678079523947,0.04702855463364386,0.6112036374139616
0,0.9009968034286404,0.013752511518536195,0.08525068505282327
2,0.4183167934992805,0.07352104521930825,0.5081621612814112
0,0.9226973522911921,0.015335596009315203,0.061967051699492806
2,0.11098488398781506,0.012953477391455737,0.8760616386207292
0,0.9081907545623005,0.019407461512259774,0.07240178392543968
2,0.8298872061465877,0.029882557277793938,0.14023023657561828
2,0.2382748896768722,0.061614018495274064,0.7001110918278535
2,0.16912407230364337,0.03039719982189479,0.8004787278744617
0,0.7555122619969215,0.04452993182503033,0.19995780617804815
0,0.8535413563786136,0.03108807122959825,0.1153705723917884
0,0.9088293644651845,0.01710610482813268,0.07406453070668255
0,0.735194115308057,0.04015950989387641,0.22464637479806648
2,0.9052097676750922,0.01423834919977681,0.08055188312513104
0,0.9138484654715553,0.016883483735870303,0.06926805079257463
0,0.4099500428227131,0.06193248863046428,0.5281174685468227
0,0.8277249021855859,0.025568851550312098,0.14670624626410192
2,0.8962548453215609,0.01905189646199436,0.08469325821644472
2,0.4371685521785806,0.03446803616855406,0.5283634116528654
2,0.1872321462541065,0.04567318724915312,0.7670946664967404
0,0.9141290961537144,0.016872183491420636,0.06899872035486505
0,0.9014936860742949,0.020206600507648876,0.07829971341805635
2,0.4100348769656857,0.04064906121658054,0.5493160618177335
2,0.13675576309662715,0.028304269076556105,0.8349399678268167
2,0.23251304302968606,0.04855688005429215,0.7189300769160217
0,0.7936087300554113,0.02403040104703134,0.18236086889755712
2,0.06757736463196233,0.015767178531619488,0.9166554568364181
0,0.8721659953471801,0.027384768735482866,0.10044923591733704
0,0.9138974073551843,0.014071197936728608,0.07203139470808687
0,0.2845663316487054,0.046177961869478486,0.6692557064818161
0,0.5663966369846537,0.039384889090577496,0.3942184739247689
2,0.5353340718041458,0.039264028472915075,0.42540189972293896
2,0.9082036496561744,0.015545038642662393,0.07625131170116305
0,0.919175472560512,0.01426174021186634,0.06656278722762178
2,0.7278955517380676,0.023424120021187024,0.24868032824074518
2,0.30404815575652067,0.05846975457455437,0.637482089668925
0,0.7323730565958574,0.03213677292909644,0.2354901704750461
0,0.920248896393924,0.0159464905074755,0.0638046130986005
0,0.9212778782071357,0.013269894379001512,0.06545222741386265
0,0.8962347929912254,0.018225825503117188,0.08553938150565753
2,0.05133015130177344,0.021491352915398287,0.9271784957828283
0,0.40235690291372916,0.056979922280097565,0.5406631748061732
0,0.751993275836228,0.03179398848323384,0.21621273568053798
2,0.2531355974707187,0.026946034917247362,0.7199183676120339
0,0.8969421153472988,0.018544285835432918,0.08451359881726793
0,0.2956957448502952,0.06802040929815376,0.636283845851551
2,0.2285337270156359,0.050429551417824944,0.7210367215665393
2,0.13213580037869607,0.0369532122269178,0.8309109873943862
1,0.23903917197966676,0.03144542076422287,0.7295154072561102
0,0.9202608746333141,0.013739656496490903,0.065999468870195
0,0.8865844945517977,0.02041861151978805,0.0929968939284138
2,0.3126790981692945,0.05630003180960108,0.6310208700211045
0,0.9093291039875662,0.015970903309574472,0.07469999270285924
0,0.918494606088857,0.013404411826952211,0.06810098208419106
1,0.3026615345365775,0.0910698192611797,0.6062686462022426
0,0.7407975020004561,0.030719489930443208,0.2284830080691007
2,0.44906530010846707,0.06769539717397764,0.48323930271755494
0,0.3682223034568536,0.04864297067445422,0.5831347258686923
0,0.9157553377746832,0.017330917661628385,0.06691374456368848
2,0.24284719674395613,0.056161568797104836,0.7009912344589391
0,0.454384714886446,0.04049224783067458,0.5051230372828794
0,0.7346928387955979,0.05734545736718344,0.20796170383721854
0,0.6369227644734635,0.030252065263789225,0.3328251702627473
2,0.4808039162298433,0.06056439933191327,0.4586316844382435
2,0.03539607481285491,0.016539280487579768,0.9480646446995653
0,0.8282952107398291,0.03975305047908651,0.13195173878108435
2,0.24962623303532355,0.035216633463989115,0.715157133500687
0,0.9129681195467175,0.017424145130490204,0.06960773532279235
2,0.4034191950764227,0.12653297871304425,0.4700478262105329
0,0.8745376967117598,0.020186640783449283,0.10527566250479116
0,0.773760033621355,0.05772555029529742,0.16851441608334752
2,0.7514419067492502,0.029342546541462466,0.21921554670928742
0,0.592712233566295,0.058762251560736355,0.3485255148729687
2,0.4067929150135554,0.0627748045442572,0.5304322804421874
0,0.9187465006976131,0.01489759123514797,0.06635590806723886
2,0.923067706800826,0.013884235818729888,0.06304805738044424
0,0.8514548108153944,0.032470232053849905,0.11607495713075575
0,0.8839388335390809,0.01695960955800054,0.09910155690291825
0,0.5573870883632699,0.06799491366238332,0.37461799797434664
0,0.9157553377746832,0.017330917661628385,0.06691374456368848
2,0.1541601029322709,0.05084639475069755,0.7949935023170317
0,0.4866251915890763,0.04500039340376245,0.4683744150071612
0,0.8466434377848618,0.01676194763048482,0.1365946145846535
2,0.06723256650980891,0.03170050193030178,0.9010669315598894
0,0.9160182037608231,0.01772340315594595,0.06625839308323055
0,0.892944676830316,0.01749856788663414,0.08955675528304999
0,0.8862269485729518,0.023703653319964664,0.09006939810708366
2,0.17613132568148304,0.09746288539783216,0.7264057889206849
2,0.017723929902537183,0.025821346142997904,0.9564547239544647
2,0.3378379343026813,0.030669395657567582,0.6314926700397513
2,0.26342731775920214,0.04754295078012481,0.6890297314606729
2,0.5032381537760059,0.038214928897899327,0.45854691732609476
2,0.540199760198766,0.043211877286953755,0.41658836251428005
0,0.7864810302784949,0.027922727262185837,0.18559624245931935
0,0.9189145214051142,0.015123207868822347,0.06596227072606325
0,0.9119394703175012,0.01705760534150052,0.07100292434099802
1,0.7415486852998352,0.0719386735811938,0.18651264111897092
1,0.8600402474246739,0.023787337792678297,0.11617241478264789
0,0.7929999281766287,0.024683370586854988,0.1823167012365167
2,0.16785594036562262,0.04814158117605985,0.7840024784583174
2,0.891570055621598,0.01643192980456091,0.09199801457384126
0,0.48976560550879583,0.07141679169093354,0.43881760280027066
0,0.9197532997520603,0.014257439927615224,0.0659892603203244
0,0.9006773279780416,0.018688065747994663,0.08063460627396386
2,0.3357726006762665,0.07734251824180813,0.5868848810819249
0,0.495310492364272,0.04811336631225623,0.4565761413234717
0,0.9009031085197279,0.015558920229765235,0.08353797125050658
0,0.8956421995406961,0.019493075296307127,0.08486472516299666
2,0.6836711216969282,0.028486644634098144,0.28784223366897355
0,0.8945234307362279,0.021859079070929203,0.08361749019284312
0,0.9162721237121126,0.016368692509969005,0.06735918377791829
0,0.5624892689299479,0.09766575988351604,0.33984497118653617
0,0.8851153842335967,0.019815161130224954,0.09506945463617844
0,0.7997262542861959,0.02214093021780432,0.17813281549599974
2,0.6086698451220044,0.061414543790318625,0.32991561108767686
0,0.9188947453686517,0.013856468666209482,0.0672487859651388
0,0.8780591052823297,0.024610861275220528,0.0973300334424498
0,0.7700636839742465,0.03225573096448106,0.19768058506127262
2,0.6948038033027224,0.035308551567113475,0.26988764513016417
0,0.5098423376291795,0.04009100914013201,0.4500666532306885
0,0.5364227922660686,0.05141636647728656,0.4121608412566449
2,0.25899235105695206,0.0726234892980529,0.668384159644995
0,0.7491364997719705,0.024857294727223516,0.22600620550080625
2,0.5082984602524165,0.05987243051474002,0.4318291092328431
2,0.4167373418652147,0.05441293431467806,0.5288497238201074
0,0.9148041894854981,0.014815709437840448,0.07038010107666168
0,0.8743342615952643,0.03352305319412161,0.09214268521061406
0,0.7131200412876396,0.02894838057059604,0.2579315781417645
2,0.6961865270086907,0.04828335334268125,0.25553011964862793
0,0.8937842718786219,0.02239642377315242,0.08381930434822571
2,0.701112260647441,0.04944203596215707,0.24944570339040192
2,0.5565274464097058,0.04088057670084485,0.40259197688944964
0,0.917675177684441,0.014793591158243054,0.067531231157316
0,0.8803027246302646,0.02405750367404681,0.09563977169568841
2,0.21074804842770453,0.06253767633349033,0.7267142752388052
0,0.4908759245675269,0.05077463917798581,0.4583494362544871
0,0.571785482757605,0.030711801162773732,0.39750271607962107
0,0.8358129651639118,0.02511095616912624,0.13907607866696198
0,0.9186214216562064,0.014447791183153664,0.06693078716063997
0,0.6482673105642739,0.028216225236910572,0.32351646419881547
2,0.171328957621442,0.07315840852171676,0.7555126338568413
0,0.9202608746333141,0.013739656496490903,0.065999468870195
0,0.738004193855413,0.0680733655185607,0.19392244062602632
1,0.355638727313348,0.05826901402575877,0.5860922586608933
0,0.6005748144857955,0.03463117686581622,0.364794008648388
2,0.6014417372527266,0.030698014211372714,0.36786024853590077
2,0.4695620469528384,0.045604103545875366,0.4848338495012863
0,0.8916412784911905,0.017858145941455635,0.09050057556735398
0,0.916300551689332,0.01622482630459143,0.0674746220060766
2,0.1096235221972281,0.03422939131810472,0.8561470864846673
0,0.9085706689825916,0.016933365252639537,0.07449596576476884
2,0.11819339696390802,0.0413407882992621,0.84046581473683
0,0.9213464276155855,0.013470546055590366,0.06518302632882428
0,0.8662617592410563,0.028095058275017296,0.10564318248392662
0,0.7018109557674131,0.03694088528815791,0.261248158944429
0,0.9230921470657845,0.013876354227431763,0.06303149870678398
2,0.3402516563220235,0.04534854257550931,0.614399801102467
0,0.915247600459825,0.015656079462024956,0.06909632007815006
0,0.8119827110573689,0.026992078978567754,0.16102520996406322
0,0.6954005956696512,0.032660882767683724,0.27193852156266507
0,0.8842992265701205,0.015383222068432343,0.10031755136144721
2,0.3823815872159297,0.05099119681449375,0.5666272159695768
0,0.8766490380943812,0.028892804740314453,0.09445815716530416
0,0.40080653301894825,0.07141421008922132,0.5277792568918304
0,0.6612890528681347,0.0468631674334558,0.2918477796984094
0,0.8773214925623282,0.02332239729841937,0.09935611013925208
2,0.4482992768965426,0.0516006133355523,0.5001001097679048
2,0.3565445498427671,0.04714002170003784,0.5963154284571951
0,0.5042572449788747,0.03112741716636228,0.4646153378547629
0,0.7642437521571629,0.03689122357857937,0.19886502426425762
2,0.49163559713205157,0.06130413714740095,0.4470602657205475
0,0.8831972795282761,0.025673848839799906,0.09112887163192412
0,0.9143564369591569,0.01754979811035064,0.06809376493049238
0,0.9039641707137045,0.01915089984927273,0.07688492943702283
0,0.9097096107877093,0.01693599929374726,0.07335438991854351
0,0.9073503533889073,0.01627037457532194,0.07637927203577059
0,0.7049825062820857,0.0319020008253405,0.26311549289257385
2,0.13204340926376823,0.050709599970049916,0.8172469907661817
0,0.6938330325630269,0.027903400771796222,0.27826356666517715
0,0.681003921566892,0.04429763419819507,0.27469844423491285
2,0.33665175868810965,0.03975736022695438,0.6235908810849362
2,0.46939012011913245,0.04852439605136258,0.482085483829505
2,0.4740127235998503,0.06717445391649138,0.4588128224836583
0,0.43457541290904095,0.05451094941474314,0.510913637676216
0,0.7101562869964847,0.04042602485511101,0.24941768814840468
0,0.9094433485930945,0.016944125301827463,0.0736125261050782
0,0.4371852783131362,0.05498543936312412,0.5078292823237396
2,0.6001400099052946,0.03664872829324942,0.36321126180145585
0,0.9168841537893997,0.015367775876400532,0.06774807033420001
2,0.27532673049344875,0.16636449819530316,0.5583087713112481
0,0.7882818588285163,0.029788775026853738,0.18192936614462984
0,0.8880028726867558,0.022364841654359074,0.08963228565888479
0,0.4244838352955745,0.04905138651537779,0.5264647781890477
0,0.6169394630865541,0.029378025762682995,0.3536825111507628
2,0.7413752364688134,0.03504560143221042,0.2235791620989761
0,0.6078577411950772,0.07608744308991686,0.31605481571500604
0,0.8799391137997183,0.013857369564932739,0.10620351663534883
0,0.4725871033421758,0.054715489553028955,0.47269740710479535
2,0.9206075160483249,0.015158596695283843,0.06423388725639122
0,0.6032712886248074,0.029007606754095885,0.36772110462109675
0,0.5634953229906134,0.07442055111932684,0.3620841258900597
1,0.21490745287573762,0.0717092857544601,0.7133832613698022
0,0.7940448315584735,0.02468492295855759,0.18127024548296866
0,0.9086915715983507,0.017773273218970185,0.0735351551826792
0,0.8698527290050769,0.022313186178328146,0.10783408481659491
0,0.7250985415302724,0.02615587457226844,0.24874558389745913
0,0.9045058793533203,0.018210918185506055,0.07728320246117353
0,0.9200787326156908,0.014451348264460933,0.06546991911984842
2,0.3902152643730237,0.03404694973973118,0.575737785887245
2,0.3130686391197875,0.042547433090485955,0.6443839277897263
0,0.8976082521651293,0.0208711637714952,0.08152058406337519
2,0.7309552091566298,0.059908398878423606,0.20913639196494616
2,0.37864913693658725,0.05201813756132437,0.5693327255020882
0,0.9112926197266997,0.01372294712810503,0.07498443314519503
0,0.9063629054074624,0.017431981344410246,0.076205113248127
2,0.7326251404473108,0.04191308566727369,0.22546177388541552
0,0.7680558025448758,0.03358343282528283,0.19836076462984126
2,0.23744182335697162,0.031329025797939836,0.7312291508450887
0,0.5697724311230308,0.05778504658344402,0.37244252229352504
2,0.23689821680705536,0.041098596136688634,0.7220031870562562
2,0.07825137585494069,0.030694517834907047,0.8910541063101521
2,0.0,0.007542293233082706,0.9924577067669172
2,0.12826787429398487,0.05317480341481413,0.8185573222912006
0,0.9224557113668956,0.014711837312779698,0.06283245132032457
0,0.8993163058883157,0.014945575551901418,0.08573811855978282
1,0.541244238146837,0.06093285966810595,0.3978229021850571
2,0.25459056251782913,0.06989060693027944,0.6755188305518915
0,0.9079659004105942,0.016852175590653072,0.07518192399875256
2,0.6342163298817064,0.042997212729929964,0.32278645738836387
0,0.3937754987826178,0.035579655960047495,0.5706448452573346
0,0.5951498392682075,0.03857160040901639,0.3662785603227764
0,0.828846308704516,0.027991920846692612,0.1431617704487915
0,0.9216656963843464,0.013932920021526608,0.06440138359412706
0,0.7332233162887638,0.024753877410195163,0.24202280630104112
0,0.3975395295544241,0.04148728389728208,0.5609731865482939
2,0.2658496997693804,0.05917256305907096,0.6749777371715485
0,0.9137924740206862,0.016407651902032132,0.06979987407728143
2,0.885166949678955,0.016764569019934474,0.09806848130111033
2,0.09844474598934257,0.049957267315454246,0.851597986695203
0,0.9201455047227874,0.015156211147150673,0.0646982841300619
0,0.9213227943688223,0.015400130300239743,0.06327707533093786
0,0.9156014614960413,0.016592606657025735,0.06780593184693282
0,0.9197532997520603,0.014257439927615224,0.0659892603203244
0,0.8138409170112447,0.025353185118699818,0.1608058978700553
0,0.9006537525273297,0.02053442231108533,0.07881182516158522
0,0.8416805537851636,0.04618751889939616,0.11213192731544017
0,0.9169834272263261,0.01549248365973705,0.06752408911393701
2,0.2914676090318761,0.06929267384104391,0.6392397171270798
0,0.903191401278981,0.015937969922397707,0.08087062879862138
2,0.10341595681717534,0.03731542696284315,0.8592686162199816
0,0.7569225735918446,0.02885619087676174,0.21422123553139347
2,0.12714210962311479,0.024962645202675778,0.8478952451742093
0,0.794340459288637,0.03463916342111931,0.17102037729024377
2,0.008318811869635637,0.01596435108504759,0.9757168370453166
2,0.5017364225012744,0.07106049263529665,0.42720308486342895
0,0.8850117480195555,0.02072290339829111,0.09426534858215287
2,0.26549598558236337,0.04024964059250504,0.6942543738251316
0,0.9196214302099289,0.01461026386750254,0.06576830592256822
0,0.8121937388238437,0.022250738937945245,0.1655555222382108
0,0.8877775841050333,0.024922080741530347,0.08730033515343656
2,0.3228223178284808,0.059283304983078225,0.6178943771884411
0,0.9136086140298123,0.017751623299036727,0.06863976267115106
0,0.5989723566097975,0.04797152613901132,0.3530561172511909
2,0.10217695351186204,0.04867034872621218,0.8491526977619255
2,0.1884694055503439,0.06291454704966956,0.7486160473999866
2,0.28761814875246794,0.08212111250097014,0.6302607387465616
2,0.1465067567171705,0.02824150878063176,0.8252517345021977
2,0.07115921109713481,0.02339498714746383,0.9054458017554013
0,0.6712169966090129,0.0281838071249109,0.30059919626607623
2,0.07999034865605005,0.014407459646283505,0.905602191697666
2,0.3870516575315538,0.07850826318690032,0.5344400792815458
2,0.010354346645287279,0.007624522337449847,0.9820211310172628
2,0.09003521293133726,0.020364160470099577,0.8896006265985632
0,0.7164024199787602,0.04285449387916495,0.24074308614207485
2,0.6279955703111701,0.030709514330286396,0.34129491535854356
0,0.894006256579347,0.02169498137160293,0.08429876204905004
0,0.9010099426724203,0.013100232797763144,0.08588982452981651
0,0.7604017587652714,0.02509175270626029,0.21450648852846826
0,0.8429513865443645,0.030819504083634777,0.12622910937200063
0,0.67100222396637,0.0278515133539516,0.30114626267967837
0,0.9143014381588193,0.01675277752036886,0.06894578432081193
2,0.2308770430345414,0.05893888753501275,0.7101840694304458
2,0.5473989248729108,0.07671680174564398,0.37588427338144526
2,0.8106614775159319,0.02769575902027672,0.1616427634637912
2,0.3907942013355605,0.05119482826855882,0.5580109703958807
2,0.0028613774737218513,0.0010048040802766369,0.9961338184460014
0,0.919854515833984,0.014724295976669662,0.06542118818934627
2,0.20474447118616554,0.053596982794381284,0.7416585460194531
2,0.0045083340432177646,0.008273785382059523,0.9872178805747226
0,0.9175888726168456,0.014766722859503265,0.06764440452365109
0,0.7425782160400144,0.0346040348782657,0.22281774908171986
0,0.7659489094558902,0.027689532792281864,0.20636155775182782
2,0.07830335688465527,0.03752809486675644,0.884168548248588
2,0.1741718338594727,0.03815343527082136,0.7876747308697057
1,0.7729845856522878,0.05393199489089311,0.1730834194568193
0,0.3292716481326167,0.03967636236157525,0.6310519895058081
0,0.7428148297197679,0.02301586951662434,0.2341693007636084
2,0.5681557182588473,0.0336789043121222,0.3981653774290306
0,0.9015620603988296,0.01974449069201344,0.07869344890915701
0,0.5985940788754722,0.08246415277981417,0.31894176834471355
0,0.9137046988255778,0.013970270861928452,0.07232503031249377
0,0.5433027523112127,0.05161316309228575,0.4050840845965017
2,0.14945603325093662,0.0576927237702822,0.7928512429787811
2,0.0233875124500514,0.011309735848759276,0.9653027517011893
2,0.25678160727530136,0.056936662948894635,0.6862817297758043
2,0.8995213068281589,0.019350206865526583,0.08112848630631458
0,0.43127970935007515,0.05152898866610758,0.517191301983817
0,0.7283062104501954,0.04691198857777067,0.2247818009720342
2,0.5880392069284531,0.041299739758788964,0.3706610533127577
0,0.7562601757700654,0.031921998785424954,0.21181782544450986
2,0.7252712964455905,0.027066493964039855,0.24766220959036975
0,0.9155164489942386,0.015899858631302666,0.06858369237445887
0,0.5260148637607475,0.027952460238254984,0.44603267600099755
2,0.3906426329952455,0.06329254695495358,0.5460648200498007
2,0.5602997943146649,0.03705266708064258,0.4026475386046926
0,0.8966198788297594,0.021104720068541315,0.08227540110169945
0,0.4658953207095547,0.04169785700198509,0.4924068222884603
2,0.7200853780250437,0.06886379853161144,0.21105082344334497
1,0.4371397321023109,0.055516137071159086,0.5073441308265298
0,0.7089925301254142,0.016554518264560784,0.2744529516100251
2,0.06782156925054629,0.03514885756473717,0.8970295731847163
0,0.8742451569764165,0.017534748513708658,0.10822009450987471
0,0.3568983922274906,0.058947441817465446,0.5841541659550439
0,0.9022546066172014,0.01682254988729909,0.08092284349549987
2,0.15461429409272912,0.03755795838373915,0.8078277475235319
1,0.34976556581194224,0.06800744800807366,0.5822269861799841
0,0.9164191994269676,0.01487316716162701,0.06870763341140523
2,0.21001532669091974,0.027353420806467812,0.7626312525026127
0,0.9092484924958478,0.01546556931702264,0.07528593818712939
0,0.8416197972223545,0.027702950364165934,0.13067725241347924
0,0.5279692093839163,0.051391026981998114,0.42063976363408556
1,0.5196241569378782,0.0785711494101881,0.4018046936519336
2,0.011761266196095833,0.00447531402516905,0.9837634197787352
2,0.32912107766123777,0.06841296701904007,0.6024659553197221
2,0.36125629836472395,0.05192786835769503,0.5868158332775806
2,0.47301501966400566,0.0687609955494692,0.45822398478652526
2,0.282799380391527,0.08350027979204709,0.6337003398164259
0,0.9141074214235287,0.015866439575400817,0.07002613900107016
2,0.4204340421889638,0.04880259573478275,0.5307633620762534
0,0.397320938674238,0.030998921448117785,0.571680139877644
1,0.21924379115398634,0.04263136964463835,0.7381248392013751
2,0.24263462173305803,0.05782950345420671,0.6995358748127353
0,0.8656152809477236,0.025233323688715233,0.1091513953635612
2,0.07642418170696672,0.0331948721653896,0.8903809461276436
0,0.90045289877177,0.019571489109830545,0.07997561211839933
0,0.6086211402131168,0.0749338277198246,0.3164450320670584
0,0.9103307577483291,0.015962077159440643,0.07370716509223021
2,0.12115377079826199,0.07154434021809405,0.807301888983644
0,0.9128530308029765,0.016539539674724893,0.07060742952229872
2,0.473445396822414,0.048804648540760116,0.4777499546368259
0,0.9144236312002418,0.016900291720402697,0.06867607707935558
0,0.885281462962493,0.024718760273713516,0.08999977676379356
2,0.4041860477486068,0.1056687900313882,0.4901451622200051
2,0.06668276504484102,0.04523957841564765,0.8880776565395114
0,0.5723253189406327,0.05858681548793985,0.3690878655714274
0,0.8781806716558055,0.025430805909288014,0.09638852243490646
0,0.9185381650745584,0.01593332081161065,0.06552851411383095
0,0.9008790474653484,0.01356403444224107,0.08555691809241048
2,0.9100414995672245,0.01659229124215864,0.07336620919061682
0,0.9191880017339061,0.01551093640141609,0.065301061864678
0,0.4670589467754878,0.06020978112648126,0.472731272098031
0,0.6578513545783005,0.08991661763070316,0.25223202779099646
0,0.4845614953179495,0.03779860751547275,0.4776398971665777
1,0.6320663619256727,0.06355210095221821,0.30438153712210925
0,0.9206288894127721,0.015111098687224439,0.06426001190000344
0,0.40839509865747353,0.058947041073792145,0.5326578602687342
0,0.3288032796809258,0.04602970871699308,0.6251670116020812
0,0.9153323087041612,0.015682311716256295,0.06898537957958252
0,0.3459413686633748,0.03544665869313852,0.6186119726434868
0,0.8919332945177101,0.022254830435121716,0.08581187504716833
2,0.4718237361246375,0.03917631297483771,0.4889999509005249
2,0.163275331916929,0.029973294563056124,0.8067513735200142
2,0.8003473642985418,0.0266810167413348,0.17297161896012322
2,0.40131590104698256,0.04453072122054921,0.5541533777324683
2,0.8927172387664719,0.022828430006408062,0.08445433122712011
0,0.9225941809431955,0.014797562512183945,0.06260825654462059
2,0.22988287164263188,0.06331102285132023,0.706806105506048
0,0.5150819311581702,0.062211752822744305,0.4227063160190854
0,0.9199666324124327,0.015250314341233431,0.06478305324633393
0,0.9074499247309905,0.01644381854453144,0.07610625672447824
0,0.887828601987264,0.020361283256211192,0.09181011475652494
2,0.19449197207078175,0.06126576963468069,0.7442422582945375
2,0.7063044863672554,0.052085884916917215,0.24160962871582745
0,0.9197608743359472,0.015138760209528705,0.06510036545452415
1,0.6582122868437137,0.06265515522783217,0.279132557928454
0,0.9150953514418976,0.014585616030676743,0.07031903252742559
0,0.7132723774497316,0.03882858034791811,0.24789904220235043
0,0.9169692239024826,0.015146444330935588,0.0678843317665816
2,0.023916241502452987,0.013271991857503919,0.9628117666400431
0,0.897372888284852,0.02000600357023998,0.08262110814490813
2,0.3107358870123908,0.05811041237044485,0.6311537006171647
2,0.7185939272259038,0.027209365451140183,0.25419670732295613
2,0.3515484049185636,0.08894204856817865,0.5595095465132579
0,0.24744379094101998,0.05080245648079281,0.7017537525781872
2,0.0027807141067178543,0.008163455379889202,0.9890558305133931
2,0.4782965885860959,0.07011522063179404,0.45158819078210993
0,0.9040114639430014,0.019552178166095356,0.07643635789090343
0,0.44873005345122696,0.06220873175061614,0.4890612147981568
0,0.757019521242322,0.029409500201823712,0.21357097855585422
0,0.09525615592682309,0.0226605054289772,0.8820833386441995
0,0.916340745136852,0.014123699880387705,0.06953555498276015
0,0.437647355555655,0.07465039817861496,0.4877022462657298
1,0.30804213210610415,0.06137746891538927,0.6305803989785066
0,0.524976038585969,0.02431007032436522,0.4507138910896658
0,0.7298207345530752,0.030999703733634924,0.23917956171329013
2,0.3539119325077027,0.051879825972608935,0.5942082415196882
0,0.6611657536522488,0.05901828124670562,0.27981596510104517
0,0.9010607443511187,0.016994427496195758,0.0819448281526856
0,0.9205501662278536,0.014545120721224788,0.06490471305092173
2,0.9187289122864564,0.016082849379719176,0.06518823833382438
0,0.9222039512765302,0.013198698238031015,0.06459735048543877
2,0.3937578540709721,0.04770875023294888,0.5585333956960791
2,0.6482064943876541,0.05370522562848462,0.29808827998386134
2,0.15471106682841634,0.05697546910512962,0.7883134640664542
2,0.07513012904959128,0.02955846866421472,0.8953114022861942
0,0.8850665104209207,0.01976839840117556,0.09516509117790367
0,0.911911510589516,0.01524412866336711,0.07284436074711696
2,0.0028322283583763173,0.0021877544094078736,0.994980017232216
2,0.3877899952575549,0.0785461731517956,0.5336638315906496
0,0.8104229083097773,0.02325714647266297,0.16631994521755963
0,0.9165254563024665,0.015394725400568856,0.06807981829696466
0,0.809910690791662,0.03724458208536028,0.15284472712297772
0,0.40145440589791653,0.06655409653021241,0.5319914975718713
0,0.7591600182325614,0.04700291231459422,0.19383706945284448
0,0.8339005596016755,0.024432656438858065,0.14166678395946636
0,0.9182635825175489,0.015751507305987553,0.06598491017646345
0,0.8429968108439996,0.01979293716850282,0.13721025198749764
1,0.5159655397381849,0.1624900641680995,0.32154439609371555
0,0.34543012221846625,0.05869195881615497,0.5958779189653789
0,0.7838898554579321,0.08965410005339315,0.12645604448867473
0,0.8559173325548302,0.031018866471873352,0.11306380097329657
2,0.036860867461421615,0.04508371045689707,0.9180554220816813
2,0.5944976695192378,0.06520297149332122,0.340299358987441
0,0.6462647488317161,0.04756703270109877,0.306168218467185
0,0.914364725033683,0.014063526696447582,0.07157174826986942
2,0.5864413770298872,0.04052952771778194,0.3730290952523309
0,0.9120470622278795,0.014883620981383816,0.0730693167907365
2,0.0,0.0004162330905306972,0.9995837669094694
0,0.9214155929912715,0.01316282882588287,0.06542157818284573
2,0.7793415518266755,0.028234928994117503,0.19242351917920678
0,0.538113928662736,0.06535785100007414,0.3965282203371897
0,0.3714035835721836,0.044771386742280136,0.5838250296855365
2,0.0028311806486725007,0.0012356377386910059,0.9959331816126364
0,0.9164113884537063,0.016274422100211336,0.06731418944608226
0,0.9003707768734586,0.016676744327149905,0.08295247879939152
0,0.8702401689988882,0.020415480524474807,0.109344350476637
2,0.2495823313183242,0.07280497618636451,0.6776126924953113
0,0.6837321650951165,0.030499232524507692,0.2857686023803757
2,0.23387155637301235,0.059685246137563,0.7064431974894246
0,0.7769264007604114,0.024885634361011724,0.1981879648785768
0,0.9150941925493186,0.015999418253140427,0.0689063891975407
